3.194968379756003742e+03 5.553669306060852323e-02 5.339660000000000517e-01
9.830510662839695215e+03 6.523216424015840231e-02 1.347299999999999942e+00
2.255165323823975268e+04 1.154958070248936763e-01 2.674609999999999932e+00
2.283273094631897766e+04 1.159965248412004879e-01 2.731700000000000017e+00
2.594281612194049376e+04 1.087178487417088113e-01 2.999960000000000182e+00
2.715695662309543695e+04 1.200112444868194073e-01 3.074479999999999880e+00
2.912513315682717075e+04 1.232014245225774018e-01 3.309860000000000024e+00
3.268868779261066447e+04 1.278491680288869337e-01 3.648140000000000160e+00
3.443843052220692334e+04 1.298250821035957792e-01 3.811420000000000030e+00
4.194143850787428528e+04 1.473355052974598123e-01 4.449480000000000324e+00
6.004419545493531041e+04 1.625447005712454263e-01 6.154639999999999667e+00
6.237339957075850543e+04 1.739938374647793662e-01 6.185880000000000045e+00
