3.166277924222765250e+03 6.234918289078109077e-02 5.362419999999999964e-01
5.536812208900481892e+03 1.360911870386467271e-01 8.536270000000000246e-01
6.059362258355152335e+03 1.323464075063123524e-01 9.152090000000000503e-01
6.258897754170575354e+03 5.647112284855923536e-02 9.346480000000000343e-01
7.826062723433917199e+03 6.778861393229469734e-02 1.123490000000000100e+00
1.083701629969768146e+04 1.134676224436703407e-01 1.435650000000000093e+00
1.091220874871335582e+04 1.132898424188577696e-01 1.463570000000000038e+00
1.317807593124088271e+04 1.108989088334307177e-01 1.700720000000000010e+00
1.499867424666657462e+04 1.105715095723331931e-01 1.913990000000000080e+00
1.797030090948420184e+04 1.111625946454032621e-01 2.184880000000000155e+00
1.778734103197035074e+04 1.116623155408105750e-01 2.185000000000000053e+00
1.777316683054970053e+04 8.802050684685201742e-02 2.185049999999999937e+00
1.772729156679090011e+04 1.137420449999503591e-01 2.216340000000000199e+00
2.097801866154721210e+04 9.610539520649592771e-02 2.470920000000000005e+00
2.100362486058974173e+04 9.524612617600217157e-02 2.470979999999999954e+00
2.100990079396375222e+04 9.579899318373691353e-02 2.471569999999999823e+00
2.181412523146743115e+04 1.141031269888182209e-01 2.573980000000000157e+00
2.299547970431238355e+04 1.008840535029109364e-01 2.676969999999999850e+00
2.472831753595999544e+04 1.168157578487948184e-01 2.823360000000000092e+00
2.731502846258426143e+04 1.209013589770298325e-01 3.124429999999999819e+00
2.885156318775759428e+04 1.220339900359083130e-01 3.246490000000000098e+00
3.247739034672158232e+04 1.970369340166113759e-01 3.618090000000000028e+00
3.370655440989517228e+04 1.288075537072782273e-01 3.745340000000000114e+00
3.545674623591722775e+04 1.312109301577080167e-01 3.872759999999999980e+00
3.961676149033870024e+04 1.344443179258473509e-01 4.155499999999999972e+00
3.965902040308064170e+04 1.366212423388916131e-01 4.308139999999999858e+00
4.044305541590086068e+04 1.404993648407592000e-01 4.308150000000000368e+00
3.838615836228271655e+04 1.366446694609806944e-01 4.308460000000000178e+00
4.166980809338937252e+04 1.500214776149835227e-01 4.460709999999999731e+00
4.161226128061870986e+04 1.416643429839948010e-01 4.460720000000000240e+00
4.537370596040537930e+04 1.437167752698968459e-01 4.806820000000000093e+00
5.013864665641594911e+04 1.506858672447363712e-01 5.186670000000000336e+00
