# File generated by CMD 3.6 (http://stev.oapd.inaf.it/cmd) on Thu Apr 21 17:51:35 CEST 2022
# isochrones based on PARSEC release v1.2S +  COLIBRI S_37 + S_35 + PR16
# Basic references: Bressan et al. (2012), MNRAS, 427, 127 + Chen et al. (2014, 2015), MNRAS, 444, 2525 + MNRAS, 452, 1068 + Tang et al. (2014), MNRAS, 445, 4287 + Marigo et al. (2017), ApJ, 835, 77 + Pastorelli al. (2019), MNRAS, 485, 5666 + Pastorelli al. (2020), MNRAS, in press
# Thermal pulse cycles included 
# On RGB, assumed Reimers mass loss with efficiency eta=0.2
# LPV periods and growth rates added cf. Trabucchi et al. (2019)
# but fundamental-mode LPV periods are from Trabucchi et al. (2021)
# Photometric system: DECAM (ABmags)
# Using YBC version of bolometric corrections as in Chen et al. (2019)
# O-rich circumstellar dpmod60alox40 dust from Groenewegen (2006)
# C-rich circumstellar AMCSIC15 dust from Groenewegen (2006)
# IMF: Kroupa (2001, 2002) + Kroupa et al. (2013) canonical two-part-power law IMF corrected for unresolved binaries 
# Kind of output: isochrone tables
# Zini     MH   logAge Mini        int_IMF         Mass   logL    logTe  logg  label   McoreTP C_O  period0  period1  period2  period3  period4  pmode  Mloss  tau1m   X   Y   Xc  Xn  Xo  Cexcess  Z 	 mbolmag  umag    gmag    rmag    imag    zmag    Ymag
0.0001 -2.19174 9.90309 0.1000000015 1.1711064577    0.100 -2.784  3.5581  5.407    1  0.000  0.545     0.00     0.00     0.00     0.00     0.00 -1 -1.29e-16      0.00 7.472e-01 2.527e-01 1.798e-05 4.851e-06 4.400e-05 -1.000 1.000e-04 11.731 15.937 13.665 12.108 11.461 11.163 11.065
0.0001 -2.19174 9.90309 0.1098214313 1.2482755184    0.109 -2.636  3.5735  5.358    1  0.000  0.545     0.00     0.00     0.00     0.00     0.00 -1 -1.84e-16      0.00 7.460e-01 2.539e-01 1.798e-05 4.851e-06 4.400e-05 -1.000 1.000e-04 11.359 15.204 13.082 11.645 11.097 10.823 10.729
0.0001 -2.19174 9.90309 0.1294642836 1.3786746264    0.129 -2.396  3.5960  5.280    1  0.000  0.545     0.00     0.00     0.00     0.00     0.00 -1 -3.22e-16      0.00 7.439e-01 2.560e-01 1.798e-05 4.851e-06 4.400e-05 -1.000 1.000e-04 10.759 14.083 12.203 10.959 10.500 10.259 10.175
0.0001 -2.19174 9.90309 0.1491071582 1.4855960608    0.149 -2.236  3.6074  5.228    1  0.000  0.545     0.00     0.00     0.00     0.00     0.00 -1  -4.6e-16      0.00 7.425e-01 2.574e-01 1.798e-05 4.851e-06 4.400e-05 -1.000 1.000e-04 10.360 13.445 11.680 10.526 10.099 9.876 9.797
0.0001 -2.19174 9.90309 0.1687500030 1.5756140947    0.168 -2.112  3.6147  5.186    1  0.000  0.545     0.00     0.00     0.00     0.00     0.00 -1 -6.05e-16      0.00 7.417e-01 2.582e-01 1.798e-05 4.851e-06 4.400e-05 -1.000 1.000e-04 10.049 12.987 11.293 10.195 9.787 9.574 9.500
0.0001 -2.19174 9.90309 0.2080357224 1.7204496861    0.207 -1.908  3.6258  5.118    1  0.000  0.545     0.00     0.00     0.00     0.00     0.00 -1 -9.42e-16      0.00 7.410e-01 2.589e-01 1.798e-05 4.851e-06 4.400e-05 -1.000 9.993e-05 9.540 12.266 10.675 9.655 9.275 9.077 9.009
0.0001 -2.19174 9.90309 0.2571428716 1.8581268787    0.257 -1.716  3.6359  5.059    1  0.000  0.545     0.00     0.00     0.00     0.00     0.00 -1 -1.41e-15      0.00 7.411e-01 2.588e-01 1.798e-05 4.852e-06 4.400e-05 -1.000 1.000e-04 9.060 11.606 10.103 9.148 8.792 8.609 8.546
0.0001 -2.19174 9.90309 0.3062500358 1.9652637243    0.306 -1.567  3.6442  5.019    1  0.000  0.545     0.00     0.00     0.00     0.00     0.00 -1  -1.9e-15      0.00 7.412e-01 2.587e-01 1.797e-05 4.852e-06 4.400e-05 -1.000 9.996e-05 8.689 11.094 9.660 8.755 8.417 8.246 8.188
0.0001 -2.19174 9.90309 0.3553571403 2.0521113873    0.355 -1.444  3.6519  4.992    1  0.000  0.544     0.00     0.00     0.00     0.00     0.00 -1 -2.43e-15      0.00 7.422e-01 2.577e-01 1.797e-05 4.852e-06 4.400e-05 -1.000 1.001e-04 8.380 10.660 9.290 8.427 8.106 7.945 7.892
0.0001 -2.19174 9.90309 0.4044643044 2.1246092319    0.404 -1.328  3.6600  4.965    1  0.000  0.545     0.00     0.00     0.00     0.00     0.00 -1 -3.06e-15      0.00 7.503e-01 2.496e-01 1.798e-05 4.851e-06 4.400e-05 -1.000 9.994e-05 8.091 10.243 8.940 8.120 7.816 7.666 7.617
0.0001 -2.19174 9.90309 0.4058484435 2.1264846325    0.405 -1.324  3.6604  4.964    1  0.000  0.545     0.00     0.00     0.00     0.00     0.00 -1 -3.08e-15      0.00 7.503e-01 2.496e-01 1.798e-05 4.851e-06 4.400e-05 -1.000 9.994e-05 8.081 10.226 8.926 8.109 7.805 7.656 7.607
0.0001 -2.19174 9.90309 0.4535714388 2.1864814758    0.453 -1.188  3.6726  4.924    1  0.000  0.545     0.00     0.00     0.00     0.00     0.00 -1 -4.18e-15      0.00 7.508e-01 2.491e-01 1.798e-05 4.851e-06 4.400e-05 -1.000 9.999e-05 7.740 9.697 8.501 7.744 7.466 7.332 7.290
0.0001 -2.19174 9.90309 0.5026785731 2.2401986122    0.503 -1.033  3.6864  4.869    1  0.000  0.545     0.00     0.00     0.00     0.00     0.00 -1 -6.04e-15      0.00 7.520e-01 2.479e-01 1.790e-05 4.829e-06 4.380e-05 -1.000 1.000e-04 7.352 9.110 8.026 7.335 7.084 6.968 6.933
0.0001 -2.19174 9.90309 0.5517857671 2.2851314545    0.551 -0.851  3.7041  4.799    1  0.000  0.545     0.00     0.00     0.00     0.00     0.00 -1  -9.5e-15      0.00 7.736e-01 2.263e-01 1.643e-05 4.435e-06 4.024e-05 -1.000 9.775e-05 6.897 8.423 7.475 6.862 6.644 6.550 6.524
0.0001 -2.19174 9.90309 0.6008928418 2.3217256069    0.601 -0.665  3.7262  4.739    1  0.000  0.544     0.00     0.00     0.00     0.00     0.00 -1  -1.5e-14      0.00 7.822e-01 2.177e-01 1.587e-05 4.285e-06 3.889e-05 -1.000 6.035e-05 6.433 7.710 6.910 6.388 6.210 6.141 6.125
0.0001 -2.19174 9.90309 0.6081272364 2.3265452385    0.608 -0.637  3.7300  4.731    1  0.000  0.544     0.00     0.00     0.00     0.00     0.00 -1  -1.6e-14      0.00 7.838e-01 2.161e-01 1.576e-05 4.258e-06 3.864e-05 -1.000 1.000e-04 6.362 7.600 6.824 6.316 6.145 6.080 6.066
0.0001 -2.19174 9.90309 0.6245759130 2.3370275497    0.624 -0.572  3.7386  4.712    1  0.000  0.544     0.00     0.00     0.00     0.00     0.00 -1 -1.87e-14      0.00 7.877e-01 2.122e-01 1.552e-05 4.191e-06 3.804e-05 -1.000 1.000e-04 6.201 7.361 6.632 6.156 5.998 5.943 5.933
0.0001 -2.19174 9.90309 0.6395066977 2.3460073471    0.639 -0.514  3.7463  4.695    1  0.000  0.544     0.00     0.00     0.00     0.00     0.00 -1 -2.16e-14      0.00 7.915e-01 2.084e-01 1.527e-05 4.126e-06 3.746e-05 -1.000 1.000e-04 6.056 7.150 6.460 6.014 5.869 5.823 5.816
0.0001 -2.19174 9.90309 0.6499999762 2.3520355225    0.650 -0.473  3.7518  4.683    1  0.000  0.544     0.00     0.00     0.00     0.00     0.00 -1 -2.38e-14      0.00 7.943e-01 2.057e-01 1.509e-05 4.078e-06 3.703e-05 -1.000 1.477e-05 5.953 7.004 6.340 5.915 5.780 5.739 5.735
0.0001 -2.19174 9.90309 0.6527919769 2.3536019325    0.653 -0.462  3.7532  4.680    1  0.000  0.543     0.00     0.00     0.00     0.00     0.00 -1 -2.45e-14      0.00 7.953e-01 2.047e-01 1.503e-05 4.062e-06 3.688e-05 -1.000 5.782e-06 5.926 6.966 6.308 5.888 5.756 5.717 5.713
0.0001 -2.19174 9.90309 0.6705458760 2.3632123470    0.670 -0.392  3.7622  4.657    1  0.000  0.543     0.00     0.00     0.00     0.00     0.00 -1 -2.91e-14      0.00 8.014e-01 1.985e-01 1.464e-05 3.956e-06 3.594e-05 -1.000 9.999e-05 5.751 6.726 6.108 5.721 5.604 5.574 5.574
0.0001 -2.19174 9.90309 0.6862142682 2.3712205887    0.686 -0.330  3.7700  4.637    1  0.000  0.543     0.00     0.00     0.00     0.00     0.00 -1  -3.4e-14      0.00 8.073e-01 1.926e-01 1.425e-05 3.854e-06 3.501e-05 -1.000 7.318e-05 5.596 6.522 5.933 5.575 5.470 5.448 5.451
0.0001 -2.19174 9.90309 0.6999999881 2.3779268265    0.700 -0.275  3.7767  4.617    1  0.000  0.542     0.00     0.00     0.00     0.00     0.00 -1  -3.9e-14      0.00 8.131e-01 1.868e-01 1.388e-05 3.755e-06 3.413e-05 -1.000 9.996e-05 5.459 6.348 5.782 5.446 5.350 5.335 5.340
0.0001 -2.19174 9.90309 0.7145922780 2.3847022057    0.714 -0.217  3.7834  4.594    1  0.000  0.540     0.00     0.00     0.00     0.00     0.00 -1 -4.54e-14      0.00 8.207e-01 1.792e-01 1.336e-05 3.629e-06 3.302e-05 -1.000 1.000e-04 5.312 6.166 5.620 5.307 5.223 5.214 5.221
0.0001 -2.19174 9.90309 0.7304120660 2.3916966915    0.730 -0.152  3.7903  4.567    1  0.000  0.537     0.00     0.00     0.00     0.00     0.00 -1 -5.38e-14      0.00 8.289e-01 1.711e-01 1.283e-05 3.500e-06 3.188e-05 -1.000 3.836e-05 5.150 5.971 5.443 5.155 5.082 5.079 5.089
0.0001 -2.19174 9.90309 0.7449926138 2.3978419304    0.745 -0.091  3.7965  4.539    1  0.000  0.533     0.00     0.00     0.00     0.00     0.00 -1 -6.33e-14      0.00 8.360e-01 1.639e-01 1.238e-05 3.393e-06 3.094e-05 -1.000 6.267e-05 4.998 5.792 5.277 5.010 4.947 4.951 4.963
0.0001 -2.19174 9.90309 0.7500000000 2.3998889923    0.750 -0.070  3.7986  4.529    1  0.000  0.532     0.00     0.00     0.00     0.00     0.00 -1  -6.7e-14      0.00 8.384e-01 1.615e-01 1.224e-05 3.360e-06 3.064e-05 -1.000 9.158e-05 4.945 5.730 5.220 4.960 4.900 4.906 4.919
0.0001 -2.19174 9.90309 0.7589957714 2.4034888744    0.759 -0.031  3.8025  4.511    1  0.000  0.532     0.00     0.00     0.00     0.00     0.00 -1 -7.43e-14      0.00 8.390e-01 1.610e-01 1.227e-05 3.370e-06 3.075e-05 -1.000 1.186e-05 4.849 5.619 5.115 4.868 4.814 4.824 4.838
0.0001 -2.19174 9.90309 0.7725012898 2.4087126255    0.772  0.028  3.8082  4.482    1  0.000  0.531     0.00     0.00     0.00     0.00     0.00 -1 -8.72e-14      0.00 8.398e-01 1.602e-01 1.233e-05 3.389e-06 3.094e-05 -1.000 -2.980e-08 4.700 5.450 4.953 4.726 4.681 4.697 4.712
0.0001 -2.19174 9.90309 0.7849732041 2.4133534431    0.784  0.085  3.8135  4.453    1  0.000  0.531     0.00     0.00     0.00     0.00     0.00 -1 -1.02e-13      0.00 8.403e-01 1.596e-01 1.239e-05 3.407e-06 3.112e-05 -1.000 8.154e-05 4.557 5.289 4.797 4.588 4.552 4.572 4.589
0.0001 -2.19174 9.90309 0.7963588834 2.4174444675    0.796  0.140  3.8183  4.424    1  0.000  0.530     0.00     0.00     0.00     0.00     0.00 -1 -1.19e-13      0.00 8.407e-01 1.592e-01 1.245e-05 3.425e-06 3.130e-05 -1.000 9.294e-05 4.420 5.137 4.648 4.454 4.425 4.451 4.469
0.0001 -2.19174 9.90309 0.8000000119 2.4187245369    0.799  0.158  3.8198  4.414    1  0.000  0.530     0.00     0.00     0.00     0.00     0.00 -1 -1.25e-13      0.00 8.409e-01 1.590e-01 1.247e-05 3.431e-06 3.136e-05 -1.000 9.996e-05 4.375 5.088 4.600 4.410 4.384 4.411 4.430
0.0001 -2.19174 9.90309 0.8005137444 2.4189040661    0.800  0.160  3.8200  4.413    1  0.000  0.530     0.00     0.00     0.00     0.00     0.00 -1 -1.26e-13      0.00 8.409e-01 1.590e-01 1.247e-05 3.431e-06 3.136e-05 -1.000 9.917e-05 4.369 5.081 4.593 4.404 4.378 4.406 4.425
0.0001 -2.19174 9.90309 0.8107355237 2.4224219322    0.810  0.213  3.8247  4.384    1  0.000  0.530     0.00     0.00     0.00     0.00     0.00 -1 -1.46e-13      0.00 8.408e-01 1.591e-01 1.249e-05 3.436e-06 3.140e-05 -1.000 8.078e-05 4.237 4.935 4.449 4.275 4.256 4.288 4.309
0.0001 -2.19174 9.90309 0.8201466799 2.4255716801    0.819  0.265  3.8291  4.355    1  0.000  0.530     0.00     0.00     0.00     0.00     0.00 -1 -1.69e-13      0.00 8.407e-01 1.592e-01 1.250e-05 3.442e-06 3.146e-05 -1.000 9.090e-05 4.107 4.792 4.307 4.147 4.136 4.172 4.194
0.0001 -2.19174 9.90309 0.8291936517 2.4285223484    0.828  0.319  3.8335  4.323    1  0.000  0.530     0.00     0.00     0.00     0.00     0.00 -1 -1.97e-13      0.00 8.404e-01 1.595e-01 1.253e-05 3.450e-06 3.153e-05 -1.000 1.000e-04 3.974 4.647 4.162 4.016 4.013 4.053 4.075
0.0001 -2.19174 9.90309 0.8369805813 2.4310033321    0.836  0.368  3.8371  4.293    1  0.000  0.530     0.00     0.00     0.00     0.00     0.00 -1 -2.27e-13      0.00 8.401e-01 1.598e-01 1.256e-05 3.457e-06 3.160e-05 -1.000 8.138e-05 3.850 4.513 4.028 3.894 3.897 3.940 3.964
0.0001 -2.19174 9.90309 0.8445076942 2.4333515167    0.843  0.419  3.8406  4.260    1  0.000  0.530     0.00     0.00     0.00     0.00     0.00 -1 -2.64e-13      0.00 8.398e-01 1.602e-01 1.259e-05 3.465e-06 3.167e-05 -1.000 6.072e-05 3.723 4.376 3.890 3.768 3.777 3.824 3.848
0.0001 -2.19174 9.90309 0.8500000238 2.4350347519    0.849  0.457  3.8431  4.234    1  0.000  0.530     0.00     0.00     0.00     0.00     0.00 -1 -2.96e-13      0.00 8.395e-01 1.605e-01 1.261e-05 3.471e-06 3.173e-05 -1.000 5.011e-05 3.627 4.273 3.786 3.672 3.686 3.735 3.760
0.0001 -2.19174 9.90309 0.8500191569 2.4350407124    0.849  0.457  3.8431  4.234    1  0.000  0.530     0.00     0.00     0.00     0.00     0.00 -1 -2.96e-13      0.00 8.395e-01 1.605e-01 1.261e-05 3.471e-06 3.173e-05 -1.000 5.013e-05 3.626 4.273 3.786 3.672 3.686 3.735 3.759
0.0001 -2.19174 9.90309 0.8587656617 2.4376699924    0.857  0.522  3.8473  4.190    1  0.000  0.530     0.00     0.00     0.00     0.00     0.00 -1 -3.59e-13      0.00 8.389e-01 1.610e-01 1.264e-05 3.479e-06 3.180e-05 -1.000 8.428e-05 3.464 4.099 3.610 3.511 3.533 3.585 3.611
0.0001 -2.19174 9.90309 0.8666877747 2.4399991035    0.865  0.587  3.8503  4.141    1  0.000  0.530     0.00     0.00     0.00     0.00     0.00 -1  -4.4e-13      0.00 8.373e-01 1.626e-01 1.273e-05 3.503e-06 3.202e-05 -1.000 6.595e-05 3.302 3.927 3.436 3.349 3.376 3.431 3.457
0.0001 -2.19174 9.90309 0.8687046170 2.4405841827    0.867  0.605  3.8509  4.126    1  0.000  0.530     0.00     0.00     0.00     0.00     0.00 -1 -4.67e-13      0.00 8.368e-01 1.631e-01 1.276e-05 3.511e-06 3.209e-05 -1.000 6.193e-05 3.257 3.881 3.389 3.304 3.333 3.388 3.414
0.0001 -2.19174 9.90309 0.8695191741 2.4408197403    0.868  0.613  3.8509  4.119    1  0.000  0.530     0.00     0.00     0.00     0.00     0.00 -1 -4.81e-13      0.00 8.366e-01 1.633e-01 1.277e-05 3.514e-06 3.212e-05 -1.000 6.026e-05 3.238 3.861 3.369 3.285 3.314 3.369 3.395
0.0001 -2.19174 9.90309 0.8741236329 2.4421410561    0.872  0.660  3.8503  4.072    1  0.000  0.530     0.00     0.00     0.00     0.00     0.00 -1 -5.61e-13      0.00 8.355e-01 1.645e-01 1.284e-05 3.532e-06 3.228e-05 -1.000 5.102e-05 3.120 3.742 3.249 3.164 3.193 3.248 3.273
0.0001 -2.19174 9.90309 0.8785535693 2.4433972836    0.877  0.712  3.8467  4.008    1  0.000  0.530     0.00     0.00     0.00     0.00     0.00 -1 -6.79e-13      0.00 8.344e-01 1.656e-01 1.290e-05 3.550e-06 3.243e-05 -1.000 4.219e-05 2.990 3.617 3.123 3.030 3.054 3.105 3.130
0.0001 -2.19174 9.90309 0.8793414831 2.4436192513    0.877  0.722  3.8456  3.994    1  0.000  0.530     0.00     0.00     0.00     0.00     0.00 -1 -7.09e-13      0.00 8.342e-01 1.658e-01 1.291e-05 3.553e-06 3.246e-05 -1.000 4.059e-05 2.965 3.594 3.099 3.003 3.026 3.076 3.100
0.0001 -2.19174 9.90309 0.8800811172 2.4438271523    0.878  0.732  3.8441  3.978    2  0.000  0.530     0.00     0.00     0.00     0.00     0.00 -1  -7.4e-13      0.00 8.340e-01 1.660e-01 1.292e-05 3.556e-06 3.248e-05 -1.000 3.909e-05 2.940 3.571 3.076 2.976 2.997 3.045 3.069
0.0001 -2.19174 9.90309 0.8825608492 2.4445211887    0.881  0.769  3.8368  3.913    2  0.000  0.531     0.00     0.00     0.00     0.00     0.00 -1 -8.63e-13      0.00 8.334e-01 1.666e-01 1.296e-05 3.566e-06 3.257e-05 -1.000 3.420e-05 2.847 3.493 2.997 2.877 2.885 2.927 2.950
0.0001 -2.19174 9.90309 0.8844460845 2.4450459480    0.882  0.802  3.8273  3.843    2  0.000  0.531     0.00     0.00     0.00     0.00     0.00 -1 -1.01e-12      0.00 8.329e-01 1.671e-01 1.299e-05 3.573e-06 3.264e-05 -1.000 3.053e-05 2.765 3.433 2.934 2.786 2.780 2.813 2.833
0.0001 -2.19174 9.90309 0.8855771422 2.4453594685    0.883  0.825  3.8192  3.788    2  0.000  0.531     0.00     0.00     0.00     0.00     0.00 -1 -1.13e-12      0.00 8.326e-01 1.673e-01 1.300e-05 3.577e-06 3.268e-05 -1.000 2.824e-05 2.708 3.399 2.895 2.723 2.705 2.730 2.748
0.0001 -2.19174 9.90309 0.8865250945 2.4456217289    0.884  0.846  3.8106  3.733    2  0.000  0.531     0.00     0.00     0.00     0.00     0.00 -1 -1.27e-12      0.00 8.324e-01 1.676e-01 1.302e-05 3.581e-06 3.271e-05 -1.000 2.640e-05 2.655 3.372 2.862 2.664 2.632 2.649 2.664
0.0001 -2.19174 9.90309 0.8873102069 2.4458382130    0.885  0.866  3.8013  3.676    2  0.000  0.531     0.00     0.00     0.00     0.00     0.00 -1 -1.41e-12      0.00 8.322e-01 1.678e-01 1.303e-05 3.584e-06 3.274e-05 -1.000 2.486e-05 2.605 3.356 2.836 2.608 2.560 2.569 2.581
0.0001 -2.19174 9.90309 0.8879593015 2.4460170269    0.886  0.883  3.7925  3.624    2  0.000  0.531     0.00     0.00     0.00     0.00     0.00 -1 -1.56e-12      0.00 8.320e-01 1.679e-01 1.304e-05 3.587e-06 3.276e-05 -1.000 2.357e-05 2.562 3.349 2.815 2.559 2.497 2.497 2.506
0.0001 -2.19174 9.90309 0.8885368705 2.4461758137    0.886  0.899  3.7838  3.573    2  0.000  0.531     0.00     0.00     0.00     0.00     0.00 -1 -1.72e-12      0.00 8.302e-01 1.698e-01 1.314e-05 3.614e-06 3.301e-05 -1.000 1.885e-05 2.521 3.346 2.799 2.513 2.438 2.430 2.435
0.0001 -2.19174 9.90309 0.8892419338 2.4463691711    0.887  0.919  3.7727  3.510    2  0.000  0.532     0.00     0.00     0.00     0.00     0.00 -1 -1.93e-12      0.00 8.208e-01 1.792e-01 1.368e-05 3.759e-06 3.431e-05 -1.000 7.039e-05 2.472 3.351 2.780 2.459 2.366 2.346 2.348
0.0001 -2.19174 9.90309 0.8899266720 2.4465568066    0.888  0.939  3.7629  3.451    2  0.000  0.535     0.00     0.00     0.00     0.00     0.00 -1 -2.17e-12      0.00 7.942e-01 2.057e-01 1.519e-05 4.160e-06 3.789e-05 -1.000 9.997e-05 2.423 3.355 2.759 2.404 2.296 2.267 2.265
0.0001 -2.19174 9.90309 0.8906413913 2.4467523098    0.888  0.969  3.7544  3.387    2  0.000  0.536     0.00     0.00     0.00     0.00     0.00 -1  -2.5e-12      0.00 7.775e-01 2.224e-01 1.615e-05 4.419e-06 4.019e-05 -1.000 9.993e-05 2.347 3.331 2.709 2.325 2.203 2.165 2.159
0.0001 -2.19174 9.90309 0.8912075758 2.4469068050    0.889  1.003  3.7490  3.331    2  0.000  0.536     0.00     0.00     0.00     0.00     0.00 -1 -2.88e-12      0.00 7.704e-01 2.295e-01 1.656e-05 4.529e-06 4.117e-05 -1.000 1.000e-04 2.262 3.281 2.641 2.238 2.107 2.064 2.056
0.0001 -2.19174 9.90309 0.8915953040 2.4470126629    0.889  1.031  3.7459  3.292    2  0.000  0.537     0.00     0.00     0.00     0.00     0.00 -1 -3.21e-12      0.00 7.674e-01 2.325e-01 1.674e-05 4.575e-06 4.159e-05 -1.000 1.000e-04 2.192 3.233 2.582 2.169 2.033 1.986 1.977
0.0001 -2.19174 9.90309 0.8916835189 2.4470367432    0.889  1.039  3.7454  3.282    2  0.000  0.537     0.00     0.00     0.00     0.00     0.00 -1 -3.31e-12      0.00 7.670e-01 2.329e-01 1.676e-05 4.582e-06 4.165e-05 -1.000 8.377e-05 2.174 3.218 2.565 2.150 2.013 1.965 1.956
0.0001 -2.19174 9.90309 0.8921683431 2.4471685886    0.890  1.081  3.7426  3.229    3  0.000  0.537     0.00     0.00     0.00     0.00     0.00 -1 -3.87e-12      0.00 7.646e-01 2.353e-01 1.688e-05 4.614e-06 4.194e-05 -1.000 1.000e-04 2.068 3.132 2.469 2.044 1.903 1.852 1.841
0.0001 -2.19174 9.90309 0.8927041888 2.4473145008    0.890  1.131  3.7399  3.168    3  0.000  0.537     0.00     0.00     0.00     0.00     0.00 -1 -4.64e-12      0.00 7.623e-01 2.376e-01 1.699e-05 4.642e-06 4.218e-05 -1.000 1.000e-04 1.943 3.025 2.353 1.919 1.773 1.719 1.707
0.0001 -2.19174 9.90309 0.8931566477 2.4474372864    0.890  1.176  3.7379  3.115    3  0.000  0.537     0.00     0.00     0.00     0.00     0.00 -1 -5.48e-12      0.00 7.606e-01 2.393e-01 1.705e-05 4.660e-06 4.234e-05 -1.000 1.000e-04 1.830 2.927 2.246 1.806 1.657 1.601 1.588
0.0001 -2.19174 9.90309 0.8935924768 2.4475555420    0.891  1.223  3.7361  3.062    3  0.000  0.537     0.00     0.00     0.00     0.00     0.00 -1 -6.48e-12      0.00 7.590e-01 2.409e-01 1.710e-05 4.674e-06 4.247e-05 -1.000 9.999e-05 1.714 2.825 2.137 1.691 1.539 1.481 1.467
0.0001 -2.19174 9.90309 0.8939983845 2.4476654530    0.891  1.268  3.7344  3.009    3  0.000  0.537     0.00     0.00     0.00     0.00     0.00 -1 -7.64e-12      0.00 7.575e-01 2.424e-01 1.713e-05 4.687e-06 4.257e-05 -1.000 9.993e-05 1.599 2.723 2.028 1.577 1.423 1.363 1.348
0.0001 -2.19174 9.90309 0.8943809271 2.4477691650    0.891  1.314  3.7329  2.957    3  0.000  0.536     0.00     0.00     0.00     0.00     0.00 -1 -9.02e-12      0.00 7.561e-01 2.438e-01 1.714e-05 4.702e-06 4.265e-05 -1.000 9.999e-05 1.484 2.619 1.918 1.463 1.306 1.244 1.229
0.0001 -2.19174 9.90309 0.8947638273 2.4478726387    0.892  1.363  3.7312  2.902    3  0.000  0.534     0.00     0.00     0.00     0.00     0.00 -1 -1.08e-11      0.00 7.546e-01 2.453e-01 1.712e-05 4.727e-06 4.272e-05 -1.000 9.996e-05 1.362 2.508 1.801 1.340 1.181 1.117 1.101
0.0001 -2.19174 9.90309 0.8950947523 2.4479620457    0.892  1.409  3.7297  2.850    3  0.000  0.532     0.00     0.00     0.00     0.00     0.00 -1 -1.27e-11      0.00 7.534e-01 2.465e-01 1.705e-05 4.773e-06 4.278e-05 -1.000 1.001e-04 1.247 2.405 1.692 1.227 1.065 0.999 0.982
0.0001 -2.19174 9.90309 0.8954203725 2.4480500221    0.892  1.458  3.7281  2.795    3  0.000  0.527     0.00     0.00     0.00     0.00     0.00 -1 -1.51e-11      0.00 7.521e-01 2.478e-01 1.694e-05 4.868e-06 4.282e-05 -1.000 1.000e-04 1.126 2.296 1.576 1.106 0.941 0.874 0.857
0.0001 -2.19174 9.90309 0.8957159519 2.4481296539    0.892  1.505  3.7266  2.742    3  0.000  0.523     0.00     0.00     0.00     0.00     0.00 -1 -1.79e-11      0.00 7.511e-01 2.488e-01 1.679e-05 5.007e-06 4.286e-05 -1.000 9.999e-05 1.007 2.189 1.462 0.987 0.821 0.752 0.733
0.0001 -2.19174 9.90309 0.8959834576 2.4482018948    0.892  1.552  3.7250  2.689    3  0.000  0.517     0.00     0.00     0.00     0.00     0.00 -1 -2.12e-11      0.00 7.502e-01 2.497e-01 1.663e-05 5.181e-06 4.288e-05 -1.000 1.000e-04 0.890 2.084 1.351 0.871 0.702 0.632 0.612
0.0001 -2.19174 9.90309 0.8962273598 2.4482674599    0.892  1.598  3.7235  2.636    3  0.000  0.512     0.00     0.00     0.00     0.00     0.00 -1 -2.51e-11      0.00 7.494e-01 2.505e-01 1.648e-05 5.357e-06 4.291e-05 -1.000 9.999e-05 0.774 1.981 1.241 0.757 0.585 0.513 0.493
0.0001 -2.19174 9.90309 0.8964577913 2.4483296871    0.892  1.646  3.7219  2.583    3  0.000  0.508     0.00     0.00     0.00     0.00     0.00 -1 -2.98e-11      0.00 7.488e-01 2.511e-01 1.635e-05 5.508e-06 4.292e-05 -1.000 9.996e-05 0.656 1.874 1.129 0.639 0.465 0.391 0.370
0.0001 -2.19174 9.90309 0.8966637254 2.4483850002    0.892  1.691  3.7203  2.530    3  0.000  0.504     0.00     0.00     0.00     0.00     0.00 -1 -3.51e-11      0.00 7.484e-01 2.515e-01 1.624e-05 5.647e-06 4.294e-05 -1.000 9.999e-05 0.542 1.772 1.020 0.526 0.349 0.273 0.252
0.0001 -2.19174 9.90309 0.8968483806 2.4484345913    0.892  1.736  3.7187  2.479    3  0.000  0.502     0.00     0.00     0.00     0.00     0.00 -1 -4.13e-11      0.00 7.480e-01 2.519e-01 1.617e-05 5.735e-06 4.295e-05 -1.000 9.996e-05 0.430 1.675 0.915 0.415 0.236 0.158 0.136
0.0001 -2.19174 9.90309 0.8970214725 2.4484813213    0.892  1.781  3.7171  2.428    3  0.000  0.500     0.00     0.00     0.00     0.00     0.00 -1 -4.86e-11      0.00 7.478e-01 2.521e-01 1.612e-05 5.799e-06 4.295e-05 -1.000 9.999e-05 0.317 1.578 0.808 0.302 0.120 0.041 0.018
0.0001 -2.19174 9.90309 0.8971751928 2.4485225677    0.892  1.825  3.7155  2.377    3  0.000  0.499     0.00     0.00     0.00     0.00     0.00 -1  -5.7e-11      0.00 7.477e-01 2.522e-01 1.609e-05 5.840e-06 4.296e-05 -1.000 9.999e-05 0.207 1.485 0.705 0.193 0.008 -0.073 -0.097
0.0001 -2.19174 9.90309 0.8973187208 2.4485611916    0.892  1.870  3.7139  2.326    3  0.000  0.499     0.00     0.00     0.00     0.00     0.00 -1  -6.7e-11      0.00 7.476e-01 2.523e-01 1.607e-05 5.861e-06 4.296e-05 -1.000 1.000e-04 0.096 1.391 0.601 0.083 -0.105 -0.188 -0.213
0.0001 -2.19174 9.90309 0.8974521756 2.4485969543    0.892  1.914  3.7123  2.275    3  0.000  0.499     0.00     0.00     0.00     0.00     0.00 -1 -7.87e-11      0.00 7.476e-01 2.523e-01 1.607e-05 5.867e-06 4.296e-05 -1.000 1.000e-04 -0.016 1.296 0.496 -0.028 -0.218 -0.303 -0.329
0.0001 -2.19174 9.90309 0.8975746632 2.4486298561    0.892  1.958  3.7106  2.224    3  0.000  0.499     0.00     0.00     0.00     0.00     0.00 -1 -9.24e-11      0.00 7.476e-01 2.523e-01 1.607e-05 5.870e-06 4.296e-05 -1.000 1.001e-04 -0.126 1.203 0.393 -0.138 -0.330 -0.418 -0.444
0.0001 -2.19174 9.90309 0.8976859450 2.4486596584    0.892  2.002  3.7090  2.174    3  0.000  0.499     0.00     0.00     0.00     0.00     0.00 -1 -1.08e-10      0.00 7.475e-01 2.524e-01 1.607e-05 5.871e-06 4.296e-05 -1.000 1.001e-04 -0.235 1.113 0.292 -0.245 -0.441 -0.530 -0.558
0.0001 -2.19174 9.90309 0.8977901340 2.4486875534    0.891  2.046  3.7073  2.123    3  0.000  0.499     0.00     0.00     0.00     0.00     0.00 -1 -1.27e-10      0.00 7.475e-01 2.524e-01 1.607e-05 5.873e-06 4.296e-05 -1.000 9.996e-05 -0.346 1.022 0.190 -0.355 -0.553 -0.645 -0.673
0.0001 -2.19174 9.90309 0.8978850842 2.4487130642    0.891  2.090  3.7056  2.072    3  0.000  0.499     0.00     0.00     0.00     0.00     0.00 -1 -1.49e-10      0.00 7.475e-01 2.524e-01 1.606e-05 5.875e-06 4.296e-05 -1.000 9.999e-05 -0.455 0.932 0.088 -0.463 -0.665 -0.758 -0.788
0.0001 -2.19174 9.90309 0.8979693651 2.4487357140    0.891  2.132  3.7039  2.023    3  0.000  0.499     0.00     0.00     0.00     0.00     0.00 -1 -1.74e-10      0.00 7.475e-01 2.524e-01 1.606e-05 5.876e-06 4.296e-05 -1.000 9.993e-05 -0.561 0.846 -0.009 -0.568 -0.772 -0.868 -0.898
0.0001 -2.19174 9.90309 0.8980470300 2.4487564564    0.890  2.174  3.7023  1.974    3  0.000  0.499     0.00     0.00     0.00     0.00     0.00 -1 -2.03e-10      0.00 7.475e-01 2.524e-01 1.606e-05 5.877e-06 4.296e-05 -1.000 9.999e-05 -0.666 0.761 -0.106 -0.671 -0.879 -0.976 -1.007
0.0001 -2.19174 9.90309 0.8981199265 2.4487760067    0.890  2.216  3.7006  1.925    3  0.000  0.498     0.00     0.00     0.00     0.00     0.00 -1 -2.37e-10      0.00 7.475e-01 2.524e-01 1.606e-05 5.878e-06 4.296e-05 -1.000 9.990e-05 -0.771 0.678 -0.202 -0.776 -0.986 -1.086 -1.118
0.0001 -2.19174 9.90309 0.8981853127 2.4487936497    0.889  2.256  3.6990  1.879    3  0.000  0.498     0.00     0.00     0.00     0.00     0.00 -1 -2.74e-10      0.00 7.475e-01 2.524e-01 1.606e-05 5.879e-06 4.296e-05 -1.000 1.000e-04 -0.871 0.600 -0.293 -0.874 -1.088 -1.189 -1.222
0.0001 -2.19174 9.90309 0.8982508779 2.4488110542    0.889  2.296  3.6974  1.832    3  0.000  0.498     0.00     0.00     0.00     0.00     0.00 -1 -3.17e-10      0.00 7.475e-01 2.524e-01 1.606e-05 5.880e-06 4.296e-05 -1.000 1.000e-04 -0.971 0.523 -0.384 -0.972 -1.189 -1.292 -1.326
0.0001 -2.19174 9.90309 0.8983197808 2.4488296509    0.888  2.331  3.6960  1.791    3  0.000  0.498     0.00     0.00     0.00     0.00     0.00 -1  -3.6e-10      0.00 7.475e-01 2.524e-01 1.606e-05 5.881e-06 4.296e-05 -1.000 1.001e-04 -1.059 0.455 -0.464 -1.059 -1.278 -1.384 -1.418
0.0001 -2.19174 9.90309 0.8983557224 2.4488391876    0.888  2.347  3.6953  1.772    3  0.000  0.498     0.00     0.00     0.00     0.00     0.00 -1 -3.82e-10      0.00 7.475e-01 2.524e-01 1.606e-05 5.882e-06 4.296e-05 -1.000 9.999e-05 -1.098 0.424 -0.500 -1.098 -1.318 -1.425 -1.459
0.0001 -2.19174 9.90309 0.8984029293 2.4488518238    0.887  2.329  3.6964  1.795    3  0.000  0.498     0.00     0.00     0.00     0.00     0.00 -1 -3.62e-10      0.00 7.475e-01 2.524e-01 1.606e-05 5.883e-06 4.296e-05 -1.000 1.000e-04 -1.052 0.456 -0.460 -1.053 -1.271 -1.376 -1.410
0.0001 -2.19174 9.90309 0.8984245658 2.4488575459    0.887  2.347  3.6956  1.774    3  0.000  0.498     0.00     0.00     0.00     0.00     0.00 -1 -3.84e-10      0.00 7.475e-01 2.524e-01 1.606e-05 5.883e-06 4.296e-05 -1.000 9.999e-05 -1.097 0.422 -0.500 -1.097 -1.317 -1.423 -1.457
0.0001 -2.19174 9.90309 0.8984711170 2.4488701820    0.887  2.386  3.6939  1.727    3  0.000  0.498     0.00     0.00     0.00     0.00     0.00 -1 -4.41e-10      0.00 7.475e-01 2.524e-01 1.606e-05 5.884e-06 4.296e-05 -1.000 1.001e-04 -1.196 0.347 -0.589 -1.194 -1.417 -1.525 -1.561
0.0001 -2.19174 9.90309 0.8985173106 2.4488825798    0.886  2.428  3.6922  1.678    3  0.000  0.498     0.00     0.00     0.00     0.00     0.00 -1 -5.12e-10      0.00 7.475e-01 2.524e-01 1.606e-05 5.885e-06 4.296e-05 -1.000 9.999e-05 -1.300 0.268 -0.683 -1.296 -1.523 -1.633 -1.669
0.0001 -2.19174 9.90309 0.8985580206 2.4488933086    0.885  2.467  3.6905  1.633    3  0.000  0.498     0.00     0.00     0.00     0.00     0.00 -1 -5.91e-10      0.00 7.475e-01 2.524e-01 1.606e-05 5.885e-06 4.296e-05 -1.000 1.000e-04 -1.396 0.195 -0.770 -1.391 -1.621 -1.733 -1.771
0.0001 -2.19174 9.90309 0.8985970020 2.4489037991    0.885  2.506  3.6888  1.586    3  0.000  0.498     5.80     4.69     3.36     2.58     2.09  4 -6.84e-10      0.00 7.475e-01 2.524e-01 1.606e-05 5.886e-06 4.296e-05 -1.000 9.993e-05 -1.495 0.124 -0.857 -1.488 -1.721 -1.836 -1.874
0.0001 -2.19174 9.90309 0.8986319304 2.4489130974    0.884  2.544  3.6871  1.541    3  0.000  0.498     6.37     5.09     3.64     2.80     2.26  4 -7.86e-10      0.00 7.475e-01 2.524e-01 1.606e-05 5.886e-06 4.296e-05 -1.000 1.000e-04 -1.590 0.055 -0.941 -1.581 -1.817 -1.934 -1.973
0.0001 -2.19174 9.90309 0.8986648917 2.4489219189    0.883  2.582  3.6854  1.495    3  0.000  0.498     7.01     5.52     3.93     3.03     2.45  4 -9.05e-10      0.00 7.475e-01 2.524e-01 1.606e-05 5.887e-06 4.296e-05 -1.000 1.000e-04 -1.686 -0.008 -1.025 -1.674 -1.914 -2.033 -2.073
0.0001 -2.19174 9.90309 0.8986968994 2.4489305019    0.882  2.622  3.6836  1.449    3  0.000  0.498     7.73     6.01     4.26     3.28     2.66  3 -1.05e-09      0.00 7.475e-01 2.524e-01 1.605e-05 5.887e-06 4.296e-05 -1.000 1.001e-04 -1.784 -0.060 -1.108 -1.771 -2.015 -2.136 -2.178
0.0001 -2.19174 9.90309 0.8987240791 2.4489378929    0.881  2.657  3.6820  1.406    3  0.000  0.498     8.45     6.49     4.58     3.54     2.86  3 -1.19e-09      0.00 7.475e-01 2.524e-01 1.605e-05 5.888e-06 4.296e-05 -1.000 1.000e-04 -1.873 -0.103 -1.183 -1.860 -2.107 -2.231 -2.273
0.0001 -2.19174 9.90309 0.8987506032 2.4489450455    0.880  2.694  3.6803  1.362    3  0.000  0.498     9.27     7.02     4.94     3.82     3.10  3 -1.37e-09      0.00 7.475e-01 2.524e-01 1.605e-05 5.888e-06 4.296e-05 -1.000 1.001e-04 -1.965 -0.143 -1.259 -1.951 -2.202 -2.328 -2.371
0.0001 -2.19174 9.90309 0.8987748623 2.4489514828    0.879  2.730  3.6787  1.319    3  0.000  0.498    10.14     7.59     5.32     4.12     3.34  3 -1.56e-09      0.00 7.475e-01 2.524e-01 1.605e-05 5.889e-06 4.296e-05 -1.000 9.999e-05 -2.054 -0.179 -1.331 -2.039 -2.295 -2.422 -2.466
0.0001 -2.19174 9.90309 0.8987969756 2.4489574432    0.878  2.764  3.6772  1.278    3  0.000  0.498    11.05     8.17     5.71     4.43     3.59  3 -1.77e-09      0.00 7.475e-01 2.524e-01 1.605e-05 5.889e-06 4.296e-05 -1.000 9.999e-05 -2.141 -0.212 -1.400 -2.124 -2.384 -2.513 -2.558
0.0001 -2.19174 9.90309 0.8988189697 2.4489631653    0.877  2.801  3.6754  1.234    3  0.000  0.498    12.12     8.85     6.16     4.78     3.87  3 -2.03e-09      0.00 7.475e-01 2.524e-01 1.605e-05 5.889e-06 4.296e-05 -1.000 1.000e-04 -2.232 -0.236 -1.469 -2.213 -2.477 -2.610 -2.656
0.0001 -2.19174 9.90309 0.8988421559 2.4489693642    0.875  2.842  3.6734  1.184    3  0.000  0.498    13.45     9.68     6.71     5.21     4.23  3 -2.36e-09      0.00 7.475e-01 2.524e-01 1.605e-05 5.890e-06 4.296e-05 -1.000 1.000e-04 -2.334 -0.260 -1.546 -2.313 -2.583 -2.719 -2.766
0.0001 -2.19174 9.90309 0.8988606930 2.4489743710    0.874  2.877  3.6716  1.141    3  0.000  0.498    14.71    10.45     7.22     5.62     4.55  3 -2.69e-09      0.00 7.475e-01 2.524e-01 1.605e-05 5.890e-06 4.296e-05 -1.000 1.001e-04 -2.422 -0.274 -1.609 -2.398 -2.674 -2.812 -2.860
0.0001 -2.19174 9.90309 0.8988802433 2.4489796162    0.872  2.916  3.6696  1.093    3  0.000  0.498    16.26    11.39     7.84     6.11     4.95  2 -3.12e-09      0.00 7.475e-01 2.524e-01 1.605e-05 5.890e-06 4.296e-05 -1.000 1.000e-04 -2.519 -0.283 -1.677 -2.492 -2.775 -2.916 -2.965
0.0001 -2.19174 9.90309 0.8988965750 2.4489839077    0.871  2.950  3.6679  1.051    3  0.000  0.498    17.77    12.29     8.43     6.57     5.33  2 -3.55e-09      0.00 7.475e-01 2.524e-01 1.605e-05 5.891e-06 4.296e-05 -1.000 9.999e-05 -2.606 -0.293 -1.737 -2.576 -2.864 -3.008 -3.058
0.0001 -2.19174 9.90309 0.8989130855 2.4489884377    0.869  2.988  3.6661  1.005    3  0.000  0.498    19.55    13.34     9.12     7.12     5.77  2 -4.08e-09      0.00 7.475e-01 2.524e-01 1.605e-05 5.891e-06 4.296e-05 -1.000 9.996e-05 -2.699 -0.294 -1.799 -2.665 -2.960 -3.107 -3.159
0.0001 -2.19174 9.90309 0.8989269137 2.4489920139    0.867  3.021  3.6643  0.965    3  0.000  0.498    21.29    14.35     9.78     7.64     6.20  2 -4.61e-09      0.00 7.475e-01 2.524e-01 1.605e-05 5.891e-06 4.296e-05 -1.000 9.993e-05 -2.781 -0.282 -1.848 -2.743 -3.045 -3.195 -3.248
0.0001 -2.19174 9.90309 0.8989412189 2.4489958286    0.865  3.056  3.6625  0.921    3  0.000  0.498    23.34    15.53    10.54     8.25     6.69  2 -5.28e-09      0.00 7.475e-01 2.524e-01 1.605e-05 5.891e-06 4.296e-05 -1.000 9.993e-05 -2.871 -0.265 -1.898 -2.827 -3.136 -3.291 -3.345
0.0001 -2.19174 9.90309 0.8989531994 2.4489991665    0.863  3.088  3.6608  0.882    3  0.000  0.498    25.33    16.65    11.27     8.83     7.17  2 -5.94e-09      0.00 7.475e-01 2.524e-01 1.605e-05 5.891e-06 4.296e-05 -1.000 1.000e-04 -2.949 -0.245 -1.940 -2.900 -3.218 -3.375 -3.431
0.0001 -2.19174 9.90309 0.8989654779 2.4490025043    0.860  3.122  3.6589  0.839    3  0.000  0.498    27.70    17.98    12.13     9.51     7.72  2 -6.75e-09      0.00 7.475e-01 2.524e-01 1.605e-05 5.892e-06 4.296e-05 -1.000 9.999e-05 -3.034 -0.210 -1.979 -2.978 -3.305 -3.466 -3.523
0.0001 -2.19174 9.90309 0.8989780545 2.4490058422    0.857  3.158  3.6569  0.793    3  0.000  0.498    30.47    19.52    13.11    10.30     8.36  1 -7.76e-09      0.00 7.475e-01 2.524e-01 1.605e-05 5.892e-06 4.297e-05 -1.000 9.996e-05 -3.125 -0.200 -2.029 -3.060 -3.396 -3.562 -3.620
0.0001 -2.19174 9.90309 0.8989890218 2.4490087032    0.855  3.190  3.6552  0.752    3  0.000  0.498    33.18    20.99    14.05    11.05     8.97  1 -8.77e-09      0.00 7.475e-01 2.524e-01 1.605e-05 5.892e-06 4.297e-05 -1.000 9.999e-05 -3.206 -0.209 -2.077 -3.133 -3.476 -3.646 -3.706
0.0001 -2.19174 9.90309 0.8990001082 2.4490118027    0.852  3.223  3.6534  0.711    3  0.000  0.498    36.19    22.61    15.09    11.88     9.64  1 -9.96e-09      0.00 7.475e-01 2.524e-01 1.605e-05 5.892e-06 4.297e-05 -1.000 9.996e-05 -3.288 -0.215 -2.125 -3.206 -3.557 -3.731 -3.792
0.0001 -2.19174 9.90309 0.8990038037 2.4490127563    0.851  3.234  3.6528  0.697    3  0.000  0.498    37.22    23.16    15.44    12.16     9.87  1 -1.04e-08      0.00 7.475e-01 2.524e-01 1.605e-05 5.892e-06 4.297e-05 -1.000 1.000e-04 -3.315 -0.218 -2.141 -3.230 -3.584 -3.759 -3.820
0.0001 -2.19174 9.90309 0.8990038037 2.4490127563    0.850  1.753  3.8318  2.893    4  0.000  0.518     0.00     0.00     0.00     0.00     0.00 -1    -1e-30      0.00 7.506e-01 2.493e-01 1.660e-05 5.143e-06 4.272e-05 -1.000 1.000e-04 0.386 0.974 0.463 0.372 0.393 0.419 0.440
0.0001 -2.19174 9.90309 0.8990465999 2.4490242004    0.851  1.767  3.8233  2.846    4  0.000  0.518     0.00     0.00     0.00     0.00     0.00 -1    -1e-30      0.00 7.506e-01 2.493e-01 1.660e-05 5.143e-06 4.272e-05 -1.000 1.001e-04 0.353 0.969 0.453 0.334 0.339 0.360 0.378
0.0001 -2.19174 9.90309 0.8991230130 2.4490444660    0.851  1.778  3.8169  2.810    4  0.000  0.518     0.00     0.00     0.00     0.00     0.00 -1    -1e-30      0.00 7.506e-01 2.493e-01 1.660e-05 5.144e-06 4.272e-05 -1.000 1.000e-04 0.326 0.966 0.444 0.303 0.297 0.313 0.330
0.0001 -2.19174 9.90309 0.8991968632 2.4490642548    0.851  1.779  3.8170  2.809    4  0.000  0.518     0.00     0.00     0.00     0.00     0.00 -1    -1e-30      0.00 7.506e-01 2.493e-01 1.659e-05 5.144e-06 4.272e-05 -1.000 1.000e-04 0.323 0.962 0.440 0.300 0.294 0.310 0.327
0.0001 -2.19174 9.90309 0.8992719650 2.4490842819    0.851  1.780  3.8177  2.811    4  0.000  0.518     0.00     0.00     0.00     0.00     0.00 -1    -1e-30      0.00 7.505e-01 2.494e-01 1.659e-05 5.145e-06 4.272e-05 -1.000 1.000e-04 0.320 0.957 0.436 0.298 0.293 0.310 0.326
0.0001 -2.19174 9.90309 0.8993499875 2.4491052628    0.851  1.781  3.8186  2.814    4  0.000  0.518     0.00     0.00     0.00     0.00     0.00 -1    -1e-30      0.00 7.505e-01 2.494e-01 1.659e-05 5.146e-06 4.272e-05 -1.000 1.000e-04 0.318 0.951 0.431 0.296 0.293 0.311 0.327
0.0001 -2.19174 9.90309 0.8994237185 2.4491248131    0.851  1.781  3.8197  2.818    4  0.000  0.518     0.00     0.00     0.00     0.00     0.00 -1    -1e-30      0.00 7.505e-01 2.494e-01 1.659e-05 5.146e-06 4.272e-05 -1.000 1.001e-04 0.317 0.945 0.426 0.295 0.294 0.312 0.329
0.0001 -2.19174 9.90309 0.8995013237 2.4491455555    0.851  1.782  3.8211  2.823    4  0.000  0.518     0.00     0.00     0.00     0.00     0.00 -1    -1e-30      0.00 7.505e-01 2.494e-01 1.659e-05 5.147e-06 4.272e-05 -1.000 1.001e-04 0.316 0.939 0.421 0.294 0.296 0.315 0.333
0.0001 -2.19174 9.90309 0.8995780945 2.4491660595    0.851  1.782  3.8226  2.828    4  0.000  0.518     0.00     0.00     0.00     0.00     0.00 -1    -1e-30      0.00 7.505e-01 2.494e-01 1.659e-05 5.148e-06 4.272e-05 -1.000 1.000e-04 0.315 0.933 0.416 0.294 0.299 0.319 0.337
0.0001 -2.19174 9.90309 0.8996554017 2.4491868019    0.851  1.782  3.8241  2.834    4  0.000  0.518     0.00     0.00     0.00     0.00     0.00 -1    -1e-30      0.00 7.505e-01 2.494e-01 1.659e-05 5.148e-06 4.273e-05 -1.000 1.000e-04 0.314 0.926 0.410 0.294 0.302 0.323 0.341
0.0001 -2.19174 9.90309 0.8997281194 2.4492061138    0.851  1.783  3.8255  2.839    4  0.000  0.518     0.00     0.00     0.00     0.00     0.00 -1    -1e-30      0.00 7.505e-01 2.494e-01 1.659e-05 5.149e-06 4.273e-05 -1.000 1.000e-04 0.313 0.921 0.406 0.294 0.304 0.326 0.345
0.0001 -2.19174 9.90309 0.8998076916 2.4492273331    0.851  1.783  3.8267  2.844    4  0.000  0.518     0.00     0.00     0.00     0.00     0.00 -1    -1e-30      0.00 7.505e-01 2.494e-01 1.659e-05 5.150e-06 4.273e-05 -1.000 1.001e-04 0.312 0.915 0.401 0.294 0.306 0.329 0.348
0.0001 -2.19174 9.90309 0.8998854160 2.4492480755    0.851  1.783  3.8277  2.847    4  0.000  0.518     0.00     0.00     0.00     0.00     0.00 -1    -1e-30      0.00 7.505e-01 2.494e-01 1.659e-05 5.150e-06 4.273e-05 -1.000 1.001e-04 0.311 0.911 0.397 0.293 0.307 0.330 0.350
0.0001 -2.19174 9.90309 0.8999639153 2.4492690563    0.852  1.784  3.8282  2.849    4  0.000  0.518     0.00     0.00     0.00     0.00     0.00 -1    -1e-30      0.00 7.505e-01 2.494e-01 1.659e-05 5.151e-06 4.273e-05 -1.000 1.000e-04 0.310 0.907 0.394 0.292 0.307 0.331 0.350
0.0001 -2.19174 9.90309 0.9000440240 2.4492905140    0.852  1.785  3.8285  2.849    4  0.000  0.518     0.00     0.00     0.00     0.00     0.00 -1    -1e-30      0.00 7.505e-01 2.494e-01 1.659e-05 5.152e-06 4.273e-05 -1.000 1.000e-04 0.308 0.904 0.391 0.290 0.306 0.329 0.349
0.0001 -2.19174 9.90309 0.9000763297 2.4492990971    0.852  1.785  3.8285  2.849    4  0.000  0.518     0.00     0.00     0.00     0.00     0.00 -1    -1e-30      0.00 7.505e-01 2.494e-01 1.659e-05 5.152e-06 4.273e-05 -1.000 1.001e-04 0.307 0.903 0.390 0.289 0.305 0.329 0.348
0.0001 -2.19174 9.90309 0.9001547694 2.4493200779    0.852  1.786  3.8278  2.845    4  0.000  0.518     0.00     0.00     0.00     0.00     0.00 -1    -1e-30      0.00 7.505e-01 2.494e-01 1.659e-05 5.153e-06 4.273e-05 -1.000 1.000e-04 0.304 0.903 0.389 0.286 0.301 0.324 0.343
0.0001 -2.19174 9.90309 0.9002307057 2.4493403435    0.852  1.787  3.8268  2.840    4  0.000  0.518     0.00     0.00     0.00     0.00     0.00 -1    -1e-30      0.00 7.505e-01 2.494e-01 1.659e-05 5.153e-06 4.273e-05 -1.000 1.001e-04 0.301 0.903 0.389 0.283 0.295 0.318 0.337
0.0001 -2.19174 9.90309 0.9003080130 2.4493608475    0.852  1.789  3.8252  2.832    4  0.000  0.518     0.00     0.00     0.00     0.00     0.00 -1    -1e-30      0.00 7.505e-01 2.494e-01 1.659e-05 5.154e-06 4.273e-05 -1.000 9.999e-05 0.298 0.905 0.390 0.278 0.288 0.309 0.328
0.0001 -2.19174 9.90309 0.9003871679 2.4493818283    0.852  1.791  3.8228  2.821    4  0.000  0.518     0.00     0.00     0.00     0.00     0.00 -1    -1e-30      0.00 7.505e-01 2.494e-01 1.659e-05 5.155e-06 4.273e-05 -1.000 1.000e-04 0.293 0.909 0.392 0.272 0.278 0.298 0.315
0.0001 -2.19174 9.90309 0.9004625082 2.4494020939    0.852  1.793  3.8200  2.807    4  0.000  0.518     0.00     0.00     0.00     0.00     0.00 -1    -1e-30      0.00 7.504e-01 2.495e-01 1.659e-05 5.155e-06 4.273e-05 -1.000 1.000e-04 0.288 0.915 0.395 0.266 0.266 0.284 0.301
0.0001 -2.19174 9.90309 0.9005408883 2.4494228363    0.852  1.795  3.8162  2.790    4  0.000  0.518     0.00     0.00     0.00     0.00     0.00 -1    -1e-30      0.00 7.504e-01 2.495e-01 1.659e-05 5.156e-06 4.273e-05 -1.000 1.002e-04 0.282 0.923 0.400 0.258 0.251 0.266 0.282
0.0001 -2.19174 9.90309 0.9006183147 2.4494435787    0.852  1.798  3.8120  2.771    4  0.000  0.518     0.00     0.00     0.00     0.00     0.00 -1    -1e-30      0.00 7.504e-01 2.495e-01 1.659e-05 5.157e-06 4.273e-05 -1.000 1.000e-04 0.275 0.932 0.406 0.249 0.235 0.247 0.262
0.0001 -2.19174 9.90309 0.9006393552 2.4494490623    0.852  1.799  3.8108  2.765    4  0.000  0.518     0.00     0.00     0.00     0.00     0.00 -1    -1e-30      0.00 7.504e-01 2.495e-01 1.659e-05 5.157e-06 4.273e-05 -1.000 1.001e-04 0.273 0.935 0.408 0.246 0.230 0.242 0.256
0.0001 -2.19174 9.90309 0.9006998539 2.4494652748    0.852  1.801  3.8069  2.747    4  0.000  0.518     0.00     0.00     0.00     0.00     0.00 -1    -1e-30      0.00 7.504e-01 2.495e-01 1.659e-05 5.157e-06 4.273e-05 -1.000 1.001e-04 0.266 0.946 0.414 0.239 0.215 0.224 0.237
0.0001 -2.19174 9.90309 0.9007818699 2.4494869709    0.852  1.805  3.8011  2.720    4  0.000  0.517     0.00     0.00     0.00     0.00     0.00 -1    -1e-30      0.00 7.504e-01 2.495e-01 1.658e-05 5.158e-06 4.273e-05 -1.000 1.000e-04 0.257 0.962 0.424 0.228 0.194 0.198 0.209
0.0001 -2.19174 9.90309 0.9008622169 2.4495084286    0.853  1.809  3.7953  2.693    4  0.000  0.517     0.00     0.00     0.00     0.00     0.00 -1    -1e-30      0.00 7.504e-01 2.495e-01 1.658e-05 5.159e-06 4.273e-05 -1.000 1.000e-04 0.247 0.980 0.434 0.217 0.173 0.172 0.181
0.0001 -2.19174 9.90309 0.9009450078 2.4495306015    0.853  1.814  3.7894  2.664    4  0.000  0.517     0.00     0.00     0.00     0.00     0.00 -1    -1e-30      0.00 7.504e-01 2.495e-01 1.658e-05 5.160e-06 4.273e-05 -1.000 1.001e-04 0.235 0.997 0.443 0.204 0.150 0.144 0.151
0.0001 -2.19174 9.90309 0.9010255337 2.4495518208    0.853  1.819  3.7839  2.637    4  0.000  0.517     0.00     0.00     0.00     0.00     0.00 -1    -1e-30      0.00 7.504e-01 2.495e-01 1.658e-05 5.160e-06 4.273e-05 -1.000 1.001e-04 0.223 1.012 0.450 0.191 0.127 0.116 0.121
0.0001 -2.19174 9.90309 0.9011037350 2.4495728016    0.853  1.824  3.7789  2.612    4  0.000  0.517     0.00     0.00     0.00     0.00     0.00 -1    -1e-30      0.00 7.504e-01 2.495e-01 1.658e-05 5.161e-06 4.274e-05 -1.000 1.000e-04 0.209 1.025 0.455 0.178 0.105 0.089 0.092
0.0001 -2.19174 9.90309 0.9011804461 2.4495930672    0.853  1.830  3.7747  2.590    4  0.000  0.517     0.00     0.00     0.00     0.00     0.00 -1    -1e-30      0.00 7.504e-01 2.495e-01 1.658e-05 5.162e-06 4.274e-05 -1.000 1.000e-04 0.196 1.035 0.456 0.165 0.084 0.065 0.066
0.0001 -2.19174 9.90309 0.9012588263 2.4496140480    0.853  1.835  3.7712  2.570    4  0.000  0.517     0.00     0.00     0.00     0.00     0.00 -1    -1e-30      0.00 7.504e-01 2.495e-01 1.658e-05 5.162e-06 4.274e-05 -1.000 1.000e-04 0.181 1.041 0.454 0.150 0.064 0.041 0.041
0.0001 -2.19174 9.90309 0.9013360739 2.4496345520    0.853  1.840  3.7691  2.558    4  0.000  0.517     0.00     0.00     0.00     0.00     0.00 -1    -1e-30      0.00 7.504e-01 2.495e-01 1.658e-05 5.163e-06 4.274e-05 -1.000 1.001e-04 0.170 1.042 0.450 0.139 0.049 0.024 0.024
0.0001 -2.19174 9.90309 0.9014078379 2.4496536255    0.853  1.841  3.7697  2.559    4  0.000  0.517     0.00     0.00     0.00     0.00     0.00 -1    -1e-30      0.00 7.504e-01 2.495e-01 1.658e-05 5.164e-06 4.274e-05 -1.000 1.001e-04 0.168 1.036 0.446 0.137 0.047 0.023 0.023
0.0001 -2.19174 9.90309 0.9014852643 2.4496741295    0.853  1.849  3.7648  2.531    4  0.000  0.517     0.00     0.00     0.00     0.00     0.00 -1    -1e-30      0.00 7.504e-01 2.495e-01 1.658e-05 5.164e-06 4.274e-05 -1.000 1.002e-04 0.148 1.046 0.444 0.118 0.020 -0.009 -0.012
0.0001 -2.19174 9.90309 0.9015626907 2.4496946335    0.853  1.865  3.7582  2.489    4  0.000  0.517     0.00     0.00     0.00     0.00     0.00 -1    -1e-30      0.00 7.504e-01 2.495e-01 1.658e-05 5.165e-06 4.274e-05 -1.000 1.000e-04 0.108 1.045 0.429 0.079 -0.031 -0.066 -0.072
0.0001 -2.19174 9.90309 0.9016402960 2.4497153759    0.853  1.892  3.7501  2.430    4  0.000  0.517     0.00     0.00     0.00     0.00     0.00 -1    -1e-30      0.00 7.504e-01 2.495e-01 1.658e-05 5.166e-06 4.274e-05 -1.000 1.001e-04 0.041 1.030 0.392 0.013 -0.110 -0.153 -0.162
0.0001 -2.19174 9.90309 0.9016837478 2.4497268200    0.853  1.919  3.7432  2.375    4  0.000  0.517     0.00     0.00     0.00     0.00     0.00 -1    -1e-30      0.00 7.503e-01 2.496e-01 1.658e-05 5.166e-06 4.274e-05 -1.000 1.000e-04 -0.029 1.009 0.348 -0.054 -0.189 -0.240 -0.252
0.0001 -2.19174 9.90309 0.9017060995 2.4497327805    0.853  1.953  3.7363  2.313    4  0.000  0.517     0.00     0.00     0.00     0.00     0.00 -1    -1e-30      0.00 7.503e-01 2.496e-01 1.658e-05 5.166e-06 4.274e-05 -1.000 1.001e-04 -0.114 0.977 0.291 -0.138 -0.285 -0.343 -0.358
0.0001 -2.19174 9.90309 0.9017157555 2.4497354031    0.853  1.990  3.7302  2.252    4  0.000  0.517     0.00     0.00     0.00     0.00     0.00 -1    -1e-30      0.00 7.503e-01 2.496e-01 1.658e-05 5.166e-06 4.274e-05 -1.000 1.000e-04 -0.205 0.937 0.224 -0.227 -0.385 -0.450 -0.467
0.0001 -2.19174 9.90309 0.9017197490 2.4497363567    0.853  2.026  3.7254  2.197    4  0.000  0.517     0.00     0.00     0.00     0.00     0.00 -1    -1e-30      0.00 7.503e-01 2.496e-01 1.658e-05 5.166e-06 4.274e-05 -1.000 1.000e-04 -0.295 0.889 0.153 -0.316 -0.482 -0.552 -0.572
0.0001 -2.19174 9.90309 0.9017207026 2.4497365952    0.853  2.038  3.7240  2.179    7  0.000  0.517     0.00     0.00     0.00     0.00     0.00 -1    -1e-30      0.00 7.503e-01 2.496e-01 1.658e-05 5.166e-06 4.274e-05 -1.000 1.000e-04 -0.325 0.871 0.129 -0.346 -0.514 -0.586 -0.606
0.0001 -2.19174 9.90309 0.9017217159 2.4497368336    0.853  2.064  3.7218  2.145    7  0.000  0.517     0.00     0.00     0.00     0.00     0.00 -1    -1e-30      0.00 7.503e-01 2.496e-01 1.658e-05 5.166e-06 4.274e-05 -1.000 1.000e-04 -0.389 0.828 0.074 -0.408 -0.580 -0.655 -0.676
0.0001 -2.19174 9.90309 0.9017230868 2.4497373104    0.853  2.098  3.7190  2.099    7  0.000  0.517     0.00     0.00     0.00     0.00     0.00 -1    -1e-30      0.00 7.503e-01 2.496e-01 1.658e-05 5.166e-06 4.274e-05 -1.000 9.996e-05 -0.475 0.769 0.000 -0.493 -0.670 -0.748 -0.770
0.0001 -2.19174 9.90309 0.9017244577 2.4497377872    0.853  2.130  3.7166  2.057    7  0.000  0.517     0.00     0.00     0.00     0.00     0.00 -1    -1e-30      0.00 7.503e-01 2.496e-01 1.658e-05 5.166e-06 4.274e-05 -1.000 1.002e-04 -0.556 0.713 -0.069 -0.572 -0.753 -0.834 -0.857
0.0001 -2.19174 9.90309 0.9017263651 2.4497382641    0.853  2.154  3.7151  2.028    7  0.000  0.517     0.00     0.00     0.00     0.00     0.00 -1    -1e-30      0.00 7.503e-01 2.496e-01 1.658e-05 5.166e-06 4.274e-05 -1.000 9.999e-05 -0.615 0.670 -0.121 -0.631 -0.814 -0.896 -0.921
0.0001 -2.19174 9.90309 0.9017305374 2.4497392178    0.853  2.161  3.7148  2.019    7  0.000  0.517     0.00     0.00     0.00     0.00     0.00 -1    -1e-30      0.00 7.503e-01 2.496e-01 1.658e-05 5.166e-06 4.274e-05 -1.000 1.000e-04 -0.633 0.655 -0.138 -0.648 -0.832 -0.915 -0.940
0.0001 -2.19174 9.90309 0.9017540812 2.4497456551    0.853  2.167  3.7143  2.012    7  0.000  0.517     0.00     0.00     0.00     0.00     0.00 -1    -1e-30      0.00 7.503e-01 2.496e-01 1.658e-05 5.167e-06 4.274e-05 -1.000 1.000e-04 -0.647 0.647 -0.149 -0.662 -0.847 -0.930 -0.955
0.0001 -2.19174 9.90309 0.9017832279 2.4497532845    0.854  2.184  3.7130  1.989    7  0.000  0.517     0.00     0.00     0.00     0.00     0.00 -1    -1e-30      0.00 7.503e-01 2.496e-01 1.658e-05 5.167e-06 4.274e-05 -1.000 1.001e-04 -0.691 0.617 -0.187 -0.706 -0.893 -0.978 -1.003
0.0001 -2.19174 9.90309 0.9018090367 2.4497601986    0.854  2.226  3.7102  1.936    7  0.000  0.517     0.00     0.00     0.00     0.00     0.00 -1    -1e-30      0.00 7.503e-01 2.496e-01 1.658e-05 5.167e-06 4.274e-05 -1.000 1.000e-04 -0.796 0.542 -0.279 -0.809 -1.002 -1.090 -1.117
0.0001 -2.19174 9.90309 0.9018270373 2.4497649670    0.854  2.263  3.7079  1.890    7  0.000  0.517     0.00     0.00     0.00     0.00     0.00 -1    -1e-30      0.00 7.503e-01 2.496e-01 1.658e-05 5.167e-06 4.274e-05 -1.000 1.000e-04 -0.887 0.480 -0.358 -0.899 -1.095 -1.186 -1.214
0.0001 -2.19174 9.90309 0.9018499851 2.4497709274    0.854  2.315  3.7048  1.826    7  0.000  0.517     0.00     0.00     0.00     0.00     0.00 -1    -1e-30      0.00 7.503e-01 2.496e-01 1.658e-05 5.168e-06 4.274e-05 -1.000 1.000e-04 -1.017 0.388 -0.472 -1.027 -1.229 -1.324 -1.354
0.0001 -2.19174 9.90309 0.9018715024 2.4497766495    0.854  2.360  3.7022  1.770    7  0.000  0.517     0.00     0.00     0.00     0.00     0.00 -1    -1e-30      0.00 7.503e-01 2.496e-01 1.658e-05 5.168e-06 4.274e-05 -1.000 1.000e-04 -1.130 0.308 -0.571 -1.138 -1.345 -1.443 -1.474
0.0001 -2.19174 9.90309 0.9018913507 2.4497818947    0.854  2.402  3.6999  1.719    7  0.000  0.517     0.00     0.00     0.00     0.00     0.00 -1    -1e-30      0.00 7.503e-01 2.496e-01 1.657e-05 5.170e-06 4.274e-05 -1.000 1.000e-04 -1.235 0.232 -0.665 -1.242 -1.453 -1.554 -1.586
0.0001 -2.19174 9.90309 0.9019092917 2.4497866631    0.854  2.444  3.6977  1.668    7  0.000  0.516     0.00     0.00     0.00     0.00     0.00 -1    -1e-30      0.00 7.503e-01 2.496e-01 1.653e-05 5.195e-06 4.275e-05 -1.000 1.000e-04 -1.339 0.159 -0.756 -1.343 -1.559 -1.662 -1.696
0.0001 -2.19174 9.90309 0.9019255042 2.4497909546    0.854  2.484  3.6955  1.619    7  0.000  0.511     0.00     0.00     0.00     0.00     0.00 -1    -1e-30      0.00 7.502e-01 2.497e-01 1.640e-05 5.301e-06 4.275e-05 -1.000 1.000e-04 -1.441 0.087 -0.845 -1.443 -1.663 -1.769 -1.804
0.0001 -2.19174 9.90309 0.9019402862 2.4497950077    0.854  2.525  3.6934  1.569    7  0.000  0.502     5.92     4.79     3.43     2.64     2.13  4    -1e-30      0.00 7.501e-01 2.498e-01 1.611e-05 5.601e-06 4.276e-05 -1.000 1.000e-04 -1.544 0.015 -0.935 -1.543 -1.767 -1.876 -1.912
0.0001 -2.19174 9.90309 0.9019536376 2.4497985840    0.854  2.566  3.6912  1.520    7  0.000  0.490     6.57     5.24     3.73     2.88     2.33  3    -1e-30      0.00 7.500e-01 2.499e-01 1.571e-05 6.067e-06 4.277e-05 -1.000 1.001e-04 -1.645 -0.056 -1.024 -1.642 -1.871 -1.982 -2.019
0.0001 -2.19174 9.90309 0.9019656181 2.4498016834    0.854  2.607  3.6891  1.471    7  0.000  0.477     7.29     5.72     4.06     3.13     2.54  3    -1e-30      0.00 7.498e-01 2.501e-01 1.531e-05 6.566e-06 4.278e-05 -1.000 9.999e-05 -1.747 -0.125 -1.111 -1.741 -1.974 -2.088 -2.126
0.0001 -2.19174 9.90309 0.9019767642 2.4498045444    0.854  2.647  3.6870  1.422    7  0.000  0.466     8.08     6.25     4.42     3.42     2.77  3    -1e-30      0.00 7.496e-01 2.503e-01 1.494e-05 7.021e-06 4.279e-05 -1.000 1.000e-04 -1.849 -0.190 -1.198 -1.840 -2.077 -2.194 -2.234
0.0001 -2.19174 9.90309 0.9019870162 2.4498074055    0.854  2.687  3.6849  1.373    7  0.000  0.456     8.95     6.83     4.81     3.72     3.01  3    -1e-30      0.00 7.495e-01 2.504e-01 1.464e-05 7.400e-06 4.279e-05 -1.000 9.996e-05 -1.949 -0.246 -1.282 -1.938 -2.179 -2.299 -2.340
0.0001 -2.19174 9.90309 0.9019969106 2.4498100281    0.854  2.727  3.6827  1.325    7  0.000  0.448     9.92     7.45     5.23     4.05     3.28  3    -1e-30      0.00 7.493e-01 2.506e-01 1.437e-05 7.726e-06 4.279e-05 -1.000 1.001e-04 -2.049 -0.286 -1.363 -2.037 -2.283 -2.406 -2.448
0.0001 -2.19174 9.90309 0.9020063877 2.4498124123    0.854  2.767  3.6806  1.277    7  0.000  0.441    10.98     8.13     5.68     4.41     3.57  3    -1e-30      0.00 7.491e-01 2.508e-01 1.415e-05 8.010e-06 4.278e-05 -1.000 9.552e-05 -2.148 -0.321 -1.442 -2.135 -2.387 -2.512 -2.555
0.0001 -2.19174 9.90309 0.9020155072 2.4498150349    0.854  2.808  3.6784  1.227    7  0.000  0.435    12.18     8.89     6.19     4.80     3.89  3    -1e-30      0.00 7.489e-01 2.511e-01 1.394e-05 8.265e-06 4.275e-05 -1.000 7.096e-05 -2.250 -0.349 -1.520 -2.235 -2.492 -2.620 -2.664
0.0001 -2.19174 9.90309 0.9020239711 2.4498171806    0.854  2.849  3.6762  1.178    7  0.000  0.430    13.53     9.72     6.74     5.24     4.25  3    -1e-30      0.00 7.486e-01 2.513e-01 1.377e-05 8.499e-06 4.271e-05 -1.000 5.895e-05 -2.351 -0.371 -1.595 -2.334 -2.597 -2.729 -2.774
0.0001 -2.19174 9.90309 0.9020311832 2.4498190880    0.854  2.887  3.6741  1.130    7  0.000  0.426    14.94    10.59     7.31     5.69     4.61  2    -1e-30      0.00 7.484e-01 2.515e-01 1.362e-05 8.709e-06 4.264e-05 -1.000 8.151e-05 -2.448 -0.385 -1.665 -2.428 -2.698 -2.832 -2.879
0.0001 -2.19174 9.90309 0.9020376205 2.4498207569    0.854  2.926  3.6720  1.083    7  0.000  0.423    16.51    11.53     7.93     6.18     5.01  2    -1e-30      0.00 7.482e-01 2.517e-01 1.349e-05 8.920e-06 4.254e-05 -1.000 1.000e-04 -2.545 -0.393 -1.732 -2.522 -2.798 -2.936 -2.984
0.0001 -2.19174 9.90309 0.9020429850 2.4498221874    0.854  2.963  3.6699  1.038    7  0.000  0.421    18.17    12.53     8.59     6.70     5.43  2    -1e-30      0.00 7.480e-01 2.519e-01 1.339e-05 9.137e-06 4.241e-05 -1.000 9.993e-05 -2.638 -0.395 -1.795 -2.612 -2.895 -3.036 -3.085
0.0001 -2.19174 9.90309 0.9020479321 2.4498236179    0.854  3.001  3.6677  0.991    7  0.000  0.420    20.05    13.63     9.30     7.27     5.90  2    -1e-30      0.00 7.478e-01 2.521e-01 1.330e-05 9.368e-06 4.226e-05 -1.000 9.999e-05 -2.733 -0.387 -1.854 -2.702 -2.993 -3.137 -3.188
0.0001 -2.19174 9.90309 0.9020530581 2.4498248100    0.854  3.042  3.6653  0.941    7  0.000  0.419    22.29    14.93    10.15     7.94     6.44  2    -1e-30      0.00 7.476e-01 2.523e-01 1.322e-05 9.602e-06 4.209e-05 -1.000 9.999e-05 -2.835 -0.365 -1.912 -2.799 -3.098 -3.247 -3.299
0.0001 -2.19174 9.90309 0.9020574093 2.4498260021    0.854  3.084  3.6628  0.889    7  0.000  0.418    24.88    16.40    11.10     8.70     7.06  2    -1e-30      0.00 7.474e-01 2.525e-01 1.316e-05 9.804e-06 4.195e-05 -1.000 9.969e-05 -2.940 -0.332 -1.967 -2.897 -3.207 -3.361 -3.415
0.0001 -2.19174 9.90309 0.9020600319 2.4498267174    0.854  3.119  3.6607  0.845    7  0.000  0.418    27.29    17.75    11.97     9.39     7.62  2    -1e-30      0.00 7.473e-01 2.526e-01 1.312e-05 9.935e-06 4.186e-05 -1.000 1.000e-04 -3.028 -0.294 -2.008 -2.978 -3.298 -3.457 -3.512
0.0001 -2.19174 9.90309 0.9020604491 2.4498269558    0.854  3.126  3.6603  0.836    7  0.000  0.418    27.80    18.04    12.16     9.54     7.74  2    -1e-30      0.00 7.472e-01 2.527e-01 1.312e-05 9.958e-06 4.184e-05 -1.000 1.000e-04 -3.046 -0.285 -2.016 -2.995 -3.317 -3.476 -3.532
0.0001 -2.19174 9.90309 0.9020605683 2.4498269558    0.854  3.129  3.6601  0.833    7  0.000  0.418    27.98    18.14    12.22     9.59     7.79  1    -1e-30      0.00 7.472e-01 2.527e-01 1.311e-05 9.965e-06 4.183e-05 -1.000 9.999e-05 -3.052 -0.282 -2.019 -3.000 -3.323 -3.483 -3.539
0.0001 -2.19174 9.90309 0.9020608068 2.4498269558    0.854  3.133  3.6599  0.828    7  0.000  0.418    28.29    18.31    12.33     9.68     7.86  1    -1e-30      0.00 7.472e-01 2.527e-01 1.311e-05 9.977e-06 4.182e-05 -1.000 1.000e-04 -3.063 -0.277 -2.023 -3.010 -3.334 -3.494 -3.550
0.0001 -2.19174 9.90309 0.9020610452 2.4498269558    0.854  3.138  3.6596  0.822    7  0.000  0.418    28.63    18.49    12.45     9.77     7.93  1    -1e-30      0.00 7.472e-01 2.527e-01 1.311e-05 9.990e-06 4.182e-05 -1.000 9.999e-05 -3.074 -0.271 -2.028 -3.020 -3.345 -3.506 -3.562
0.0001 -2.19174 9.90309 0.9020612240 2.4498269558    0.854  3.141  3.6594  0.818    7  0.000  0.418    28.89    18.64    12.55     9.85     8.00  1    -1e-30      0.00 7.472e-01 2.527e-01 1.311e-05 1.000e-05 4.181e-05 -1.000 1.000e-04 -3.083 -0.267 -2.032 -3.028 -3.354 -3.515 -3.572
0.0001 -2.19174 9.90309 0.9020615220 2.4498271942    0.854  3.147  3.6590  0.811    7  0.000  0.418    29.33    18.88    12.71     9.97     8.10  1    -1e-30      0.00 7.472e-01 2.527e-01 1.310e-05 1.002e-05 4.180e-05 -1.000 1.000e-04 -3.097 -0.259 -2.038 -3.041 -3.369 -3.531 -3.588
0.0001 -2.19174 9.90309 0.9020619988 2.4498271942    0.854  3.155  3.6585  0.800    7  0.000  0.418    29.97    19.24    12.93    10.16     8.24  1    -1e-30      0.00 7.472e-01 2.527e-01 1.309e-05 1.004e-05 4.178e-05 -1.000 1.000e-04 -3.118 -0.248 -2.046 -3.059 -3.390 -3.553 -3.610
0.0001 -2.19174 9.90309 0.9020627737 2.4498274326    0.854  3.200  3.6556  0.743    7  0.527  0.418    33.80    21.32    14.27    11.22     9.11  1    -1e-30      0.00 7.467e-01 2.532e-01 1.298e-05 1.048e-05 4.144e-05 -1.000 9.999e-05 -3.231 -0.238 -2.105 -3.160 -3.502 -3.671 -3.731
0.0001 -2.19174 9.90309 0.9020634890 2.4498276711    0.854  3.247  3.6511  0.679    8  0.528  0.436    38.72    23.96    15.95    12.56    10.20  1 -3.67e-07      0.00 7.463e-01 2.536e-01 1.356e-05 1.093e-05 4.146e-05 -1.000 1.237e-04 -3.346 -0.192 -2.145 -3.254 -3.614 -3.792 -3.855
0.0001 -2.19174 9.90309 0.9020636082 2.4498276711    0.852  3.055  3.6628  0.916    8  0.528  0.436    23.46    15.59    10.58     8.28     6.72  2 -1.74e-07      0.00 7.463e-01 2.536e-01 1.356e-05 1.093e-05 4.146e-05 -1.000 1.237e-04 -2.869 -0.276 -1.901 -2.826 -3.134 -3.288 -3.342
0.0001 -2.19174 9.90309 0.9020637870 2.4498276711    0.850  2.913  3.6712  1.091    8  0.528  0.436    16.21    11.36     7.82     6.09     4.94  2 -1.04e-07      0.00 7.463e-01 2.536e-01 1.356e-05 1.093e-05 4.146e-05 -1.000 1.237e-04 -2.513 -0.338 -1.692 -2.489 -2.767 -2.906 -2.954
0.0001 -2.19174 9.90309 0.9020640850 2.4498279095    0.846  2.680  3.6850  1.377    8  0.528  0.436     8.86     6.76     4.77     3.69     2.98  3 -4.86e-08      0.00 7.463e-01 2.536e-01 1.356e-05 1.093e-05 4.146e-05 -1.000 1.238e-04 -1.931 -0.232 -1.265 -1.920 -2.161 -2.281 -2.322
0.0001 -2.19174 9.90309 0.9020645618 2.4498279095    0.840  2.685  3.6845  1.367    8  0.528  0.436     9.02     6.87     4.84     3.74     3.03  3 -4.96e-08      0.00 7.463e-01 2.536e-01 1.356e-05 1.093e-05 4.146e-05 -1.000 1.237e-04 -1.942 -0.229 -1.272 -1.931 -2.174 -2.294 -2.335
0.0001 -2.19174 9.90309 0.9020651579 2.4498281479    0.833  2.748  3.6804  1.285    8  0.528  0.436    10.71     7.97     5.57     4.32     3.50  3 -6.09e-08      0.00 7.463e-01 2.536e-01 1.356e-05 1.093e-05 4.146e-05 -1.000 1.238e-04 -2.099 -0.267 -1.391 -2.086 -2.338 -2.464 -2.507
0.0001 -2.19174 9.90309 0.9020658731 2.4498283863    0.824  2.925  3.6694  1.059    8  0.528  0.436    17.20    11.94     8.20     6.40     5.19  2 -1.11e-07      0.00 7.463e-01 2.536e-01 1.356e-05 1.093e-05 4.146e-05 -1.000 1.237e-04 -2.542 -0.288 -1.694 -2.515 -2.798 -2.940 -2.990
0.0001 -2.19174 9.90309 0.9020667076 2.4498286247    0.814  3.092  3.6589  0.844    8  0.529  0.436    26.98    17.55    11.83     9.30     7.54  1 -2.09e-07      0.00 7.463e-01 2.536e-01 1.356e-05 1.093e-05 4.146e-05 -1.000 1.237e-04 -2.960 -0.142 -1.908 -2.904 -3.231 -3.392 -3.449
0.0001 -2.19174 9.90309 0.9020676613 2.4498288631    0.803  3.205  3.6517  0.696    8  0.529  0.436    36.81    22.87    15.23    12.02     9.76  1 -3.34e-07      0.00 7.463e-01 2.536e-01 1.356e-05 1.093e-05 4.146e-05 -1.000 1.237e-04 -3.243 -0.116 -2.054 -3.153 -3.511 -3.687 -3.750
0.0001 -2.19174 9.90309 0.9020687938 2.4498291016    0.790  3.267  3.6474  0.610    8  0.530  0.436    44.01    26.61    17.60    13.92    11.31  1 -4.42e-07      0.00 7.463e-01 2.536e-01 1.356e-05 1.093e-05 4.146e-05 -1.000 1.237e-04 -3.398 -0.101 -2.128 -3.286 -3.661 -3.847 -3.913
0.0001 -2.19174 9.90309 0.9020699859 2.4498293400    0.776  3.297  3.6450  0.563    8  0.530  0.436    48.46    28.85    19.00    15.06    12.23  1 -5.13e-07      0.00 7.463e-01 2.536e-01 1.356e-05 1.093e-05 4.146e-05 -1.000 1.237e-04 -3.472 -0.080 -2.155 -3.346 -3.733 -3.924 -3.992
0.0001 -2.19174 9.90309 0.9020713568 2.4498298168    0.760  3.313  3.6433  0.531    8  0.531  0.436    51.62    30.39    19.96    15.85    12.87  1 -5.66e-07      0.00 7.463e-01 2.536e-01 1.356e-05 1.093e-05 4.146e-05 -1.000 1.237e-04 -3.513 -0.055 -2.162 -3.378 -3.771 -3.967 -4.036
0.0001 -2.19174 9.90309 0.9020818472 2.4498324394    0.535 -9.999  4.0000  1.820    9  0.536  0.000     0.00     0.00     0.00     0.00     0.00 -1    -1e-30      0.00 7.463e-01 2.536e-01 1.356e-05 1.093e-05 4.146e-05 -1.000 1.238e-04 29.767 30.114 29.975 30.253 30.481 30.559 30.648
#isochrone terminated
