# File generated by CMD 3.6 (http://stev.oapd.inaf.it/cmd) on Thu Apr 21 18:04:58 CEST 2022
# isochrones based on PARSEC release v1.2S +  COLIBRI S_37 + S_35 + PR16
# Basic references: Bressan et al. (2012), MNRAS, 427, 127 + Chen et al. (2014, 2015), MNRAS, 444, 2525 + MNRAS, 452, 1068 + Tang et al. (2014), MNRAS, 445, 4287 + Marigo et al. (2017), ApJ, 835, 77 + Pastorelli al. (2019), MNRAS, 485, 5666 + Pastorelli al. (2020), MNRAS, in press
# Thermal pulse cycles included 
# On RGB, assumed Reimers mass loss with efficiency eta=0.2
# LPV periods and growth rates added cf. Trabucchi et al. (2019)
# but fundamental-mode LPV periods are from Trabucchi et al. (2021)
# Photometric system: DECAM (ABmags)
# Using YBC version of bolometric corrections as in Chen et al. (2019)
# O-rich circumstellar dpmod60alox40 dust from Groenewegen (2006)
# C-rich circumstellar AMCSIC15 dust from Groenewegen (2006)
# IMF: Kroupa (2001, 2002) + Kroupa et al. (2013) canonical two-part-power law IMF corrected for unresolved binaries 
# Kind of output: isochrone tables
# Zini     MH   logAge Mini        int_IMF         Mass   logL    logTe  logg  label   McoreTP C_O  period0  period1  period2  period3  period4  pmode  Mloss  tau1m   X   Y   Xc  Xn  Xo  Cexcess  Z 	 mbolmag  umag    gmag    rmag    imag    zmag    Ymag
0.001 -1.19029 9.77815 0.0900000036 1.0816895962    0.090 -3.215  3.4562  5.384    1  0.000  0.545     0.00     0.00     0.00     0.00     0.00 -1 -5.19e-17      0.00 7.479e-01 2.511e-01 1.798e-04 4.851e-05 4.400e-04 -1.000 9.999e-04 12.808 18.027 16.773 14.909 12.874 12.195 12.066
0.001 -1.19029 9.77815 0.0992808715 1.1650710106    0.099 -2.977  3.4902  5.325    1  0.000  0.545     0.00     0.00     0.00     0.00     0.00 -1 -9.15e-17      0.00 7.472e-01 2.518e-01 1.798e-04 4.851e-05 4.400e-04 -1.000 1.000e-03 12.213 17.305 15.409 13.606 12.150 11.634 11.512
0.001 -1.19029 9.77815 0.1000000015 1.1711064577    0.100 -2.960  3.4927  5.320    1  0.000  0.545     0.00     0.00     0.00     0.00     0.00 -1 -9.54e-17      0.00 7.472e-01 2.518e-01 1.798e-04 4.851e-05 4.400e-04 -1.000 1.000e-03 12.170 17.241 15.314 13.520 12.099 11.593 11.472
0.001 -1.19029 9.77815 0.1115250364 1.2607489824    0.111 -2.790  3.5123  5.276    1  0.000  0.545     0.00     0.00     0.00     0.00     0.00 -1  -1.4e-16      0.00 7.465e-01 2.525e-01 1.798e-04 4.851e-05 4.400e-04 -1.000 1.000e-03 11.745 16.620 14.498 12.775 11.625 11.190 11.074
0.001 -1.19029 9.77815 0.1199999973 1.3193154335    0.120 -2.676  3.5254  5.247    1  0.000  0.545     0.00     0.00     0.00     0.00     0.00 -1 -1.82e-16      0.00 7.460e-01 2.530e-01 1.798e-04 4.851e-05 4.400e-04 -1.000 1.000e-03 11.461 16.155 13.973 12.307 11.312 10.918 10.806
0.001 -1.19029 9.77815 0.1400000006 1.4384527206    0.140 -2.496  3.5417  5.199    1  0.000  0.545     0.00     0.00     0.00     0.00     0.00 -1  -2.7e-16      0.00 7.452e-01 2.538e-01 1.798e-04 4.851e-05 4.400e-04 -1.000 9.999e-04 11.009 15.441 13.254 11.668 10.832 10.482 10.374
0.001 -1.19029 9.77815 0.1599999964 1.5372931957    0.160 -2.359  3.5521  5.162    1  0.000  0.545     0.00     0.00     0.00     0.00     0.00 -1 -3.61e-16      0.00 7.444e-01 2.546e-01 1.798e-04 4.851e-05 4.400e-04 -1.000 1.000e-03 10.668 14.917 12.756 11.222 10.476 10.149 10.045
0.001 -1.19029 9.77815 0.2000000179 1.6938792467    0.200 -2.146  3.5663  5.103    1  0.000  0.545     0.00     0.00     0.00     0.00     0.00 -1 -5.64e-16      0.00 7.434e-01 2.556e-01 1.798e-04 4.851e-05 4.400e-04 -1.000 9.999e-04 10.136 14.121 12.025 10.566 9.928 9.631 9.532
0.001 -1.19029 9.77815 0.2500000000 1.8403258324    0.250 -1.943  3.5777  5.042    1  0.000  0.545     0.00     0.00     0.00     0.00     0.00 -1 -8.61e-16      0.00 7.428e-01 2.562e-01 1.798e-04 4.851e-05 4.400e-04 -1.000 1.000e-03 9.629 13.405 11.372 9.978 9.410 9.134 9.041
0.001 -1.19029 9.77815 0.3000000417 1.9529141188    0.300 -1.783  3.5862  4.995    1  0.000  0.545     0.00     0.00     0.00     0.00     0.00 -1  -1.2e-15      0.00 7.427e-01 2.563e-01 1.798e-04 4.851e-05 4.400e-04 -1.000 1.000e-03 9.227 12.846 10.868 9.527 9.003 8.741 8.651
0.001 -1.19029 9.77815 0.3499999940 2.0434174538    0.350 -1.649  3.5932  4.956    1  0.000  0.545     0.00     0.00     0.00     0.00     0.00 -1 -1.58e-15      0.00 7.485e-01 2.505e-01 1.798e-04 4.851e-05 4.400e-04 -1.000 1.000e-03 8.893 12.388 10.454 9.158 8.664 8.413 8.327
0.001 -1.19029 9.77815 0.4000000060 2.1185026169    0.400 -1.503  3.6039  4.911    1  0.000  0.545     0.00     0.00     0.00     0.00     0.00 -1 -2.18e-15      0.00 7.489e-01 2.501e-01 1.798e-04 4.851e-05 4.400e-04 -1.000 1.000e-03 8.529 11.846 9.972 8.746 8.291 8.058 7.977
0.001 -1.19029 9.77815 0.4500000179 2.1822810173    0.450 -1.333  3.6200  4.856    1  0.000  0.545     0.00     0.00     0.00     0.00     0.00 -1 -3.24e-15      0.00 7.489e-01 2.501e-01 1.798e-04 4.851e-05 4.400e-04 -1.000 1.000e-03 8.103 11.173 9.380 8.260 7.856 7.648 7.575
0.001 -1.19029 9.77815 0.5000000000 2.2374541759    0.500 -1.140  3.6463  4.814    1  0.000  0.545     0.00     0.00     0.00     0.00     0.00 -1 -5.05e-15      0.00 7.489e-01 2.501e-01 1.798e-04 4.851e-05 4.400e-04 -1.000 1.000e-03 7.620 10.306 8.640 7.691 7.365 7.197 7.137
0.001 -1.19029 9.77815 0.5500000715 2.2836585045    0.550 -0.938  3.6762  4.773    1  0.000  0.545     0.00     0.00     0.00     0.00     0.00 -1 -8.01e-15      0.00 7.665e-01 2.326e-01 1.680e-04 4.535e-05 4.113e-04 -1.000 9.198e-04 7.116 9.318 7.869 7.107 6.857 6.733 6.688
0.001 -1.19029 9.77815 0.6000000238 2.3211214542    0.600 -0.754  3.7017  4.729    1  0.000  0.544     0.00     0.00     0.00     0.00     0.00 -1 -1.23e-14      0.00 7.713e-01 2.278e-01 1.649e-04 4.453e-05 4.040e-04 -1.000 9.000e-04 6.655 8.438 7.230 6.600 6.399 6.308 6.277
0.001 -1.19029 9.77815 0.6034181714 2.3234231472    0.603 -0.741  3.7037  4.726    1  0.000  0.544     0.00     0.00     0.00     0.00     0.00 -1 -1.27e-14      0.00 7.717e-01 2.274e-01 1.647e-04 4.447e-05 4.035e-04 -1.000 8.999e-04 6.623 8.378 7.188 6.566 6.368 6.280 6.250
0.001 -1.19029 9.77815 0.6340225339 2.3427655697    0.634 -0.629  3.7211  4.705    1  0.000  0.544     0.00     0.00     0.00     0.00     0.00 -1 -1.65e-14      0.00 7.751e-01 2.240e-01 1.627e-04 4.391e-05 3.984e-04 -1.000 8.999e-04 6.342 7.857 6.818 6.269 6.099 6.031 6.011
0.001 -1.19029 9.77815 0.6499999762 2.3520355225    0.650 -0.571  3.7300  4.694    1  0.000  0.544     0.00     0.00     0.00     0.00     0.00 -1 -1.88e-14      0.00 7.770e-01 2.221e-01 1.615e-04 4.360e-05 3.956e-04 -1.000 9.000e-04 6.198 7.603 6.635 6.120 5.964 5.906 5.891
0.001 -1.19029 9.77815 0.6529160142 2.3536710739    0.653 -0.561  3.7315  4.691    1  0.000  0.544     0.00     0.00     0.00     0.00     0.00 -1 -1.93e-14      0.00 7.774e-01 2.217e-01 1.612e-04 4.353e-05 3.950e-04 -1.000 9.022e-04 6.172 7.560 6.603 6.094 5.940 5.884 5.869
0.001 -1.19029 9.77815 0.6735652685 2.3647890091    0.673 -0.487  3.7422  4.674    1  0.000  0.544     0.00     0.00     0.00     0.00     0.00 -1 -2.29e-14      0.00 7.802e-01 2.189e-01 1.594e-04 4.304e-05 3.906e-04 -1.000 9.000e-04 5.987 7.259 6.380 5.908 5.769 5.725 5.715
0.001 -1.19029 9.77815 0.6920753121 2.3741092682    0.692 -0.422  3.7515  4.658    1  0.000  0.544     0.00     0.00     0.00     0.00     0.00 -1 -2.68e-14      0.00 7.831e-01 2.161e-01 1.576e-04 4.257e-05 3.865e-04 -1.000 8.787e-04 5.824 7.002 6.185 5.748 5.624 5.589 5.583
0.001 -1.19029 9.77815 0.6999999881 2.3779268265    0.700 -0.394  3.7554  4.651    1  0.000  0.544     0.00     0.00     0.00     0.00     0.00 -1 -2.86e-14      0.00 7.843e-01 2.148e-01 1.568e-04 4.236e-05 3.846e-04 -1.000 8.389e-04 5.755 6.895 6.103 5.681 5.563 5.532 5.528
0.001 -1.19029 9.77815 0.7081006765 2.3817276955    0.708 -0.366  3.7592  4.643    1  0.000  0.542     0.00     0.00     0.00     0.00     0.00 -1 -3.06e-14      0.00 7.859e-01 2.133e-01 1.554e-04 4.208e-05 3.823e-04 -1.000 8.080e-04 5.684 6.787 6.020 5.612 5.500 5.474 5.471
0.001 -1.19029 9.77815 0.7273257971 2.3903596401    0.727 -0.299  3.7681  4.623    1  0.000  0.539     0.00     0.00     0.00     0.00     0.00 -1 -3.61e-14      0.00 7.898e-01 2.093e-01 1.522e-04 4.140e-05 3.763e-04 -1.000 8.729e-04 5.517 6.545 5.828 5.452 5.354 5.336 5.337
0.001 -1.19029 9.77815 0.7448018193 2.3977632523    0.745 -0.238  3.7758  4.603    1  0.000  0.536     0.00     0.00     0.00     0.00     0.00 -1  -4.2e-14      0.00 7.937e-01 2.054e-01 1.490e-04 4.072e-05 3.703e-04 -1.000 8.454e-04 5.365 6.332 5.656 5.308 5.221 5.212 5.216
0.001 -1.19029 9.77815 0.7500000000 2.3998889923    0.750 -0.220  3.7780  4.597    1  0.000  0.536     0.00     0.00     0.00     0.00     0.00 -1 -4.39e-14      0.00 7.950e-01 2.042e-01 1.480e-04 4.050e-05 3.685e-04 -1.000 8.500e-04 5.320 6.270 5.605 5.266 5.182 5.175 5.180
0.001 -1.19029 9.77815 0.7516705990 2.4005651474    0.752 -0.214  3.7786  4.595    1  0.000  0.536     0.00     0.00     0.00     0.00     0.00 -1 -4.45e-14      0.00 7.956e-01 2.035e-01 1.476e-04 4.040e-05 3.675e-04 -1.000 8.499e-04 5.305 6.251 5.589 5.252 5.169 5.162 5.168
0.001 -1.19029 9.77815 0.7709351778 2.4081175327    0.771 -0.147  3.7854  4.565    1  0.000  0.535     0.00     0.00     0.00     0.00     0.00 -1 -5.31e-14      0.00 8.033e-01 1.959e-01 1.429e-04 3.911e-05 3.560e-04 -1.000 8.001e-04 5.137 6.039 5.405 5.092 5.019 5.019 5.027
0.001 -1.19029 9.77815 0.7885798216 2.4146640301    0.788 -0.085  3.7913  4.537    1  0.000  0.534     0.00     0.00     0.00     0.00     0.00 -1 -6.25e-14      0.00 8.110e-01 1.882e-01 1.380e-04 3.782e-05 3.444e-04 -1.000 7.994e-04 4.982 5.849 5.236 4.944 4.881 4.886 4.896
0.001 -1.19029 9.77815 0.8000000119 2.4187245369    0.800 -0.044  3.7951  4.517    1  0.000  0.534     0.00     0.00     0.00     0.00     0.00 -1 -6.97e-14      0.00 8.161e-01 1.831e-01 1.349e-04 3.699e-05 3.370e-04 -1.000 7.885e-04 4.881 5.726 5.126 4.847 4.790 4.799 4.810
0.001 -1.19029 9.77815 0.8078728914 2.4214470387    0.807 -0.016  3.7976  4.504    1  0.000  0.534     0.00     0.00     0.00     0.00     0.00 -1 -7.51e-14      0.00 8.175e-01 1.817e-01 1.346e-04 3.690e-05 3.363e-04 -1.000 7.839e-04 4.811 5.642 5.050 4.781 4.727 4.739 4.750
0.001 -1.19029 9.77815 0.8259784579 2.4274821281    0.825  0.049  3.8035  4.472    1  0.000  0.533     0.00     0.00     0.00     0.00     0.00 -1 -8.96e-14      0.00 8.201e-01 1.792e-01 1.343e-04 3.684e-05 3.359e-04 -1.000 7.527e-04 4.648 5.450 4.874 4.624 4.580 4.597 4.610
0.001 -1.19029 9.77815 0.8424725533 2.4327213764    0.842  0.109  3.8086  4.440    1  0.000  0.532     0.00     0.00     0.00     0.00     0.00 -1 -1.06e-13      0.00 8.219e-01 1.774e-01 1.343e-04 3.688e-05 3.365e-04 -1.000 7.657e-04 4.496 5.274 4.710 4.478 4.442 4.464 4.479
0.001 -1.19029 9.77815 0.8500000238 2.4350347519    0.849  0.138  3.8109  4.425    1  0.000  0.532     0.00     0.00     0.00     0.00     0.00 -1 -1.14e-13      0.00 8.226e-01 1.767e-01 1.344e-04 3.693e-05 3.370e-04 -1.000 7.614e-04 4.426 5.194 4.633 4.410 4.378 4.402 4.418
0.001 -1.19029 9.77815 0.8620074987 2.4386291504    0.861  0.183  3.8148  4.401    1  0.000  0.532     0.00     0.00     0.00     0.00     0.00 -1  -1.3e-13      0.00 8.226e-01 1.767e-01 1.347e-04 3.701e-05 3.378e-04 -1.000 7.505e-04 4.311 5.064 4.509 4.299 4.273 4.300 4.318
0.001 -1.19029 9.77815 0.8750941753 2.4424176216    0.874  0.235  3.8190  4.372    1  0.000  0.532     0.00     0.00     0.00     0.00     0.00 -1  -1.5e-13      0.00 8.225e-01 1.767e-01 1.351e-04 3.712e-05 3.389e-04 -1.000 8.000e-04 4.182 4.918 4.369 4.173 4.153 4.185 4.203
0.001 -1.19029 9.77815 0.8872056603 2.4458093643    0.886  0.285  3.8228  4.343    1  0.000  0.531     0.00     0.00     0.00     0.00     0.00 -1 -1.73e-13      0.00 8.223e-01 1.769e-01 1.355e-04 3.723e-05 3.400e-04 -1.000 7.890e-04 4.057 4.778 4.234 4.051 4.037 4.072 4.092
0.001 -1.19029 9.77815 0.8978370428 2.4487001896    0.897  0.331  3.8262  4.316    1  0.000  0.531     0.00     0.00     0.00     0.00     0.00 -1 -1.97e-13      0.00 8.219e-01 1.773e-01 1.359e-04 3.736e-05 3.411e-04 -1.000 7.958e-04 3.942 4.652 4.112 3.939 3.931 3.969 3.990
0.001 -1.19029 9.77815 0.8999999762 2.4492788315    0.899  0.341  3.8268  4.310    1  0.000  0.531     0.00     0.00     0.00     0.00     0.00 -1 -2.02e-13      0.00 8.218e-01 1.774e-01 1.360e-04 3.739e-05 3.414e-04 -1.000 8.000e-04 3.919 4.625 4.086 3.916 3.908 3.947 3.968
0.001 -1.19029 9.77815 0.9080078006 2.4513928890    0.907  0.376  3.8294  4.290    1  0.000  0.531     0.00     0.00     0.00     0.00     0.00 -1 -2.23e-13      0.00 8.217e-01 1.775e-01 1.361e-04 3.741e-05 3.416e-04 -1.000 8.001e-04 3.831 4.528 3.991 3.830 3.827 3.868 3.890
0.001 -1.19029 9.77815 0.9180234671 2.4539778233    0.917  0.420  3.8325  4.262    1  0.000  0.531     0.00     0.00     0.00     0.00     0.00 -1 -2.54e-13      0.00 8.215e-01 1.777e-01 1.362e-04 3.744e-05 3.419e-04 -1.000 7.366e-04 3.719 4.406 3.871 3.720 3.723 3.767 3.789
0.001 -1.19029 9.77815 0.9272508621 2.4563024044    0.926  0.462  3.8349  4.234    1  0.000  0.531     0.00     0.00     0.00     0.00     0.00 -1 -2.88e-13      0.00 8.212e-01 1.780e-01 1.363e-04 3.748e-05 3.422e-04 -1.000 8.000e-04 3.614 4.293 3.759 3.616 3.623 3.669 3.692
0.001 -1.19029 9.77815 0.9389142394 2.4591655731    0.937  0.520  3.8375  4.192    1  0.000  0.531     0.00     0.00     0.00     0.00     0.00 -1 -3.42e-13      0.00 8.199e-01 1.793e-01 1.371e-04 3.768e-05 3.440e-04 -1.000 7.999e-04 3.470 4.140 3.606 3.474 3.485 3.534 3.557
0.001 -1.19029 9.77815 0.9479002953 2.4613165855    0.946  0.567  3.8390  4.154    1  0.000  0.531     0.00     0.00     0.00     0.00     0.00 -1 -3.97e-13      0.00 8.181e-01 1.811e-01 1.381e-04 3.797e-05 3.466e-04 -1.000 8.000e-04 3.351 4.015 3.481 3.355 3.369 3.419 3.442
0.001 -1.19029 9.77815 0.9490622282 2.4615912437    0.948  0.574  3.8391  4.149    1  0.000  0.531     0.00     0.00     0.00     0.00     0.00 -1 -4.04e-13      0.00 8.178e-01 1.814e-01 1.383e-04 3.801e-05 3.469e-04 -1.000 8.000e-04 3.336 3.998 3.465 3.339 3.354 3.403 3.427
0.001 -1.19029 9.77815 0.9499999881 2.4618122578    0.949  0.579  3.8391  4.144    1  0.000  0.531     0.00     0.00     0.00     0.00     0.00 -1 -4.12e-13      0.00 8.176e-01 1.816e-01 1.384e-04 3.804e-05 3.472e-04 -1.000 8.000e-04 3.322 3.984 3.451 3.325 3.340 3.389 3.412
0.001 -1.19029 9.77815 0.9566584826 2.4633681774    0.955  0.619  3.8393  4.108    1  0.000  0.532     0.00     0.00     0.00     0.00     0.00 -1 -4.68e-13      0.00 8.163e-01 1.829e-01 1.392e-04 3.824e-05 3.490e-04 -1.000 7.999e-04 3.222 3.882 3.348 3.224 3.240 3.290 3.313
0.001 -1.19029 9.77815 0.9641674161 2.4650928974    0.963  0.668  3.8378  4.056    1  0.000  0.532     0.00     0.00     0.00     0.00     0.00 -1 -5.54e-13      0.00 8.147e-01 1.845e-01 1.400e-04 3.847e-05 3.510e-04 -1.000 8.000e-04 3.099 3.761 3.225 3.098 3.113 3.160 3.183
0.001 -1.19029 9.77815 0.9704993963 2.4665236473    0.969  0.714  3.8345  4.000    1  0.000  0.532     0.00     0.00     0.00     0.00     0.00 -1 -6.56e-13      0.00 8.135e-01 1.857e-01 1.407e-04 3.866e-05 3.527e-04 -1.000 8.000e-04 2.985 3.655 3.115 2.980 2.990 3.035 3.056
0.001 -1.19029 9.77815 0.9717800021 2.4668104649    0.970  0.725  3.8329  3.984    1  0.000  0.532     0.00     0.00     0.00     0.00     0.00 -1 -6.84e-13      0.00 8.132e-01 1.860e-01 1.409e-04 3.869e-05 3.530e-04 -1.000 8.000e-04 2.958 3.632 3.091 2.951 2.959 3.002 3.023
0.001 -1.19029 9.77815 0.9769091010 2.4679503441    0.975  0.769  3.8246  3.909    2  0.000  0.532     0.00     0.00     0.00     0.00     0.00 -1 -8.23e-13      0.00 8.122e-01 1.870e-01 1.414e-04 3.885e-05 3.544e-04 -1.000 8.000e-04 2.848 3.547 2.996 2.833 2.828 2.863 2.882
0.001 -1.19029 9.77815 0.9804695249 2.4687335491    0.979  0.803  3.8148  3.837    2  0.000  0.532     0.00     0.00     0.00     0.00     0.00 -1 -9.65e-13      0.00 8.115e-01 1.877e-01 1.418e-04 3.895e-05 3.553e-04 -1.000 8.000e-04 2.763 3.495 2.932 2.738 2.718 2.744 2.760
0.001 -1.19029 9.77815 0.9830059409 2.4692873955    0.981  0.829  3.8039  3.768    2  0.000  0.532     0.00     0.00     0.00     0.00     0.00 -1 -1.11e-12      0.00 8.110e-01 1.882e-01 1.421e-04 3.903e-05 3.560e-04 -1.000 8.000e-04 2.697 3.474 2.892 2.662 2.626 2.642 2.654
0.001 -1.19029 9.77815 0.9848868251 2.4696960449    0.983  0.848  3.7920  3.703    2  0.000  0.532     0.00     0.00     0.00     0.00     0.00 -1 -1.25e-12      0.00 8.105e-01 1.887e-01 1.424e-04 3.910e-05 3.566e-04 -1.000 8.001e-04 2.650 3.484 2.875 2.606 2.551 2.556 2.565
0.001 -1.19029 9.77815 0.9863702655 2.4700169563    0.985  0.859  3.7801  3.645    2  0.000  0.533     0.00     0.00     0.00     0.00     0.00 -1 -1.37e-12      0.00 8.045e-01 1.946e-01 1.458e-04 4.000e-05 3.647e-04 -1.000 8.431e-04 2.623 3.523 2.881 2.571 2.497 2.491 2.495
0.001 -1.19029 9.77815 0.9876397252 2.4702908993    0.986  0.862  3.7689  3.597    2  0.000  0.535     0.00     0.00     0.00     0.00     0.00 -1 -1.46e-12      0.00 7.865e-01 2.126e-01 1.559e-04 4.270e-05 3.888e-04 -1.000 8.948e-04 2.615 3.590 2.907 2.558 2.466 2.449 2.449
0.001 -1.19029 9.77815 0.9888437390 2.4705498219    0.987  0.866  3.7584  3.552    2  0.000  0.536     0.00     0.00     0.00     0.00     0.00 -1 -1.55e-12      0.00 7.699e-01 2.292e-01 1.653e-04 4.520e-05 4.110e-04 -1.000 9.051e-04 2.604 3.657 2.930 2.544 2.436 2.408 2.404
0.001 -1.19029 9.77815 0.9900157452 2.4708013535    0.988  0.884  3.7494  3.499    2  0.000  0.537     0.00     0.00     0.00     0.00     0.00 -1 -1.71e-12      0.00 7.626e-01 2.365e-01 1.694e-04 4.629e-05 4.207e-04 -1.000 9.452e-04 2.561 3.684 2.917 2.500 2.377 2.340 2.332
0.001 -1.19029 9.77815 0.9911065698 2.4710347652    0.989  0.918  3.7431  3.440    2  0.000  0.537     0.00     0.00     0.00     0.00     0.00 -1 -1.98e-12      0.00 7.589e-01 2.402e-01 1.713e-04 4.680e-05 4.253e-04 -1.000 9.571e-04 2.475 3.651 2.853 2.414 2.282 2.238 2.227
0.001 -1.19029 9.77815 0.9915599227 2.4711315632    0.990  0.936  3.7410  3.413    2  0.000  0.537     0.00     0.00     0.00     0.00     0.00 -1 -2.13e-12      0.00 7.577e-01 2.414e-01 1.718e-04 4.696e-05 4.267e-04 -1.000 9.165e-04 2.429 3.624 2.815 2.369 2.234 2.187 2.175
0.001 -1.19029 9.77815 0.9917008877 2.4711616039    0.990  0.943  3.7404  3.404    3  0.000  0.537     0.00     0.00     0.00     0.00     0.00 -1  -2.2e-12      0.00 7.573e-01 2.417e-01 1.719e-04 4.700e-05 4.270e-04 -1.000 1.000e-03 2.413 3.612 2.801 2.353 2.216 2.169 2.157
0.001 -1.19029 9.77815 0.9926994443 2.4713745117    0.991  0.995  3.7369  3.339    3  0.000  0.537     0.00     0.00     0.00     0.00     0.00 -1 -2.64e-12      0.00 7.548e-01 2.442e-01 1.728e-04 4.723e-05 4.290e-04 -1.000 9.919e-04 2.284 3.514 2.684 2.225 2.084 2.032 2.018
0.001 -1.19029 9.77815 0.9934063554 2.4715247154    0.992  1.035  3.7346  3.289    3  0.000  0.537     0.00     0.00     0.00     0.00     0.00 -1 -3.07e-12      0.00 7.530e-01 2.460e-01 1.732e-04 4.736e-05 4.301e-04 -1.000 9.939e-04 2.181 3.432 2.591 2.125 1.979 1.925 1.910
0.001 -1.19029 9.77815 0.9941732883 2.4716875553    0.992  1.084  3.7326  3.233    3  0.000  0.535     0.00     0.00     0.00     0.00     0.00 -1 -3.66e-12      0.00 7.508e-01 2.482e-01 1.730e-04 4.760e-05 4.311e-04 -1.000 9.931e-04 2.061 3.330 2.478 2.005 1.857 1.800 1.784
0.001 -1.19029 9.77815 0.9948189855 2.4718246460    0.993  1.127  3.7308  3.183    3  0.000  0.530     0.00     0.00     0.00     0.00     0.00 -1 -4.29e-12      0.00 7.487e-01 2.503e-01 1.717e-04 4.838e-05 4.318e-04 -1.000 9.953e-04 1.952 3.236 2.375 1.897 1.746 1.688 1.671
0.001 -1.19029 9.77815 0.9954844117 2.4719653130    0.993  1.176  3.7290  3.128    3  0.000  0.519     0.00     0.00     0.00     0.00     0.00 -1 -5.11e-12      0.00 7.464e-01 2.526e-01 1.683e-04 5.139e-05 4.325e-04 -1.000 1.000e-03 1.831 3.132 2.262 1.778 1.624 1.563 1.545
0.001 -1.19029 9.77815 0.9960873127 2.4720928669    0.994  1.223  3.7274  3.074    3  0.000  0.503     0.00     0.00     0.00     0.00     0.00 -1 -6.05e-12      0.00 7.442e-01 2.548e-01 1.633e-04 5.704e-05 4.330e-04 -1.000 1.000e-03 1.713 3.028 2.150 1.661 1.505 1.442 1.424
0.001 -1.19029 9.77815 0.9966410398 2.4722096920    0.995  1.270  3.7257  3.021    3  0.000  0.487     0.00     0.00     0.00     0.00     0.00 -1 -7.17e-12      0.00 7.421e-01 2.569e-01 1.583e-04 6.332e-05 4.334e-04 -1.000 1.000e-03 1.596 2.927 2.040 1.546 1.387 1.323 1.303
0.001 -1.19029 9.77815 0.9971819520 2.4723236561    0.995  1.319  3.7239  2.964    3  0.000  0.474     0.00     0.00     0.00     0.00     0.00 -1 -8.56e-12      0.00 7.402e-01 2.588e-01 1.542e-04 6.853e-05 4.337e-04 -1.000 1.000e-03 1.473 2.821 1.924 1.424 1.262 1.196 1.175
0.001 -1.19029 9.77815 0.9976422787 2.4724206924    0.995  1.364  3.7223  2.913    3  0.000  0.465     0.00     0.00     0.00     0.00     0.00 -1 -1.01e-11      0.00 7.387e-01 2.603e-01 1.513e-04 7.230e-05 4.339e-04 -1.000 1.000e-03 1.359 2.724 1.817 1.312 1.147 1.079 1.057
0.001 -1.19029 9.77815 0.9980946183 2.4725158215    0.996  1.413  3.7204  2.857    3  0.000  0.458     0.00     0.00     0.00     0.00     0.00 -1  -1.2e-11      0.00 7.374e-01 2.616e-01 1.490e-04 7.509e-05 4.341e-04 -1.000 9.982e-04 1.238 2.621 1.704 1.192 1.025 0.954 0.931
0.001 -1.19029 9.77815 0.9984819889 2.4725973606    0.996  1.458  3.7186  2.805    3  0.000  0.453     0.00     0.00     0.00     0.00     0.00 -1 -1.42e-11      0.00 7.364e-01 2.626e-01 1.475e-04 7.712e-05 4.343e-04 -1.000 9.984e-04 1.126 2.528 1.600 1.081 0.911 0.838 0.814
0.001 -1.19029 9.77815 0.9988566637 2.4726760387    0.996  1.505  3.7168  2.750    3  0.000  0.449     0.00     0.00     0.00     0.00     0.00 -1 -1.68e-11      0.00 7.356e-01 2.634e-01 1.462e-04 7.871e-05 4.344e-04 -1.000 1.000e-03 1.007 2.429 1.490 0.965 0.791 0.716 0.691
0.001 -1.19029 9.77815 0.9991906285 2.4727458954    0.996  1.551  3.7148  2.697    3  0.000  0.446     0.00     0.00     0.00     0.00     0.00 -1 -1.99e-11      0.00 7.350e-01 2.640e-01 1.455e-04 7.963e-05 4.345e-04 -1.000 1.000e-03 0.892 2.336 1.384 0.852 0.676 0.597 0.572
0.001 -1.19029 9.77815 0.9994922876 2.4728093147    0.997  1.596  3.7130  2.644    3  0.000  0.445     0.00     0.00     0.00     0.00     0.00 -1 -2.34e-11      0.00 7.346e-01 2.644e-01 1.450e-04 8.033e-05 4.345e-04 -1.000 9.999e-04 0.780 2.244 1.281 0.742 0.562 0.482 0.455
0.001 -1.19029 9.77815 0.9997733235 2.4728682041    0.997  1.641  3.7110  2.592    3  0.000  0.443     0.00     0.00     0.00     0.00     0.00 -1 -2.76e-11      0.00 7.344e-01 2.646e-01 1.445e-04 8.081e-05 4.345e-04 -1.000 1.000e-03 0.668 2.153 1.178 0.632 0.449 0.366 0.338
0.001 -1.19029 9.77815 1.0000000000 2.4729156494    0.997  1.680  3.7092  2.545    3  0.000  0.443     0.00     0.00     0.00     0.00     0.00 -1 -3.19e-11      0.00 7.343e-01 2.647e-01 1.445e-04 8.091e-05 4.346e-04 -1.000 1.000e-03 0.570 2.075 1.089 0.536 0.350 0.265 0.236
0.001 -1.19029 9.77815 1.0000307560 2.4729220867    0.997  1.686  3.7089  2.539    3  0.000  0.443     0.00     0.00     0.00     0.00     0.00 -1 -3.25e-11      0.00 7.343e-01 2.647e-01 1.445e-04 8.092e-05 4.346e-04 -1.000 1.000e-03 0.556 2.064 1.077 0.523 0.337 0.251 0.222
0.001 -1.19029 9.77815 1.0002665520 2.4729714394    0.997  1.730  3.7070  2.486    3  0.000  0.443     0.00     0.00     0.00     0.00     0.00 -1 -3.82e-11      0.00 7.343e-01 2.647e-01 1.444e-04 8.103e-05 4.346e-04 -1.000 1.000e-03 0.445 1.976 0.975 0.414 0.224 0.136 0.106
0.001 -1.19029 9.77815 1.0004837513 2.4730167389    0.997  1.774  3.7048  2.433    3  0.000  0.443     0.00     0.00     0.00     0.00     0.00 -1  -4.5e-11      0.00 7.343e-01 2.647e-01 1.444e-04 8.106e-05 4.346e-04 -1.000 1.000e-03 0.334 1.895 0.876 0.306 0.112 0.021 -0.010
0.001 -1.19029 9.77815 1.0006804466 2.4730579853    0.997  1.818  3.7027  2.382    3  0.000  0.443     0.00     0.00     0.00     0.00     0.00 -1 -5.28e-11      0.00 7.343e-01 2.647e-01 1.443e-04 8.109e-05 4.346e-04 -1.000 1.000e-03 0.226 1.815 0.778 0.199 0.002 -0.091 -0.124
0.001 -1.19029 9.77815 1.0008674860 2.4730970860    0.997  1.862  3.7005  2.328    3  0.000  0.443     0.00     0.00     0.00     0.00     0.00 -1 -6.21e-11      0.00 7.343e-01 2.647e-01 1.443e-04 8.111e-05 4.346e-04 -1.000 1.000e-03 0.115 1.734 0.679 0.091 -0.110 -0.206 -0.240
0.001 -1.19029 9.77815 1.0010385513 2.4731326103    0.997  1.905  3.6983  2.276    3  0.000  0.443     0.00     0.00     0.00     0.00     0.00 -1 -7.28e-11      0.00 7.343e-01 2.647e-01 1.443e-04 8.113e-05 4.346e-04 -1.000 1.000e-03 0.007 1.657 0.583 -0.015 -0.220 -0.318 -0.353
0.001 -1.19029 9.77815 1.0011955500 2.4731655121    0.997  1.948  3.6961  2.225    3  0.000  0.443     0.00     0.00     0.00     0.00     0.00 -1 -8.53e-11      0.00 7.343e-01 2.647e-01 1.443e-04 8.115e-05 4.346e-04 -1.000 9.999e-04 -0.100 1.582 0.490 -0.118 -0.327 -0.429 -0.465
0.001 -1.19029 9.77815 1.0013425350 2.4731962681    0.997  1.991  3.6938  2.173    3  0.000  0.443     0.00     0.00     0.00     0.00     0.00 -1 -9.98e-11      0.00 7.342e-01 2.648e-01 1.443e-04 8.117e-05 4.346e-04 -1.000 1.000e-03 -0.206 1.509 0.397 -0.221 -0.435 -0.539 -0.576
0.001 -1.19029 9.77815 1.0014837980 2.4732255936    0.996  2.033  3.6915  2.122    3  0.000  0.443     0.00     0.00     0.00     0.00     0.00 -1 -1.17e-10      0.00 7.342e-01 2.648e-01 1.443e-04 8.119e-05 4.346e-04 -1.000 1.000e-03 -0.312 1.436 0.304 -0.324 -0.541 -0.648 -0.687
0.001 -1.19029 9.77815 1.0016298294 2.4732561111    0.996  2.074  3.6892  2.071    3  0.000  0.443     0.00     0.00     0.00     0.00     0.00 -1 -1.36e-10      0.00 7.342e-01 2.648e-01 1.442e-04 8.121e-05 4.346e-04 -1.000 1.000e-03 -0.415 1.368 0.215 -0.423 -0.644 -0.755 -0.795
0.001 -1.19029 9.77815 1.0017454624 2.4732801914    0.996  2.092  3.6883  2.050    3  0.000  0.442     0.00     0.00     0.00     0.00     0.00 -1 -1.46e-10      0.00 7.342e-01 2.648e-01 1.442e-04 8.122e-05 4.346e-04 -1.000 1.000e-03 -0.460 1.337 0.177 -0.466 -0.689 -0.800 -0.841
0.001 -1.19029 9.77815 1.0018218756 2.4732961655    0.996  2.074  3.6895  2.072    3  0.000  0.442     0.00     0.00     0.00     0.00     0.00 -1 -1.38e-10      0.00 7.342e-01 2.648e-01 1.442e-04 8.123e-05 4.346e-04 -1.000 1.000e-03 -0.415 1.362 0.213 -0.424 -0.645 -0.755 -0.794
0.001 -1.19029 9.77815 1.0018956661 2.4733114243    0.996  2.045  3.6916  2.110    3  0.000  0.442     0.00     0.00     0.00     0.00     0.00 -1 -1.24e-10      0.00 7.342e-01 2.648e-01 1.442e-04 8.124e-05 4.346e-04 -1.000 1.000e-03 -0.342 1.405 0.274 -0.354 -0.571 -0.678 -0.717
0.001 -1.19029 9.77815 1.0019057989 2.4733135700    0.996  2.040  3.6919  2.116    3  0.000  0.442     0.00     0.00     0.00     0.00     0.00 -1 -1.22e-10      0.00 7.342e-01 2.648e-01 1.442e-04 8.124e-05 4.346e-04 -1.000 1.000e-03 -0.330 1.413 0.284 -0.342 -0.559 -0.666 -0.704
0.001 -1.19029 9.77815 1.0019569397 2.4733242989    0.995  2.060  3.6908  2.092    3  0.000  0.442     0.00     0.00     0.00     0.00     0.00 -1  -1.3e-10      0.00 7.342e-01 2.648e-01 1.442e-04 8.125e-05 4.346e-04 -1.000 1.000e-03 -0.379 1.380 0.242 -0.390 -0.608 -0.716 -0.755
0.001 -1.19029 9.77815 1.0020618439 2.4733462334    0.995  2.100  3.6884  2.041    3  0.000  0.442     0.00     0.00     0.00     0.00     0.00 -1  -1.5e-10      0.00 7.342e-01 2.648e-01 1.442e-04 8.126e-05 4.346e-04 -1.000 1.000e-03 -0.481 1.314 0.155 -0.487 -0.710 -0.822 -0.862
0.001 -1.19029 9.77815 1.0021643639 2.4733674526    0.995  2.142  3.6860  1.990    3  0.000  0.442     0.00     0.00     0.00     0.00     0.00 -1 -1.75e-10      0.00 7.342e-01 2.648e-01 1.442e-04 8.128e-05 4.346e-04 -1.000 1.000e-03 -0.585 1.249 0.066 -0.587 -0.814 -0.929 -0.971
0.001 -1.19029 9.77815 1.0022592545 2.4733872414    0.995  2.183  3.6836  1.939    3  0.000  0.442     0.00     0.00     0.00     0.00     0.00 -1 -2.04e-10      0.00 7.342e-01 2.648e-01 1.442e-04 8.129e-05 4.346e-04 -1.000 1.000e-03 -0.688 1.198 -0.019 -0.687 -0.918 -1.035 -1.079
0.001 -1.19029 9.77815 1.0023479462 2.4734058380    0.994  2.224  3.6811  1.888    3  0.000  0.442     0.00     0.00     0.00     0.00     0.00 -1 -2.37e-10      0.00 7.342e-01 2.648e-01 1.442e-04 8.130e-05 4.346e-04 -1.000 1.000e-03 -0.790 1.150 -0.104 -0.787 -1.022 -1.142 -1.187
0.001 -1.19029 9.77815 1.0024309158 2.4734230042    0.994  2.265  3.6787  1.837    3  0.000  0.442     0.00     0.00     0.00     0.00     0.00 -1 -2.76e-10      0.00 7.342e-01 2.648e-01 1.442e-04 8.131e-05 4.346e-04 -1.000 1.000e-03 -0.892 1.105 -0.187 -0.887 -1.126 -1.249 -1.296
0.001 -1.19029 9.77815 1.0025054216 2.4734385014    0.994  2.304  3.6763  1.788    3  0.000  0.442     0.00     0.00     0.00     0.00     0.00 -1  -3.2e-10      0.00 7.342e-01 2.648e-01 1.442e-04 8.132e-05 4.347e-04 -1.000 1.000e-03 -0.990 1.066 -0.265 -0.983 -1.225 -1.351 -1.400
0.001 -1.19029 9.77815 1.0025767088 2.4734532833    0.993  2.344  3.6738  1.738    3  0.000  0.442     0.00     0.00     0.00     0.00     0.00 -1 -3.72e-10      0.00 7.342e-01 2.648e-01 1.442e-04 8.133e-05 4.347e-04 -1.000 1.000e-03 -1.090 1.029 -0.344 -1.080 -1.326 -1.456 -1.506
0.001 -1.19029 9.77815 1.0026400089 2.4734666348    0.993  2.382  3.6713  1.690    3  0.000  0.442     0.00     0.00     0.00     0.00     0.00 -1 -4.29e-10      0.00 7.342e-01 2.648e-01 1.442e-04 8.134e-05 4.347e-04 -1.000 9.999e-04 -1.185 0.996 -0.418 -1.172 -1.422 -1.555 -1.607
0.001 -1.19029 9.77815 1.0027004480 2.4734790325    0.992  2.421  3.6688  1.641    3  0.000  0.442     0.00     0.00     0.00     0.00     0.00 -1 -4.96e-10      0.00 7.342e-01 2.648e-01 1.441e-04 8.134e-05 4.347e-04 -1.000 1.000e-03 -1.282 0.966 -0.491 -1.265 -1.520 -1.655 -1.709
0.001 -1.19029 9.77815 1.0027551651 2.4734904766    0.992  2.458  3.6663  1.594    3  0.000  0.442     0.00     0.00     0.00     0.00     0.00 -1 -5.71e-10      0.00 7.342e-01 2.648e-01 1.441e-04 8.135e-05 4.347e-04 -1.000 1.000e-03 -1.375 0.942 -0.560 -1.354 -1.613 -1.752 -1.808
0.001 -1.19029 9.77815 1.0028073788 2.4735014439    0.991  2.496  3.6638  1.545    3  0.000  0.442     0.00     0.00     0.00     0.00     0.00 -1 -6.59e-10      0.00 7.342e-01 2.648e-01 1.441e-04 8.136e-05 4.347e-04 -1.000 1.000e-03 -1.470 0.921 -0.630 -1.445 -1.708 -1.850 -1.908
0.001 -1.19029 9.77815 1.0028542280 2.4735109806    0.990  2.532  3.6613  1.499    3  0.000  0.442     7.25     5.65     4.03     3.09     2.50  4 -7.55e-10      0.00 7.342e-01 2.648e-01 1.441e-04 8.136e-05 4.347e-04 -1.000 1.000e-03 -1.561 0.904 -0.695 -1.530 -1.798 -1.943 -2.003
0.001 -1.19029 9.77815 1.0028984547 2.4735202789    0.990  2.569  3.6588  1.452    3  0.000  0.442     7.99     6.15     4.37     3.35     2.72  4 -8.67e-10      0.00 7.342e-01 2.648e-01 1.441e-04 8.137e-05 4.347e-04 -1.000 9.999e-04 -1.652 0.898 -0.756 -1.615 -1.889 -2.037 -2.099
0.001 -1.19029 9.77815 1.0029395819 2.4735288620    0.989  2.605  3.6564  1.406    3  0.000  0.442     8.80     6.69     4.73     3.64     2.95  3 -9.95e-10      0.00 7.342e-01 2.648e-01 1.441e-04 8.137e-05 4.347e-04 -1.000 1.000e-03 -1.742 0.882 -0.818 -1.697 -1.976 -2.128 -2.192
0.001 -1.19029 9.77815 1.0029780865 2.4735367298    0.988  2.640  3.6538  1.360    3  0.000  0.442     9.69     7.27     5.12     3.94     3.20  3 -1.14e-09      0.00 7.342e-01 2.648e-01 1.441e-04 8.138e-05 4.347e-04 -1.000 1.000e-03 -1.831 0.866 -0.877 -1.776 -2.062 -2.218 -2.284
0.001 -1.19029 9.77815 1.0030144453 2.4735443592    0.987  2.677  3.6512  1.313    3  0.000  0.442    10.68     7.91     5.55     4.28     3.47  3 -1.31e-09      0.00 7.342e-01 2.648e-01 1.441e-04 8.138e-05 4.347e-04 -1.000 1.000e-03 -1.921 0.852 -0.937 -1.856 -2.148 -2.309 -2.377
0.001 -1.19029 9.77815 1.0030550957 2.4735529423    0.986  2.720  3.6482  1.257    3  0.000  0.442    11.99     8.74     6.11     4.72     3.83  3 -1.54e-09      0.00 7.342e-01 2.648e-01 1.441e-04 8.139e-05 4.347e-04 -1.000 1.000e-03 -2.029 0.832 -1.008 -1.951 -2.251 -2.417 -2.487
0.001 -1.19029 9.77815 1.0030864477 2.4735593796    0.985  2.755  3.6456  1.211    3  0.000  0.442    13.19     9.50     6.61     5.11     4.15  3 -1.76e-09      0.00 7.342e-01 2.648e-01 1.441e-04 8.139e-05 4.347e-04 -1.000 1.000e-03 -2.117 0.820 -1.065 -2.027 -2.334 -2.505 -2.577
0.001 -1.19029 9.77815 1.0031220913 2.4735667706    0.984  2.798  3.6423  1.154    3  0.000  0.442    14.85    10.52     7.29     5.64     4.58  3 -2.08e-09      0.00 7.342e-01 2.648e-01 1.441e-04 8.140e-05 4.347e-04 -1.000 1.000e-03 -2.224 0.809 -1.132 -2.120 -2.435 -2.612 -2.686
0.001 -1.19029 9.77815 1.0031539202 2.4735734463    0.982  2.839  3.6393  1.101    3  0.000  0.442    16.60    11.58     7.99     6.20     5.03  3 -2.43e-09      0.00 7.342e-01 2.648e-01 1.441e-04 8.140e-05 4.347e-04 -1.000 1.000e-03 -2.326 0.798 -1.196 -2.208 -2.531 -2.713 -2.790
0.001 -1.19029 9.77815 1.0031841993 2.4735796452    0.981  2.880  3.6362  1.046    3  0.000  0.442    18.59    12.78     8.78     6.82     5.53  3 -2.85e-09      0.00 7.342e-01 2.648e-01 1.441e-04 8.140e-05 4.347e-04 -1.000 1.000e-03 -2.430 0.789 -1.258 -2.295 -2.628 -2.815 -2.895
0.001 -1.19029 9.77815 1.0032124519 2.4735856056    0.979  2.921  3.6330  0.991    3  0.000  0.442    20.84    14.10     9.64     7.50     6.09  2 -3.34e-09      0.00 7.342e-01 2.648e-01 1.441e-04 8.141e-05 4.347e-04 -1.000 1.000e-03 -2.533 0.785 -1.318 -2.381 -2.723 -2.916 -2.999
0.001 -1.19029 9.77815 1.0032383204 2.4735908508    0.977  2.961  3.6299  0.938    3  0.000  0.442    23.30    15.53    10.57     8.24     6.69  2  -3.9e-09      0.00 7.342e-01 2.648e-01 1.441e-04 8.141e-05 4.347e-04 -1.000 1.000e-03 -2.634 0.790 -1.370 -2.463 -2.815 -3.015 -3.100
0.001 -1.19029 9.77815 1.0032618046 2.4735958576    0.975  3.001  3.6269  0.886    3  0.000  0.442    25.96    17.06    11.56     9.02     7.33  2 -4.54e-09      0.00 7.342e-01 2.648e-01 1.441e-04 8.141e-05 4.347e-04 -1.000 1.000e-03 -2.732 0.793 -1.420 -2.542 -2.905 -3.111 -3.199
0.001 -1.19029 9.77815 1.0032837391 2.4736003876    0.973  3.040  3.6238  0.834    3  0.000  0.442    28.92    18.72    12.64     9.87     8.02  2 -5.28e-09      0.00 7.342e-01 2.648e-01 1.441e-04 8.142e-05 4.347e-04 -1.000 1.000e-03 -2.829 0.796 -1.468 -2.620 -2.993 -3.206 -3.296
0.001 -1.19029 9.77815 1.0033047199 2.4736046791    0.970  3.079  3.6207  0.781    3  0.000  0.442    32.26    20.58    13.83    10.82     8.80  2 -6.14e-09      0.00 7.342e-01 2.648e-01 1.441e-04 8.142e-05 4.347e-04 -1.000 1.000e-03 -2.926 0.803 -1.515 -2.697 -3.081 -3.300 -3.393
0.001 -1.19029 9.77815 1.0033236742 2.4736087322    0.968  3.116  3.6177  0.730    3  0.000  0.442    35.84    22.54    15.08    11.82     9.61  2 -7.11e-09      0.00 7.342e-01 2.648e-01 1.441e-04 8.142e-05 4.347e-04 -1.000 1.000e-03 -3.020 0.809 -1.558 -2.770 -3.165 -3.391 -3.486
0.001 -1.19029 9.77815 1.0033414364 2.4736123085    0.965  3.153  3.6148  0.681    3  0.000  0.442    39.74    24.64    16.43    12.89    10.48  2 -8.21e-09      0.00 7.342e-01 2.648e-01 1.441e-04 8.142e-05 4.347e-04 -1.000 1.000e-03 -3.112 0.812 -1.601 -2.842 -3.248 -3.480 -3.578
0.001 -1.19029 9.77815 1.0033584833 2.4736158848    0.962  3.190  3.6119  0.630    3  0.000  0.442    44.14    26.98    17.91    14.07    11.44  1  -9.5e-09      0.00 7.342e-01 2.648e-01 1.441e-04 8.143e-05 4.347e-04 -1.000 9.999e-04 -3.206 0.815 -1.644 -2.915 -3.332 -3.570 -3.671
0.001 -1.19029 9.77815 1.0033744574 2.4736192226    0.958  3.227  3.6089  0.580    3  0.000  0.442    49.00    29.52    19.52    15.36    12.49  1  -1.1e-08      0.00 7.342e-01 2.648e-01 1.441e-04 8.143e-05 4.347e-04 -1.000 1.000e-03 -3.298 0.820 -1.682 -2.984 -3.413 -3.658 -3.761
0.001 -1.19029 9.77815 1.0033888817 2.4736223221    0.955  3.262  3.6061  0.532    3  0.000  0.442    54.08    32.14    21.17    16.68    13.57  1 -1.26e-08      0.00 7.342e-01 2.648e-01 1.441e-04 8.143e-05 4.347e-04 -1.000 1.000e-03 -3.385 0.819 -1.716 -3.049 -3.489 -3.741 -3.846
0.001 -1.19029 9.77815 1.0034028292 2.4736251831    0.951  3.295  3.6034  0.487    3  0.000  0.442    59.42    34.86    22.87    18.05    14.68  1 -1.44e-08      0.00 7.342e-01 2.648e-01 1.441e-04 8.143e-05 4.347e-04 -1.000 1.000e-03 -3.468 0.818 -1.747 -3.109 -3.562 -3.820 -3.927
0.001 -1.19029 9.77815 1.0034109354 2.4736268520    0.948  3.314  3.6019  0.461    3  0.000  0.442    62.73    36.52    23.91    18.88    15.36  1 -1.55e-08      0.00 7.342e-01 2.648e-01 1.441e-04 8.143e-05 4.347e-04 -1.000 1.000e-03 -3.515 0.816 -1.762 -3.143 -3.603 -3.865 -3.974
0.001 -1.19029 9.77815 1.0034109354 2.4736268520    0.948  1.817  3.7308  2.473    4  0.000  0.464     0.00     0.00     0.00     0.00     0.00 -1    -1e-30      0.00 7.314e-01 2.676e-01 1.533e-04 7.399e-05 4.403e-04 -1.000 1.000e-03 0.228 1.497 0.644 0.176 0.026 -0.034 -0.052
0.001 -1.19029 9.77815 1.0035345554 2.4736523628    0.948  1.830  3.7296  2.455    4  0.000  0.464     0.00     0.00     0.00     0.00     0.00 -1    -1e-30      0.00 7.314e-01 2.676e-01 1.533e-04 7.401e-05 4.404e-04 -1.000 1.000e-03 0.194 1.475 0.615 0.142 -0.009 -0.071 -0.090
0.001 -1.19029 9.77815 1.0036575794 2.4736781120    0.949  1.834  3.7293  2.450    4  0.000  0.464     0.00     0.00     0.00     0.00     0.00 -1    -1e-30      0.00 7.314e-01 2.676e-01 1.533e-04 7.402e-05 4.404e-04 -1.000 1.000e-03 0.184 1.468 0.605 0.132 -0.020 -0.082 -0.101
0.001 -1.19029 9.77815 1.0037829876 2.4737040997    0.949  1.837  3.7293  2.447    4  0.000  0.464     0.00     0.00     0.00     0.00     0.00 -1    -1e-30      0.00 7.313e-01 2.677e-01 1.532e-04 7.404e-05 4.404e-04 -1.000 9.999e-04 0.177 1.461 0.598 0.125 -0.027 -0.089 -0.108
0.001 -1.19029 9.77815 1.0039091110 2.4737300873    0.949  1.839  3.7295  2.446    4  0.000  0.464     0.00     0.00     0.00     0.00     0.00 -1    -1e-30      0.00 7.313e-01 2.677e-01 1.532e-04 7.406e-05 4.404e-04 -1.000 1.000e-03 0.172 1.454 0.593 0.120 -0.032 -0.093 -0.112
0.001 -1.19029 9.77815 1.0040373802 2.4737567902    0.949  1.840  3.7299  2.447    4  0.000  0.464     0.00     0.00     0.00     0.00     0.00 -1    -1e-30      0.00 7.313e-01 2.677e-01 1.532e-04 7.408e-05 4.404e-04 -1.000 1.000e-03 0.169 1.448 0.588 0.117 -0.034 -0.096 -0.114
0.001 -1.19029 9.77815 1.0041633844 2.4737830162    0.949  1.841  3.7304  2.448    4  0.000  0.464     0.00     0.00     0.00     0.00     0.00 -1    -1e-30      0.00 7.313e-01 2.677e-01 1.532e-04 7.410e-05 4.404e-04 -1.000 1.000e-03 0.167 1.441 0.584 0.115 -0.036 -0.096 -0.115
0.001 -1.19029 9.77815 1.0042915344 2.4738094807    0.949  1.842  3.7309  2.449    4  0.000  0.464     0.00     0.00     0.00     0.00     0.00 -1    -1e-30      0.00 7.313e-01 2.677e-01 1.532e-04 7.412e-05 4.404e-04 -1.000 1.000e-03 0.166 1.435 0.581 0.113 -0.036 -0.097 -0.115
0.001 -1.19029 9.77815 1.0044182539 2.4738357067    0.949  1.842  3.7314  2.451    4  0.000  0.464     0.00     0.00     0.00     0.00     0.00 -1    -1e-30      0.00 7.313e-01 2.677e-01 1.532e-04 7.414e-05 4.404e-04 -1.000 1.000e-03 0.165 1.429 0.577 0.112 -0.037 -0.097 -0.114
0.001 -1.19029 9.77815 1.0045478344 2.4738626480    0.950  1.843  3.7319  2.452    4  0.000  0.464     0.00     0.00     0.00     0.00     0.00 -1    -1e-30      0.00 7.313e-01 2.677e-01 1.532e-04 7.416e-05 4.404e-04 -1.000 1.000e-03 0.163 1.422 0.574 0.110 -0.038 -0.097 -0.115
0.001 -1.19029 9.77815 1.0046793222 2.4738898277    0.950  1.843  3.7324  2.454    4  0.000  0.464     0.00     0.00     0.00     0.00     0.00 -1    -1e-30      0.00 7.313e-01 2.677e-01 1.531e-04 7.418e-05 4.404e-04 -1.000 1.000e-03 0.162 1.416 0.570 0.108 -0.039 -0.098 -0.115
0.001 -1.19029 9.77815 1.0048081875 2.4739165306    0.950  1.844  3.7328  2.455    4  0.000  0.464     0.00     0.00     0.00     0.00     0.00 -1    -1e-30      0.00 7.313e-01 2.677e-01 1.531e-04 7.420e-05 4.404e-04 -1.000 1.000e-03 0.160 1.410 0.566 0.106 -0.040 -0.098 -0.115
0.001 -1.19029 9.77815 1.0049347878 2.4739427567    0.950  1.845  3.7332  2.456    4  0.000  0.464     0.00     0.00     0.00     0.00     0.00 -1    -1e-30      0.00 7.313e-01 2.677e-01 1.531e-04 7.422e-05 4.404e-04 -1.000 1.000e-03 0.158 1.404 0.562 0.104 -0.042 -0.099 -0.116
0.001 -1.19029 9.77815 1.0050629377 2.4739692211    0.950  1.846  3.7336  2.457    4  0.000  0.464     0.00     0.00     0.00     0.00     0.00 -1    -1e-30      0.00 7.313e-01 2.677e-01 1.531e-04 7.424e-05 4.404e-04 -1.000 1.000e-03 0.156 1.398 0.559 0.101 -0.044 -0.101 -0.117
0.001 -1.19029 9.77815 1.0051871538 2.4739949703    0.950  1.847  3.7340  2.457    4  0.000  0.463     0.00     0.00     0.00     0.00     0.00 -1    -1e-30      0.00 7.313e-01 2.677e-01 1.531e-04 7.426e-05 4.404e-04 -1.000 1.000e-03 0.154 1.392 0.555 0.099 -0.045 -0.102 -0.119
0.001 -1.19029 9.77815 1.0052021742 2.4739980698    0.950  1.847  3.7340  2.457    4  0.000  0.463     0.00     0.00     0.00     0.00     0.00 -1    -1e-30      0.00 7.313e-01 2.677e-01 1.531e-04 7.426e-05 4.404e-04 -1.000 1.000e-03 0.153 1.392 0.554 0.099 -0.046 -0.102 -0.119
0.001 -1.19029 9.77815 1.0052148104 2.4740006924    0.950  1.847  3.7340  2.457    4  0.000  0.463     0.00     0.00     0.00     0.00     0.00 -1    -1e-30      0.00 7.313e-01 2.677e-01 1.531e-04 7.427e-05 4.404e-04 -1.000 1.000e-03 0.153 1.391 0.554 0.098 -0.046 -0.102 -0.119
0.001 -1.19029 9.77815 1.0053088665 2.4740200043    0.950  1.848  3.7343  2.458    4  0.000  0.463     0.00     0.00     0.00     0.00     0.00 -1    -1e-30      0.00 7.313e-01 2.677e-01 1.531e-04 7.428e-05 4.404e-04 -1.000 1.000e-03 0.151 1.387 0.551 0.097 -0.047 -0.104 -0.120
0.001 -1.19029 9.77815 1.0053230524 2.4740231037    0.950  1.848  3.7343  2.458    4  0.000  0.463     0.00     0.00     0.00     0.00     0.00 -1    -1e-30      0.00 7.313e-01 2.677e-01 1.531e-04 7.428e-05 4.404e-04 -1.000 1.000e-03 0.151 1.386 0.551 0.096 -0.047 -0.104 -0.120
0.001 -1.19029 9.77815 1.0054386854 2.4740469456    0.951  1.849  3.7346  2.458    4  0.000  0.463     0.00     0.00     0.00     0.00     0.00 -1    -1e-30      0.00 7.313e-01 2.677e-01 1.531e-04 7.430e-05 4.404e-04 -1.000 1.000e-03 0.149 1.382 0.547 0.094 -0.050 -0.106 -0.122
0.001 -1.19029 9.77815 1.0055607557 2.4740722179    0.951  1.850  3.7348  2.457    4  0.000  0.463     0.00     0.00     0.00     0.00     0.00 -1    -1e-30      0.00 7.313e-01 2.677e-01 1.530e-04 7.433e-05 4.404e-04 -1.000 1.000e-03 0.145 1.377 0.543 0.090 -0.053 -0.108 -0.125
0.001 -1.19029 9.77815 1.0056798458 2.4740967751    0.951  1.851  3.7349  2.457    4  0.000  0.463     0.00     0.00     0.00     0.00     0.00 -1    -1e-30      0.00 7.312e-01 2.678e-01 1.530e-04 7.435e-05 4.404e-04 -1.000 1.000e-03 0.142 1.372 0.539 0.087 -0.056 -0.111 -0.127
0.001 -1.19029 9.77815 1.0058002472 2.4741215706    0.951  1.853  3.7350  2.456    4  0.000  0.463     0.00     0.00     0.00     0.00     0.00 -1    -1e-30      0.00 7.312e-01 2.678e-01 1.530e-04 7.437e-05 4.404e-04 -1.000 1.000e-03 0.139 1.367 0.535 0.084 -0.059 -0.115 -0.131
0.001 -1.19029 9.77815 1.0059192181 2.4741463661    0.951  1.854  3.7351  2.454    4  0.000  0.463     0.00     0.00     0.00     0.00     0.00 -1    -1e-30      0.00 7.312e-01 2.678e-01 1.530e-04 7.439e-05 4.404e-04 -1.000 1.000e-03 0.135 1.363 0.531 0.079 -0.063 -0.118 -0.134
0.001 -1.19029 9.77815 1.0060371161 2.4741706848    0.951  1.856  3.7350  2.453    4  0.000  0.463     0.00     0.00     0.00     0.00     0.00 -1    -1e-30      0.00 7.312e-01 2.678e-01 1.530e-04 7.441e-05 4.404e-04 -1.000 1.000e-03 0.130 1.359 0.527 0.075 -0.067 -0.123 -0.139
0.001 -1.19029 9.77815 1.0060808659 2.4741797447    0.951  1.856  3.7350  2.452    4  0.000  0.463     0.00     0.00     0.00     0.00     0.00 -1    -1e-30      0.00 7.312e-01 2.678e-01 1.530e-04 7.442e-05 4.404e-04 -1.000 1.000e-03 0.129 1.358 0.526 0.074 -0.069 -0.125 -0.141
0.001 -1.19029 9.77815 1.0060918331 2.4741818905    0.951  1.857  3.7350  2.452    4  0.000  0.463     0.00     0.00     0.00     0.00     0.00 -1    -1e-30      0.00 7.312e-01 2.678e-01 1.530e-04 7.442e-05 4.404e-04 -1.000 1.000e-03 0.128 1.358 0.525 0.073 -0.070 -0.125 -0.141
0.001 -1.19029 9.77815 1.0062156916 2.4742074013    0.951  1.859  3.7348  2.449    4  0.000  0.463     0.00     0.00     0.00     0.00     0.00 -1    -1e-30      0.00 7.312e-01 2.678e-01 1.529e-04 7.445e-05 4.404e-04 -1.000 1.000e-03 0.122 1.353 0.520 0.067 -0.076 -0.132 -0.148
0.001 -1.19029 9.77815 1.0063405037 2.4742331505    0.952  1.862  3.7345  2.445    4  0.000  0.463     0.00     0.00     0.00     0.00     0.00 -1    -1e-30      0.00 7.312e-01 2.678e-01 1.529e-04 7.447e-05 4.404e-04 -1.000 1.000e-03 0.116 1.349 0.514 0.061 -0.083 -0.139 -0.155
0.001 -1.19029 9.77815 1.0064677000 2.4742593765    0.952  1.865  3.7342  2.441    4  0.000  0.463     0.00     0.00     0.00     0.00     0.00 -1    -1e-30      0.00 7.312e-01 2.678e-01 1.529e-04 7.449e-05 4.404e-04 -1.000 1.000e-03 0.108 1.345 0.508 0.053 -0.091 -0.147 -0.163
0.001 -1.19029 9.77815 1.0065917969 2.4742851257    0.952  1.868  3.7338  2.436    4  0.000  0.463     0.00     0.00     0.00     0.00     0.00 -1    -1e-30      0.00 7.312e-01 2.678e-01 1.529e-04 7.451e-05 4.404e-04 -1.000 1.000e-03 0.100 1.341 0.501 0.045 -0.100 -0.157 -0.173
0.001 -1.19029 9.77815 1.0067164898 2.4743106365    0.952  1.872  3.7333  2.430    4  0.000  0.463     0.00     0.00     0.00     0.00     0.00 -1    -1e-30      0.00 7.312e-01 2.678e-01 1.529e-04 7.454e-05 4.404e-04 -1.000 1.000e-03 0.091 1.337 0.494 0.036 -0.110 -0.167 -0.184
0.001 -1.19029 9.77815 1.0068393946 2.4743361473    0.952  1.876  3.7327  2.423    4  0.000  0.463     0.00     0.00     0.00     0.00     0.00 -1    -1e-30      0.00 7.312e-01 2.678e-01 1.528e-04 7.456e-05 4.404e-04 -1.000 1.000e-03 0.080 1.332 0.486 0.025 -0.121 -0.179 -0.196
0.001 -1.19029 9.77815 1.0069643259 2.4743618965    0.952  1.881  3.7320  2.416    4  0.000  0.463     0.00     0.00     0.00     0.00     0.00 -1    -1e-30      0.00 7.312e-01 2.678e-01 1.528e-04 7.458e-05 4.404e-04 -1.000 1.000e-03 0.068 1.327 0.477 0.014 -0.133 -0.192 -0.210
0.001 -1.19029 9.77815 1.0070897341 2.4743876457    0.952  1.886  3.7312  2.407    4  0.000  0.463     0.00     0.00     0.00     0.00     0.00 -1    -1e-30      0.00 7.312e-01 2.678e-01 1.528e-04 7.460e-05 4.404e-04 -1.000 1.000e-03 0.054 1.321 0.467 0.000 -0.148 -0.208 -0.226
0.001 -1.19029 9.77815 1.0072194338 2.4744143486    0.953  1.889  3.7310  2.404    4  0.000  0.463     0.00     0.00     0.00     0.00     0.00 -1    -1e-30      0.00 7.312e-01 2.678e-01 1.528e-04 7.463e-05 4.404e-04 -1.000 1.000e-03 0.048 1.317 0.461 -0.006 -0.155 -0.215 -0.233
0.001 -1.19029 9.77815 1.0073461533 2.4744403362    0.953  1.890  3.7310  2.403    4  0.000  0.462     0.00     0.00     0.00     0.00     0.00 -1    -1e-30      0.00 7.312e-01 2.678e-01 1.528e-04 7.465e-05 4.404e-04 -1.000 1.000e-03 0.045 1.314 0.458 -0.009 -0.158 -0.218 -0.236
0.001 -1.19029 9.77815 1.0074709654 2.4744660854    0.953  1.905  3.7286  2.378    4  0.000  0.462     0.00     0.00     0.00     0.00     0.00 -1    -1e-30      0.00 7.312e-01 2.678e-01 1.527e-04 7.467e-05 4.404e-04 -1.000 1.000e-03 0.008 1.303 0.432 -0.045 -0.198 -0.261 -0.280
0.001 -1.19029 9.77815 1.0075972080 2.4744920731    0.953  1.932  3.7246  2.336    4  0.000  0.462     0.00     0.00     0.00     0.00     0.00 -1    -1e-30      0.00 7.312e-01 2.678e-01 1.527e-04 7.470e-05 4.404e-04 -1.000 1.000e-03 -0.060 1.278 0.381 -0.111 -0.271 -0.338 -0.359
0.001 -1.19029 9.77815 1.0076794624 2.4745090008    0.953  1.966  3.7203  2.285    4  0.000  0.462     0.00     0.00     0.00     0.00     0.00 -1    -1e-30      0.00 7.312e-01 2.678e-01 1.527e-04 7.471e-05 4.404e-04 -1.000 1.000e-03 -0.144 1.242 0.316 -0.193 -0.360 -0.432 -0.455
0.001 -1.19029 9.77815 1.0077166557 2.4745166302    0.953  1.999  3.7163  2.235    4  0.000  0.462     0.00     0.00     0.00     0.00     0.00 -1    -1e-30      0.00 7.312e-01 2.678e-01 1.527e-04 7.472e-05 4.404e-04 -1.000 1.000e-03 -0.228 1.205 0.252 -0.274 -0.447 -0.524 -0.549
0.001 -1.19029 9.77815 1.0077329874 2.4745199680    0.953  2.032  3.7127  2.188    4  0.000  0.462     0.00     0.00     0.00     0.00     0.00 -1    -1e-30      0.00 7.312e-01 2.678e-01 1.527e-04 7.472e-05 4.404e-04 -1.000 1.000e-03 -0.309 1.168 0.188 -0.352 -0.531 -0.612 -0.639
0.001 -1.19029 9.77815 1.0077406168 2.4745216370    0.953  2.065  3.7092  2.141    4  0.000  0.462     0.00     0.00     0.00     0.00     0.00 -1    -1e-30      0.00 7.312e-01 2.678e-01 1.527e-04 7.472e-05 4.404e-04 -1.000 9.999e-04 -0.393 1.128 0.123 -0.432 -0.617 -0.703 -0.731
0.001 -1.19029 9.77815 1.0077444315 2.4745223522    0.953  2.100  3.7059  2.093    4  0.000  0.462     0.00     0.00     0.00     0.00     0.00 -1    -1e-30      0.00 7.312e-01 2.678e-01 1.527e-04 7.472e-05 4.404e-04 -1.000 1.000e-03 -0.479 1.085 0.055 -0.514 -0.706 -0.795 -0.825
0.001 -1.19029 9.77815 1.0077458620 2.4745225906    0.953  2.118  3.7042  2.068    7  0.000  0.462     0.00     0.00     0.00     0.00     0.00 -1 -2.11e-11      0.00 7.312e-01 2.667e-01 1.527e-04 7.472e-05 4.404e-04 -1.000 2.112e-03 -0.526 1.060 0.017 -0.559 -0.753 -0.845 -0.876
0.001 -1.19029 9.77815 1.0077471733 2.4745230675    0.953  2.141  3.7022  2.037    7  0.000  0.462     0.00     0.00     0.00     0.00     0.00 -1  -2.4e-11      0.00 7.312e-01 2.667e-01 1.527e-04 7.472e-05 4.404e-04 -1.000 2.113e-03 -0.582 1.030 -0.029 -0.614 -0.811 -0.905 -0.938
0.001 -1.19029 9.77815 1.0077496767 2.4745235443    0.953  2.186  3.6985  1.977    7  0.000  0.462     0.00     0.00     0.00     0.00     0.00 -1 -3.02e-11      0.00 7.312e-01 2.667e-01 1.527e-04 7.473e-05 4.404e-04 -1.000 2.112e-03 -0.695 0.970 -0.120 -0.721 -0.926 -1.024 -1.059
0.001 -1.19029 9.77815 1.0077530146 2.4745242596    0.953  2.229  3.6950  1.921    7  0.000  0.462     0.00     0.00     0.00     0.00     0.00 -1 -3.81e-11      0.00 7.312e-01 2.667e-01 1.527e-04 7.473e-05 4.404e-04 -1.000 2.112e-03 -0.801 0.918 -0.205 -0.823 -1.034 -1.136 -1.173
0.001 -1.19029 9.77815 1.0077594519 2.4745254517    0.953  2.197  3.6976  1.962    7  0.000  0.462     0.00     0.00     0.00     0.00     0.00 -1 -3.21e-11      0.00 7.312e-01 2.667e-01 1.527e-04 7.473e-05 4.404e-04 -1.000 2.113e-03 -0.723 0.955 -0.143 -0.748 -0.954 -1.053 -1.089
0.001 -1.19029 9.77815 1.0078123808 2.4745364189    0.952  2.191  3.6981  1.970    7  0.000  0.462     0.00     0.00     0.00     0.00     0.00 -1 -1.69e-10      0.00 7.312e-01 2.667e-01 1.527e-04 7.474e-05 4.404e-04 -1.000 2.147e-03 -0.707 0.964 -0.130 -0.733 -0.938 -1.037 -1.072
0.001 -1.19029 9.77815 1.0078629255 2.4745466709    0.951  2.230  3.6948  1.917    7  0.000  0.462     0.00     0.00     0.00     0.00     0.00 -1 -1.06e-09      0.00 7.312e-01 2.667e-01 1.527e-04 7.475e-05 4.404e-04 -1.000 2.180e-03 -0.806 0.917 -0.209 -0.827 -1.038 -1.141 -1.178
0.001 -1.19029 9.77815 1.0078998804 2.4745543003    0.950  2.275  3.6911  1.857    7  0.000  0.462     0.00     0.00     0.00     0.00     0.00 -1 -1.68e-09      0.00 7.312e-01 2.667e-01 1.527e-04 7.475e-05 4.404e-04 -1.000 2.185e-03 -0.917 0.864 -0.297 -0.932 -1.151 -1.259 -1.298
0.001 -1.19029 9.77815 1.0079236031 2.4745593071    0.949  2.316  3.6877  1.802    7  0.000  0.462     0.00     0.00     0.00     0.00     0.00 -1 -2.15e-09      0.00 7.312e-01 2.667e-01 1.527e-04 7.476e-05 4.404e-04 -1.000 2.184e-03 -1.020 0.820 -0.376 -1.028 -1.253 -1.365 -1.407
0.001 -1.19029 9.77815 1.0079534054 2.4745652676    0.947  2.363  3.6840  1.740    7  0.000  0.462     0.00     0.00     0.00     0.00     0.00 -1 -2.82e-09      0.00 7.312e-01 2.667e-01 1.527e-04 7.476e-05 4.404e-04 -1.000 2.184e-03 -1.137 0.776 -0.466 -1.140 -1.371 -1.488 -1.532
0.001 -1.19029 9.77815 1.0079805851 2.4745709896    0.946  2.403  3.6807  1.686    7  0.000  0.462     0.00     0.00     0.00     0.00     0.00 -1 -3.54e-09      0.00 7.311e-01 2.667e-01 1.527e-04 7.477e-05 4.404e-04 -1.000 2.184e-03 -1.237 0.749 -0.542 -1.237 -1.474 -1.595 -1.641
0.001 -1.19029 9.77815 1.0080057383 2.4745759964    0.944  2.443  3.6775  1.632    7  0.000  0.462     0.00     0.00     0.00     0.00     0.00 -1 -4.44e-09      0.00 7.311e-01 2.667e-01 1.527e-04 7.477e-05 4.404e-04 -1.000 2.184e-03 -1.338 0.724 -0.618 -1.336 -1.577 -1.702 -1.750
0.001 -1.19029 9.77815 1.0080288649 2.4745807648    0.942  2.484  3.6743  1.577    7  0.000  0.462     0.00     0.00     0.00     0.00     0.00 -1 -5.59e-09      0.00 7.311e-01 2.667e-01 1.527e-04 7.478e-05 4.404e-04 -1.000 2.184e-03 -1.440 0.703 -0.692 -1.433 -1.680 -1.809 -1.859
0.001 -1.19029 9.77815 1.0080503225 2.4745852947    0.939  2.525  3.6709  1.522    7  0.000  0.462     6.78     5.35     3.82     2.93     2.38  3 -7.03e-09      0.00 7.311e-01 2.668e-01 1.527e-04 7.479e-05 4.404e-04 -1.000 2.092e-03 -1.542 0.689 -0.764 -1.531 -1.784 -1.917 -1.969
0.001 -1.19029 9.77815 1.0080697536 2.4745893478    0.936  2.566  3.6676  1.466    7  0.000  0.462     7.61     5.91     4.20     3.23     2.62  3 -8.85e-09      0.00 7.312e-01 2.668e-01 1.525e-04 7.486e-05 4.404e-04 -1.000 2.000e-03 -1.644 0.681 -0.833 -1.628 -1.886 -2.024 -2.079
0.001 -1.19029 9.77815 1.0080873966 2.4745929241    0.932  2.607  3.6597  1.392    7  0.000  0.460     8.88     6.76     4.77     3.68     2.98  3 -1.14e-08      0.00 7.312e-01 2.668e-01 1.519e-04 7.522e-05 4.404e-04 -1.000 2.000e-03 -1.748 0.804 -0.855 -1.715 -1.988 -2.135 -2.196
0.001 -1.19029 9.77815 1.0081031322 2.4745960236    0.929  2.648  3.6561  1.334    7  0.000  0.456    10.00     7.48     5.26     4.06     3.29  3  -1.4e-08      0.00 7.311e-01 2.668e-01 1.506e-04 7.658e-05 4.404e-04 -1.000 2.087e-03 -1.850 0.814 -0.915 -1.805 -2.086 -2.239 -2.303
0.001 -1.19029 9.77815 1.0081176758 2.4745991230    0.924  2.689  3.6527  1.278    7  0.000  0.450    11.24     8.28     5.79     4.48     3.63  3 -1.77e-08      0.00 7.311e-01 2.668e-01 1.487e-04 7.874e-05 4.404e-04 -1.000 2.084e-03 -1.952 0.808 -0.977 -1.893 -2.183 -2.341 -2.408
0.001 -1.19029 9.77815 1.0081315041 2.4746019840    0.918  2.729  3.6494  1.221    7  0.000  0.445    12.63     9.16     6.37     4.94     4.00  3 -2.23e-08      0.00 7.311e-01 2.669e-01 1.471e-04 8.078e-05 4.404e-04 -1.000 1.992e-03 -2.053 0.802 -1.040 -1.981 -2.279 -2.443 -2.513
0.001 -1.19029 9.77815 1.0081448555 2.4746046066    0.912  2.770  3.6460  1.164    7  0.000  0.441    14.21    10.14     7.02     5.45     4.42  3 -2.81e-08      0.00 7.311e-01 2.669e-01 1.455e-04 8.268e-05 4.404e-04 -1.000 1.992e-03 -2.154 0.799 -1.100 -2.067 -2.374 -2.544 -2.616
0.001 -1.19029 9.77815 1.0081574917 2.4746072292    0.904  2.811  3.6423  1.104    7  0.000  0.436    16.06    11.27     7.77     6.04     4.90  2 -3.61e-08      0.00 7.311e-01 2.669e-01 1.441e-04 8.447e-05 4.404e-04 -1.000 1.992e-03 -2.257 0.803 -1.158 -2.153 -2.470 -2.646 -2.722
0.001 -1.19029 9.77815 1.0081691742 2.4746096134    0.895  2.851  3.6388  1.046    7  0.000  0.433    18.11    12.50     8.57     6.68     5.42  2 -4.55e-08      0.00 7.310e-01 2.670e-01 1.429e-04 8.594e-05 4.404e-04 -1.000 1.992e-03 -2.358 0.807 -1.214 -2.236 -2.563 -2.746 -2.824
0.001 -1.19029 9.77815 1.0081809759 2.4746119976    0.883  2.891  3.6350  0.984    7  0.000  0.429    20.52    13.91     9.49     7.41     6.01  2 -5.74e-08      0.00 7.310e-01 2.670e-01 1.418e-04 8.732e-05 4.404e-04 -1.000 1.992e-03 -2.459 0.821 -1.264 -2.317 -2.655 -2.845 -2.926
0.001 -1.19029 9.77815 1.0081927776 2.4746146202    0.868  2.932  3.6310  0.920    7  0.000  0.426    23.38    15.55    10.56     8.26     6.70  2  -7.4e-08      0.00 7.309e-01 2.671e-01 1.408e-04 8.846e-05 4.403e-04 -1.000 1.992e-03 -2.561 0.851 -1.306 -2.397 -2.746 -2.944 -3.029
0.001 -1.19029 9.77815 1.0082036257 2.4746167660    0.850  2.974  3.6268  0.852    7  0.000  0.424    26.83    17.49    11.81     9.26     7.52  2 -9.75e-08      0.00 7.309e-01 2.671e-01 1.400e-04 8.948e-05 4.402e-04 -1.000 1.991e-03 -2.666 0.883 -1.345 -2.475 -2.839 -3.046 -3.134
0.001 -1.19029 9.77815 1.0082119703 2.4746184349    0.831  3.018  3.6226  0.782    7  0.000  0.422    30.93    19.74    13.25    10.42     8.45  1 -1.28e-07      0.00 7.308e-01 2.672e-01 1.393e-04 9.034e-05 4.401e-04 -1.000 1.990e-03 -2.774 0.914 -1.385 -2.557 -2.936 -3.151 -3.243
0.001 -1.19029 9.77815 1.0082179308 2.4746196270    0.814  3.059  3.6183  0.715    7  0.000  0.420    35.46    22.17    14.79    11.66     9.47  1 -1.68e-07      0.00 7.308e-01 2.672e-01 1.387e-04 9.115e-05 4.399e-04 -1.000 1.986e-03 -2.877 0.949 -1.419 -2.631 -3.025 -3.250 -3.345
0.001 -1.19029 9.77815 1.0082238913 2.4746208191    0.791  3.098  3.6142  0.647    7  0.000  0.419    40.72    24.90    16.52    13.06    10.60  1 -2.22e-07      0.00 7.308e-01 2.673e-01 1.382e-04 9.176e-05 4.397e-04 -1.000 1.898e-03 -2.976 0.985 -1.448 -2.701 -3.110 -3.344 -3.443
0.001 -1.19029 9.77815 1.0082283020 2.4746217728    0.769  3.140  3.6100  0.576    7  0.000  0.418    46.99    28.08    18.51    14.68    11.92  1 -2.97e-07      0.00 7.307e-01 2.673e-01 1.378e-04 9.237e-05 4.394e-04 -1.000 1.990e-03 -3.079 1.018 -1.478 -2.774 -3.200 -3.442 -3.545
0.001 -1.19029 9.77815 1.0082335472 2.4746229649    0.733  3.183  3.6056  0.495    7  0.000  0.418    55.35    32.15    21.04    16.74    13.60  1 -4.19e-07      0.00 7.307e-01 2.674e-01 1.376e-04 9.285e-05 4.392e-04 -1.000 1.896e-03 -3.188 1.051 -1.501 -2.846 -3.291 -3.544 -3.650
0.001 -1.19029 9.77815 1.0082376003 2.4746236801    0.694  3.224  3.6018  0.414    7  0.000  0.417    65.06    36.66    23.83    19.04    15.45  1 -6.04e-07      0.00 7.307e-01 2.674e-01 1.375e-04 9.302e-05 4.391e-04 -1.000 1.899e-03 -3.291 1.074 -1.515 -2.913 -3.377 -3.641 -3.751
0.001 -1.19029 9.77815 1.0082381964 2.4746239185    0.685  3.266  3.5979  0.351    7  0.000  0.417    74.24    40.93    26.47    21.19    17.20  1  -7.5e-07      0.00 7.306e-01 2.674e-01 1.371e-04 9.377e-05 4.387e-04 -1.000 1.991e-03 -3.394 1.088 -1.533 -2.980 -3.464 -3.738 -3.852
0.001 -1.19029 9.77815 1.0082391500 2.4746241570    0.669  3.286  3.5963  0.314    7  0.000  0.416    80.13    43.53    28.06    22.50    18.27  1 -8.96e-07      0.00 7.306e-01 2.675e-01 1.366e-04 9.470e-05 4.382e-04 -1.000 1.899e-03 -3.446 1.092 -1.543 -3.014 -3.509 -3.788 -3.903
0.001 -1.19029 9.77815 1.0082392693 2.4746241570    0.666  3.184  3.6060  0.453    7  0.000  0.416    59.38    33.79    22.02    17.60    14.28  1 -5.64e-07      0.00 7.306e-01 2.675e-01 1.366e-04 9.471e-05 4.382e-04 -1.000 1.899e-03 -3.189 1.071 -1.489 -2.847 -3.293 -3.547 -3.654
0.001 -1.19029 9.77815 1.0082393885 2.4746241570    0.663  3.301  3.5951  0.291    7  0.000  0.414    84.02    45.27    29.12    23.37    18.98  1 -9.78e-07      0.00 7.302e-01 2.679e-01 1.348e-04 1.005e-04 4.340e-04 -1.000 1.899e-03 -3.483 1.092 -1.551 -3.039 -3.540 -3.822 -3.939
0.001 -1.19029 9.77815 1.0082395077 2.4746241570    0.662  3.168  3.6076  0.473    7  0.000  0.414    56.90    32.58    21.27    16.99    13.78  1 -5.43e-07      0.00 7.302e-01 2.679e-01 1.348e-04 1.005e-04 4.340e-04 -1.000 1.898e-03 -3.151 1.066 -1.481 -2.822 -3.261 -3.511 -3.616
0.001 -1.19029 9.77815 1.0082396269 2.4746241570    0.660  3.163  3.6081  0.478    7  0.000  0.414    56.19    32.22    21.04    16.81    13.64  1 -5.32e-07      0.00 7.302e-01 2.679e-01 1.348e-04 1.006e-04 4.340e-04 -1.000 1.898e-03 -3.138 1.065 -1.479 -2.814 -3.251 -3.499 -3.604
0.001 -1.19029 9.77815 1.0082397461 2.4746241570    0.658  3.127  3.6115  0.528    7  0.000  0.414    50.51    29.45    19.31    15.40    12.49  1  -4.5e-07      0.00 7.302e-01 2.679e-01 1.348e-04 1.006e-04 4.340e-04 -1.000 1.897e-03 -3.047 1.053 -1.451 -2.750 -3.173 -3.414 -3.515
0.001 -1.19029 9.77815 1.0082403421 2.4746243954    0.654  3.131  3.6113  0.520    7  0.000  0.414    51.35    29.84    19.55    15.60    12.66  1 -4.74e-07      0.00 7.302e-01 2.679e-01 1.348e-04 1.006e-04 4.339e-04 -1.000 1.894e-03 -3.058 1.053 -1.457 -2.759 -3.183 -3.424 -3.526
0.001 -1.19029 9.77815 1.0082406998 2.4746243954    0.650  3.170  3.6078  0.464    7  0.000  0.414    57.80    32.95    21.49    17.18    13.94  1 -5.78e-07      0.00 7.302e-01 2.679e-01 1.348e-04 1.006e-04 4.339e-04 -1.000 1.892e-03 -3.155 1.064 -1.485 -2.827 -3.267 -3.516 -3.621
0.001 -1.19029 9.77815 1.0082409382 2.4746243954    0.646  3.207  3.6045  0.411    7  0.000  0.414    64.69    36.20    23.51    18.82    15.27  1 -6.91e-07      0.00 7.302e-01 2.679e-01 1.347e-04 1.007e-04 4.339e-04 -1.000 1.894e-03 -3.248 1.071 -1.507 -2.890 -3.346 -3.604 -3.712
0.001 -1.19029 9.77815 1.0082412958 2.4746243954    0.641  3.249  3.6010  0.351    7  0.000  0.414    73.42    40.24    26.00    20.86    16.93  1 -8.64e-07      0.00 7.302e-01 2.679e-01 1.347e-04 1.007e-04 4.339e-04 -1.000 1.898e-03 -3.353 1.074 -1.537 -2.963 -3.437 -3.704 -3.816
0.001 -1.19029 9.77815 1.0082416534 2.4746246338    0.634  3.290  3.5978  0.293    7  0.000  0.414    83.18    44.62    28.69    23.06    18.72  1 -1.08e-06      0.00 7.302e-01 2.679e-01 1.347e-04 1.008e-04 4.338e-04 -1.000 1.900e-03 -3.456 1.073 -1.564 -3.034 -3.524 -3.801 -3.916
0.001 -1.19029 9.77815 1.0082421303 2.4746246338    0.623  3.329  3.5954  0.237    7  0.000  0.414    93.54    49.14    31.44    25.33    20.56  0 -1.35e-06      0.00 7.302e-01 2.679e-01 1.347e-04 1.008e-04 4.338e-04 -1.000 1.900e-03 -3.554 1.058 -1.600 -3.106 -3.611 -3.894 -4.012
0.001 -1.19029 9.77815 1.0082427263 2.4746248722    0.604  3.369  3.5949  0.181    7  0.000  0.414   104.95    53.88    34.31    27.71    22.49  0 -1.76e-06      0.00 7.302e-01 2.679e-01 1.347e-04 1.008e-04 4.338e-04 -1.000 1.900e-03 -3.653 1.012 -1.662 -3.193 -3.705 -3.992 -4.112
0.001 -1.19029 9.77815 1.0082434416 2.4746248722    0.578  3.398  3.6017  0.161    7  0.000  0.414   106.94    55.30    35.14    28.43    23.07  0  -2.3e-06      0.01 7.302e-01 2.679e-01 1.347e-04 1.008e-04 4.338e-04 -1.000 1.900e-03 -3.724 0.849 -1.823 -3.316 -3.806 -4.078 -4.194
0.001 -1.19029 9.77815 1.0082437992 2.4746251106    0.551  3.410  3.6232  0.213    7  0.000  0.414    96.79    49.67    31.68    25.64    20.79  0 -2.63e-06      0.01 7.302e-01 2.679e-01 1.347e-04 1.008e-04 4.338e-04 -1.000 1.900e-03 -3.756 0.392 -2.174 -3.508 -3.924 -4.152 -4.251
0.001 -1.19029 9.77815 1.0934826136 2.4905769825    0.546 -9.999  3.9097  7.936    9  0.546  0.000     0.00     0.00     0.00     0.00     0.00 -1    -1e-30      0.00 7.277e-01 2.714e-01 1.348e-04 1.063e-04 4.391e-04 -1.000 9.460e-04 29.767 31.255 31.510 31.992 32.312 32.536 32.676
#isochrone terminated
