# File generated by CMD 3.6 (http://stev.oapd.inaf.it/cmd) on Thu Apr 21 17:52:26 CEST 2022
# isochrones based on PARSEC release v1.2S +  COLIBRI S_37 + S_35 + PR16
# Basic references: Bressan et al. (2012), MNRAS, 427, 127 + Chen et al. (2014, 2015), MNRAS, 444, 2525 + MNRAS, 452, 1068 + Tang et al. (2014), MNRAS, 445, 4287 + Marigo et al. (2017), ApJ, 835, 77 + Pastorelli al. (2019), MNRAS, 485, 5666 + Pastorelli al. (2020), MNRAS, in press
# Thermal pulse cycles included 
# On RGB, assumed Reimers mass loss with efficiency eta=0.2
# LPV periods and growth rates added cf. Trabucchi et al. (2019)
# but fundamental-mode LPV periods are from Trabucchi et al. (2021)
# Photometric system: DECAM (ABmags)
# Using YBC version of bolometric corrections as in Chen et al. (2019)
# O-rich circumstellar dpmod60alox40 dust from Groenewegen (2006)
# C-rich circumstellar AMCSIC15 dust from Groenewegen (2006)
# IMF: Kroupa (2001, 2002) + Kroupa et al. (2013) canonical two-part-power law IMF corrected for unresolved binaries 
# Kind of output: isochrone tables
# Zini     MH   logAge Mini        int_IMF         Mass   logL    logTe  logg  label   McoreTP C_O  period0  period1  period2  period3  period4  pmode  Mloss  tau1m   X   Y   Xc  Xn  Xo  Cexcess  Z 	 mbolmag  umag    gmag    rmag    imag    zmag    Ymag
0.0001 -2.19174 10.00000 0.1000000015 1.1711064577    0.100 -2.782  3.5584  5.406    1  0.000  0.545     0.00     0.00     0.00     0.00     0.00 -1  -1.3e-16      0.00 7.463e-01 2.536e-01 1.798e-05 4.851e-06 4.400e-05 -1.000 1.000e-04 11.726 15.925 13.656 12.101 11.456 11.159 11.060
0.0001 -2.19174 10.00000 0.1098214313 1.2482755184    0.109 -2.634  3.5738  5.357    1  0.000  0.545     0.00     0.00     0.00     0.00     0.00 -1 -1.85e-16      0.00 7.448e-01 2.551e-01 1.798e-05 4.851e-06 4.400e-05 -1.000 1.000e-04 11.354 15.192 13.073 11.639 11.092 10.819 10.725
0.0001 -2.19174 10.00000 0.1294642836 1.3786746264    0.129 -2.393  3.5963  5.278    1  0.000  0.545     0.00     0.00     0.00     0.00     0.00 -1 -3.25e-16      0.00 7.422e-01 2.577e-01 1.798e-05 4.851e-06 4.400e-05 -1.000 1.000e-04 10.752 14.070 12.193 10.951 10.493 10.253 10.169
0.0001 -2.19174 10.00000 0.1491071582 1.4855960608    0.149 -2.231  3.6076  5.224    1  0.000  0.545     0.00     0.00     0.00     0.00     0.00 -1 -4.67e-16      0.00 7.405e-01 2.594e-01 1.798e-05 4.851e-06 4.400e-05 -1.000 9.996e-05 10.348 13.427 11.665 10.514 10.088 9.864 9.786
0.0001 -2.19174 10.00000 0.1687500030 1.5756140947    0.168 -2.106  3.6150  5.181    1  0.000  0.545     0.00     0.00     0.00     0.00     0.00 -1 -6.17e-16      0.00 7.397e-01 2.602e-01 1.798e-05 4.851e-06 4.400e-05 -1.000 9.999e-05 10.034 12.967 11.276 10.179 9.772 9.559 9.485
0.0001 -2.19174 10.00000 0.2080357224 1.7204496861    0.207 -1.902  3.6260  5.112    1  0.000  0.545     0.00     0.00     0.00     0.00     0.00 -1 -9.62e-16      0.00 7.392e-01 2.607e-01 1.798e-05 4.851e-06 4.400e-05 -1.000 1.000e-04 9.524 12.247 10.657 9.638 9.259 9.062 8.994
0.0001 -2.19174 10.00000 0.2571428716 1.8581268787    0.257 -1.712  3.6360  5.055    1  0.000  0.545     0.00     0.00     0.00     0.00     0.00 -1 -1.43e-15      0.00 7.393e-01 2.606e-01 1.798e-05 4.852e-06 4.400e-05 -1.000 1.001e-04 9.049 11.592 10.090 9.137 8.781 8.598 8.535
0.0001 -2.19174 10.00000 0.3062500358 1.9652637243    0.306 -1.565  3.6444  5.018    1  0.000  0.545     0.00     0.00     0.00     0.00     0.00 -1 -1.92e-15      0.00 7.394e-01 2.605e-01 1.797e-05 4.852e-06 4.400e-05 -1.000 1.000e-04 8.682 11.083 9.652 8.748 8.411 8.240 8.182
0.0001 -2.19174 10.00000 0.3553571403 2.0521113873    0.355 -1.442  3.6522  4.991    1  0.000  0.544     0.00     0.00     0.00     0.00     0.00 -1 -2.44e-15      0.00 7.404e-01 2.595e-01 1.796e-05 4.853e-06 4.400e-05 -1.000 1.000e-04 8.375 10.650 9.283 8.422 8.101 7.941 7.887
0.0001 -2.19174 10.00000 0.4044643044 2.1246092319    0.404 -1.324  3.6604  4.962    1  0.000  0.545     0.00     0.00     0.00     0.00     0.00 -1  -3.1e-15      0.00 7.502e-01 2.497e-01 1.798e-05 4.851e-06 4.400e-05 -1.000 9.993e-05 8.079 10.224 8.925 8.107 7.804 7.655 7.606
0.0001 -2.19174 10.00000 0.4535714388 2.1864814758    0.453 -1.180  3.6734  4.920    1  0.000  0.545     0.00     0.00     0.00     0.00     0.00 -1 -4.27e-15      0.00 7.507e-01 2.492e-01 1.798e-05 4.851e-06 4.400e-05 -1.000 9.996e-05 7.721 9.666 8.476 7.724 7.447 7.315 7.273
0.0001 -2.19174 10.00000 0.5026785731 2.2401986122    0.503 -1.021  3.6875  4.863    1  0.000  0.545     0.00     0.00     0.00     0.00     0.00 -1 -6.25e-15      0.00 7.523e-01 2.476e-01 1.788e-05 4.824e-06 4.375e-05 -1.000 9.996e-05 7.323 9.065 7.990 7.305 7.056 6.941 6.907
0.0001 -2.19174 10.00000 0.5517857671 2.2851314545    0.551 -0.830  3.7060  4.786    1  0.000  0.544     0.00     0.00     0.00     0.00     0.00 -1 -1.01e-14      0.00 7.793e-01 2.206e-01 1.605e-05 4.332e-06 3.930e-05 -1.000 9.999e-05 6.846 8.349 7.414 6.810 6.596 6.504 6.478
0.0001 -2.19174 10.00000 0.5857202411 2.3111710548    0.585 -0.694  3.7222  4.740    1  0.000  0.544     0.00     0.00     0.00     0.00     0.00 -1 -1.41e-14      0.00 7.868e-01 2.131e-01 1.556e-05 4.202e-06 3.813e-05 -1.000 9.999e-05 6.505 7.823 6.999 6.461 6.276 6.203 6.185
0.0001 -2.19174 10.00000 0.6008928418 2.3217256069    0.600 -0.635  3.7292  4.721    1  0.000  0.544     0.00     0.00     0.00     0.00     0.00 -1 -1.63e-14      0.00 7.901e-01 2.098e-01 1.535e-05 4.145e-06 3.762e-05 -1.000 1.000e-04 6.359 7.605 6.824 6.313 6.140 6.075 6.060
0.0001 -2.19174 10.00000 0.6122335196 2.3292226791    0.612 -0.588  3.7354  4.707    1  0.000  0.544     0.00     0.00     0.00     0.00     0.00 -1 -1.84e-14      0.00 7.933e-01 2.066e-01 1.514e-05 4.090e-06 3.713e-05 -1.000 9.997e-05 6.240 7.429 6.683 6.195 6.032 5.974 5.963
0.0001 -2.19174 10.00000 0.6268575788 2.3384315968    0.627 -0.527  3.7435  4.688    1  0.000  0.544     0.00     0.00     0.00     0.00     0.00 -1 -2.13e-14      0.00 7.976e-01 2.023e-01 1.486e-05 4.015e-06 3.645e-05 -1.000 1.000e-04 6.088 7.205 6.502 6.045 5.895 5.846 5.838
0.0001 -2.19174 10.00000 0.6399217844 2.3462502956    0.640 -0.472  3.7507  4.671    1  0.000  0.543     0.00     0.00     0.00     0.00     0.00 -1 -2.44e-14      0.00 8.018e-01 1.982e-01 1.460e-05 3.944e-06 3.582e-05 -1.000 8.047e-05 5.950 7.009 6.341 5.911 5.775 5.733 5.728
0.0001 -2.19174 10.00000 0.6499999762 2.3520355225    0.650 -0.430  3.7563  4.657    1  0.000  0.543     0.00     0.00     0.00     0.00     0.00 -1 -2.71e-14      0.00 8.051e-01 1.948e-01 1.438e-05 3.886e-06 3.530e-05 -1.000 4.314e-05 5.844 6.860 6.217 5.809 5.682 5.646 5.644
0.0001 -2.19174 10.00000 0.6578151584 2.3563814163    0.658 -0.396  3.7604  4.646    1  0.000  0.543     0.00     0.00     0.00     0.00     0.00 -1 -2.95e-14      0.00 8.084e-01 1.915e-01 1.417e-05 3.830e-06 3.479e-05 -1.000 1.000e-04 5.760 6.746 6.122 5.729 5.609 5.578 5.577
0.0001 -2.19174 10.00000 0.6703730226 2.3631217480    0.670 -0.342  3.7670  4.626    1  0.000  0.543     0.00     0.00     0.00     0.00     0.00 -1 -3.39e-14      0.00 8.140e-01 1.859e-01 1.380e-05 3.734e-06 3.393e-05 -1.000 1.000e-04 5.625 6.569 5.970 5.601 5.491 5.466 5.468
0.0001 -2.19174 10.00000 0.6827354431 2.3694791794    0.683 -0.288  3.7734  4.606    1  0.000  0.542     0.00     0.00     0.00     0.00     0.00 -1 -3.89e-14      0.00 8.200e-01 1.799e-01 1.342e-05 3.631e-06 3.301e-05 -1.000 9.999e-05 5.490 6.397 5.820 5.473 5.373 5.355 5.358
0.0001 -2.19174 10.00000 0.6937190890 2.3749094009    0.694 -0.239  3.7789  4.586    1  0.000  0.542     0.00     0.00     0.00     0.00     0.00 -1 -4.42e-14      0.00 8.257e-01 1.742e-01 1.305e-05 3.534e-06 3.213e-05 -1.000 1.000e-04 5.368 6.244 5.686 5.358 5.266 5.253 5.258
0.0001 -2.19174 10.00000 0.6999999881 2.3779268265    0.700 -0.211  3.7820  4.574    1  0.000  0.541     0.00     0.00     0.00     0.00     0.00 -1 -4.75e-14      0.00 8.291e-01 1.708e-01 1.283e-05 3.475e-06 3.160e-05 -1.000 1.000e-04 5.298 6.158 5.609 5.292 5.205 5.195 5.201
0.0001 -2.19174 10.00000 0.7001399398 2.3779933453    0.700 -0.210  3.7821  4.574    1  0.000  0.541     0.00     0.00     0.00     0.00     0.00 -1 -4.76e-14      0.00 8.292e-01 1.707e-01 1.282e-05 3.474e-06 3.159e-05 -1.000 9.994e-05 5.296 6.156 5.607 5.290 5.204 5.193 5.200
0.0001 -2.19174 10.00000 0.7127579451 2.3838679790    0.712 -0.152  3.7880  4.547    1  0.000  0.539     0.00     0.00     0.00     0.00     0.00 -1 -5.57e-14      0.00 8.363e-01 1.637e-01 1.237e-05 3.363e-06 3.062e-05 -1.000 7.498e-05 5.151 5.982 5.448 5.152 5.075 5.071 5.080
0.0001 -2.19174 10.00000 0.7249027491 2.3893005848    0.725 -0.094  3.7935  4.518    1  0.000  0.536     0.00     0.00     0.00     0.00     0.00 -1 -6.52e-14      0.00 8.426e-01 1.573e-01 1.198e-05 3.269e-06 2.979e-05 -1.000 4.938e-05 5.006 5.812 5.291 5.014 4.946 4.947 4.958
0.0001 -2.19174 10.00000 0.7357030511 2.3939590454    0.735 -0.040  3.7983  4.490    1  0.000  0.534     0.00     0.00     0.00     0.00     0.00 -1 -7.56e-14      0.00 8.477e-01 1.522e-01 1.168e-05 3.197e-06 2.916e-05 -1.000 6.302e-05 4.871 5.657 5.145 4.886 4.825 4.831 4.844
0.0001 -2.19174 10.00000 0.7458790541 2.3982064724    0.745  0.013  3.8028  4.461    1  0.000  0.532     0.00     0.00     0.00     0.00     0.00 -1 -8.77e-14      0.00 8.520e-01 1.480e-01 1.144e-05 3.142e-06 2.869e-05 -1.000 1.642e-05 4.739 5.507 5.002 4.758 4.705 4.715 4.729
0.0001 -2.19174 10.00000 0.7500000000 2.3998889923    0.750  0.035  3.8045  4.448    1  0.000  0.531     0.00     0.00     0.00     0.00     0.00 -1 -9.34e-14      0.00 8.536e-01 1.464e-01 1.136e-05 3.124e-06 2.853e-05 -1.000 1.490e-08 4.683 5.445 4.942 4.704 4.654 4.666 4.680
0.0001 -2.19174 10.00000 0.7573733330 2.4028468132    0.757  0.075  3.8079  4.425    1  0.000  0.530     0.00     0.00     0.00     0.00     0.00 -1 -1.05e-13      0.00 8.540e-01 1.460e-01 1.139e-05 3.134e-06 2.864e-05 -1.000 1.512e-05 4.581 5.331 4.832 4.606 4.561 4.577 4.592
0.0001 -2.19174 10.00000 0.7659595013 2.4062087536    0.765  0.125  3.8119  4.396    1  0.000  0.530     0.00     0.00     0.00     0.00     0.00 -1 -1.21e-13      0.00 8.544e-01 1.456e-01 1.144e-05 3.147e-06 2.876e-05 -1.000 3.265e-05 4.456 5.192 4.697 4.485 4.447 4.466 4.482
0.0001 -2.19174 10.00000 0.7741831541 2.4093484879    0.773  0.177  3.8157  4.365    1  0.000  0.529     0.00     0.00     0.00     0.00     0.00 -1  -1.4e-13      0.00 8.546e-01 1.453e-01 1.147e-05 3.160e-06 2.889e-05 -1.000 9.999e-05 4.328 5.051 4.559 4.359 4.327 4.350 4.368
0.0001 -2.19174 10.00000 0.7818734646 2.4122159481    0.781  0.228  3.8193  4.332    1  0.000  0.529     0.00     0.00     0.00     0.00     0.00 -1 -1.63e-13      0.00 8.548e-01 1.451e-01 1.152e-05 3.174e-06 2.903e-05 -1.000 9.996e-05 4.200 4.911 4.421 4.232 4.206 4.232 4.251
0.0001 -2.19174 10.00000 0.7911351323 2.4155843258    0.790  0.296  3.8234  4.286    1  0.000  0.529     0.00     0.00     0.00     0.00     0.00 -1 -1.99e-13      0.00 8.548e-01 1.451e-01 1.158e-05 3.193e-06 2.922e-05 -1.000 9.999e-05 4.031 4.729 4.239 4.065 4.046 4.076 4.096
0.0001 -2.19174 10.00000 0.7996870279 2.4186151028    0.799  0.365  3.8270  4.235    1  0.000  0.529     0.00     0.00     0.00     0.00     0.00 -1 -2.46e-13      0.00 8.548e-01 1.452e-01 1.165e-05 3.211e-06 2.938e-05 -1.000 1.787e-05 3.857 4.543 4.054 3.892 3.879 3.913 3.933
0.0001 -2.19174 10.00000 0.8000000119 2.4187245369    0.799  0.368  3.8271  4.233    1  0.000  0.529     0.00     0.00     0.00     0.00     0.00 -1 -2.48e-13      0.00 8.548e-01 1.452e-01 1.165e-05 3.212e-06 2.939e-05 -1.000 1.442e-05 3.850 4.536 4.047 3.885 3.873 3.907 3.927
0.0001 -2.19174 10.00000 0.8012468815 2.4191598892    0.800  0.378  3.8276  4.226    1  0.000  0.529     0.00     0.00     0.00     0.00     0.00 -1 -2.56e-13      0.00 8.547e-01 1.453e-01 1.165e-05 3.213e-06 2.940e-05 -1.000 1.907e-06 3.825 4.509 4.020 3.860 3.848 3.883 3.904
0.0001 -2.19174 10.00000 0.8072426915 2.4212312698    0.806  0.431  3.8299  4.185    1  0.000  0.528     0.00     0.00     0.00     0.00     0.00 -1 -3.03e-13      0.00 8.542e-01 1.457e-01 1.168e-05 3.221e-06 2.948e-05 -1.000 1.000e-04 3.693 4.369 3.880 3.728 3.721 3.757 3.779
0.0001 -2.19174 10.00000 0.8138886094 2.4234864712    0.813  0.494  3.8316  4.132    1  0.000  0.529     0.00     0.00     0.00     0.00     0.00 -1  -3.7e-13      0.00 8.523e-01 1.476e-01 1.181e-05 3.254e-06 2.978e-05 -1.000 1.000e-04 3.535 4.205 3.715 3.570 3.566 3.604 3.626
0.0001 -2.19174 10.00000 0.8152154088 2.4239315987    0.814  0.508  3.8316  4.119    1  0.000  0.529     0.00     0.00     0.00     0.00     0.00 -1 -3.89e-13      0.00 8.519e-01 1.480e-01 1.183e-05 3.261e-06 2.984e-05 -1.000 9.999e-05 3.501 4.170 3.679 3.535 3.531 3.569 3.591
0.0001 -2.19174 10.00000 0.8159552813 2.4241793156    0.815  0.516  3.8316  4.111    1  0.000  0.529     0.00     0.00     0.00     0.00     0.00 -1 -4.01e-13      0.00 8.516e-01 1.483e-01 1.185e-05 3.265e-06 2.988e-05 -1.000 9.994e-05 3.480 4.149 3.658 3.514 3.511 3.549 3.570
0.0001 -2.19174 10.00000 0.8201174140 2.4255621433    0.819  0.565  3.8304  4.060    1  0.000  0.529     0.00     0.00     0.00     0.00     0.00 -1 -4.72e-13      0.00 8.504e-01 1.495e-01 1.193e-05 3.286e-06 3.007e-05 -1.000 1.000e-04 3.358 4.028 3.535 3.389 3.385 3.422 3.443
0.0001 -2.19174 10.00000 0.8240900040 2.4268670082    0.822  0.619  3.8266  3.993    1  0.000  0.529     0.00     0.00     0.00     0.00     0.00 -1 -5.75e-13      0.00 8.492e-01 1.507e-01 1.200e-05 3.306e-06 3.025e-05 -1.000 1.000e-04 3.222 3.901 3.405 3.249 3.240 3.273 3.293
0.0001 -2.19174 10.00000 0.8247934580 2.4270966053    0.823  0.630  3.8256  3.979    1  0.000  0.529     0.00     0.00     0.00     0.00     0.00 -1 -6.02e-13      0.00 8.490e-01 1.509e-01 1.201e-05 3.310e-06 3.028e-05 -1.000 9.999e-05 3.196 3.877 3.380 3.222 3.211 3.243 3.263
0.0001 -2.19174 10.00000 0.8254300952 2.4273037910    0.824  0.640  3.8242  3.962    1  0.000  0.529     0.00     0.00     0.00     0.00     0.00 -1 -6.28e-13      0.00 8.488e-01 1.511e-01 1.203e-05 3.313e-06 3.031e-05 -1.000 1.000e-04 3.169 3.854 3.356 3.194 3.181 3.211 3.230
0.0001 -2.19174 10.00000 0.8275688291 2.4279978275    0.826  0.679  3.8179  3.900    2  0.000  0.529     0.00     0.00     0.00     0.00     0.00 -1 -7.34e-13      0.00 8.482e-01 1.517e-01 1.207e-05 3.324e-06 3.041e-05 -1.000 1.000e-04 3.073 3.774 3.272 3.092 3.070 3.094 3.111
0.0001 -2.19174 10.00000 0.8291981816 2.4285237789    0.827  0.712  3.8102  3.836    2  0.000  0.529     0.00     0.00     0.00     0.00     0.00 -1 -8.53e-13      0.00 8.477e-01 1.522e-01 1.210e-05 3.332e-06 3.048e-05 -1.000 9.997e-05 2.989 3.712 3.204 3.001 2.967 2.984 2.999
0.0001 -2.19174 10.00000 0.8304694295 2.4289324284    0.829  0.743  3.8011  3.770    2  0.000  0.529     0.00     0.00     0.00     0.00     0.00 -1 -9.86e-13      0.00 8.473e-01 1.526e-01 1.212e-05 3.339e-06 3.054e-05 -1.000 9.993e-05 2.913 3.668 3.149 2.918 2.869 2.878 2.889
0.0001 -2.19174 10.00000 0.8314917684 2.4292600155    0.830  0.771  3.7910  3.702    2  0.000  0.529     0.00     0.00     0.00     0.00     0.00 -1 -1.14e-12      0.00 8.470e-01 1.529e-01 1.214e-05 3.345e-06 3.060e-05 -1.000 8.632e-05 2.842 3.638 3.104 2.840 2.776 2.774 2.783
0.0001 -2.19174 10.00000 0.8323430419 2.4295320511    0.830  0.797  3.7806  3.635    2  0.000  0.529     0.00     0.00     0.00     0.00     0.00 -1 -1.31e-12      0.00 8.429e-01 1.571e-01 1.238e-05 3.410e-06 3.118e-05 -1.000 6.822e-05 2.777 3.618 3.066 2.769 2.687 2.676 2.680
0.0001 -2.19174 10.00000 0.8330845237 2.4297685623    0.831  0.822  3.7708  3.571    2  0.000  0.531     0.00     0.00     0.00     0.00     0.00 -1 -1.49e-12      0.00 8.236e-01 1.763e-01 1.348e-05 3.704e-06 3.381e-05 -1.000 4.196e-05 2.714 3.605 3.029 2.700 2.603 2.582 2.583
0.0001 -2.19174 10.00000 0.8337684870 2.4299862385    0.832  0.849  3.7620  3.509    2  0.000  0.534     0.00     0.00     0.00     0.00     0.00 -1  -1.7e-12      0.00 7.996e-01 2.004e-01 1.486e-05 4.072e-06 3.710e-05 -1.000 6.998e-05 2.648 3.586 2.988 2.629 2.519 2.489 2.487
0.0001 -2.19174 10.00000 0.8344549537 2.4302043915    0.832  0.884  3.7541  3.443    2  0.000  0.536     0.00     0.00     0.00     0.00     0.00 -1 -1.98e-12      0.00 7.817e-01 2.182e-01 1.590e-05 4.350e-06 3.957e-05 -1.000 1.000e-04 2.561 3.548 2.925 2.539 2.416 2.378 2.372
0.0001 -2.19174 10.00000 0.8349917531 2.4303746223    0.833  0.920  3.7491  3.387    2  0.000  0.536     0.00     0.00     0.00     0.00     0.00 -1  -2.3e-12      0.00 7.743e-01 2.256e-01 1.632e-05 4.464e-06 4.059e-05 -1.000 1.000e-04 2.471 3.491 2.851 2.447 2.316 2.272 2.265
0.0001 -2.19174 10.00000 0.8355230093 2.4305429459    0.833  0.963  3.7450  3.328    2  0.000  0.537     0.00     0.00     0.00     0.00     0.00 -1 -2.72e-12      0.00 7.700e-01 2.299e-01 1.658e-05 4.531e-06 4.119e-05 -1.000 1.000e-04 2.362 3.411 2.756 2.338 2.200 2.152 2.143
0.0001 -2.19174 10.00000 0.8356020451 2.4305679798    0.833  0.971  3.7445  3.318    3  0.000  0.536     0.00     0.00     0.00     0.00     0.00 -1 -2.81e-12      0.00 7.696e-01 2.304e-01 1.660e-05 4.538e-06 4.125e-05 -1.000 2.821e-05 2.344 3.396 2.739 2.319 2.181 2.132 2.123
0.0001 -2.19174 10.00000 0.8360363841 2.4307053089    0.834  1.012  3.7421  3.267    3  0.000  0.537     0.00     0.00     0.00     0.00     0.00 -1 -3.26e-12      0.00 7.672e-01 2.327e-01 1.672e-05 4.570e-06 4.154e-05 -1.000 1.000e-04 2.239 3.307 2.642 2.214 2.072 2.021 2.010
0.0001 -2.19174 10.00000 0.8365163803 2.4308569431    0.834  1.062  3.7397  3.208    3  0.000  0.537     0.00     0.00     0.00     0.00     0.00 -1  -3.9e-12      0.00 7.649e-01 2.350e-01 1.682e-05 4.599e-06 4.179e-05 -1.000 7.471e-05 2.115 3.200 2.526 2.091 1.944 1.891 1.879
0.0001 -2.19174 10.00000 0.8369216323 2.4309847355    0.835  1.106  3.7379  3.157    3  0.000  0.537     0.00     0.00     0.00     0.00     0.00 -1 -4.59e-12      0.00 7.633e-01 2.366e-01 1.690e-05 4.618e-06 4.196e-05 -1.000 9.820e-05 2.004 3.103 2.422 1.980 1.831 1.775 1.763
0.0001 -2.19174 10.00000 0.8373119235 2.4311077595    0.835  1.152  3.7363  3.105    3  0.000  0.537     0.00     0.00     0.00     0.00     0.00 -1 -5.41e-12      0.00 7.618e-01 2.381e-01 1.695e-05 4.633e-06 4.211e-05 -1.000 1.000e-04 1.891 3.002 2.314 1.868 1.716 1.658 1.645
0.0001 -2.19174 10.00000 0.8376753330 2.4312219620    0.835  1.196  3.7347  3.054    3  0.000  0.537     0.00     0.00     0.00     0.00     0.00 -1 -6.36e-12      0.00 7.603e-01 2.396e-01 1.699e-05 4.646e-06 4.221e-05 -1.000 1.000e-04 1.779 2.902 2.208 1.757 1.602 1.543 1.528
0.0001 -2.19174 10.00000 0.8380178213 2.4313297272    0.835  1.242  3.7332  3.003    3  0.000  0.537     0.00     0.00     0.00     0.00     0.00 -1 -7.48e-12      0.00 7.590e-01 2.409e-01 1.703e-05 4.656e-06 4.230e-05 -1.000 9.996e-05 1.666 2.799 2.100 1.644 1.488 1.427 1.411
0.0001 -2.19174 10.00000 0.8383605480 2.4314374924    0.836  1.290  3.7317  2.949    3  0.000  0.536     0.00     0.00     0.00     0.00     0.00 -1  -8.9e-12      0.00 7.577e-01 2.422e-01 1.705e-05 4.668e-06 4.238e-05 -1.000 8.242e-05 1.545 2.689 1.983 1.523 1.364 1.301 1.286
0.0001 -2.19174 10.00000 0.8386567831 2.4315304756    0.836  1.335  3.7302  2.897    3  0.000  0.535     0.00     0.00     0.00     0.00     0.00 -1 -1.05e-11      0.00 7.566e-01 2.433e-01 1.705e-05 4.681e-06 4.245e-05 -1.000 9.336e-05 1.431 2.586 1.875 1.410 1.249 1.184 1.168
0.0001 -2.19174 10.00000 0.8389481306 2.4316217899    0.836  1.384  3.7287  2.843    3  0.000  0.535     0.00     0.00     0.00     0.00     0.00 -1 -1.25e-11      0.00 7.556e-01 2.443e-01 1.703e-05 4.698e-06 4.249e-05 -1.000 9.996e-05 1.311 2.478 1.760 1.291 1.127 1.060 1.043
0.0001 -2.19174 10.00000 0.8392127156 2.4317047596    0.836  1.431  3.7272  2.790    3  0.000  0.533     0.00     0.00     0.00     0.00     0.00 -1 -1.48e-11      0.00 7.546e-01 2.453e-01 1.700e-05 4.727e-06 4.253e-05 -1.000 1.000e-04 1.192 2.370 1.646 1.173 1.007 0.939 0.921
0.0001 -2.19174 10.00000 0.8394520283 2.4317796230    0.836  1.478  3.7257  2.737    3  0.000  0.531     0.00     0.00     0.00     0.00     0.00 -1 -1.75e-11      0.00 7.538e-01 2.461e-01 1.695e-05 4.766e-06 4.257e-05 -1.000 9.997e-05 1.076 2.266 1.535 1.057 0.889 0.819 0.800
0.0001 -2.19174 10.00000 0.8396702409 2.4318478107    0.836  1.524  3.7241  2.685    3  0.000  0.529     0.00     0.00     0.00     0.00     0.00 -1 -2.07e-11      0.00 7.531e-01 2.468e-01 1.689e-05 4.816e-06 4.260e-05 -1.000 9.997e-05 0.961 2.163 1.426 0.942 0.772 0.700 0.680
0.0001 -2.19174 10.00000 0.8398764133 2.4319124222    0.836  1.571  3.7226  2.631    3  0.000  0.527     0.00     0.00     0.00     0.00     0.00 -1 -2.45e-11      0.00 7.525e-01 2.474e-01 1.684e-05 4.864e-06 4.262e-05 -1.000 9.996e-05 0.841 2.055 1.312 0.824 0.651 0.578 0.557
0.0001 -2.19174 10.00000 0.8400606513 2.4319701195    0.836  1.618  3.7211  2.579    3  0.000  0.525     0.00     0.00     0.00     0.00     0.00 -1  -2.9e-11      0.00 7.521e-01 2.478e-01 1.679e-05 4.917e-06 4.263e-05 -1.000 1.000e-04 0.726 1.951 1.202 0.709 0.534 0.458 0.437
0.0001 -2.19174 10.00000 0.8402258158 2.4320216179    0.836  1.663  3.7195  2.527    3  0.000  0.523     0.00     0.00     0.00     0.00     0.00 -1 -3.41e-11      0.00 7.517e-01 2.482e-01 1.674e-05 4.964e-06 4.265e-05 -1.000 1.000e-04 0.613 1.851 1.095 0.597 0.419 0.342 0.320
0.0001 -2.19174 10.00000 0.8403806090 2.4320700169    0.836  1.709  3.7180  2.475    3  0.000  0.522     0.00     0.00     0.00     0.00     0.00 -1 -4.03e-11      0.00 7.515e-01 2.484e-01 1.671e-05 4.998e-06 4.266e-05 -1.000 9.999e-05 0.497 1.750 0.985 0.482 0.302 0.223 0.201
0.0001 -2.19174 10.00000 0.8405181170 2.4321129322    0.836  1.754  3.7164  2.424    3  0.000  0.522     0.00     0.00     0.00     0.00     0.00 -1 -4.74e-11      0.00 7.514e-01 2.485e-01 1.669e-05 5.019e-06 4.266e-05 -1.000 9.999e-05 0.385 1.654 0.880 0.371 0.188 0.107 0.084
0.0001 -2.19174 10.00000 0.8406464458 2.4321529865    0.836  1.799  3.7147  2.372    3  0.000  0.521     0.00     0.00     0.00     0.00     0.00 -1 -5.59e-11      0.00 7.513e-01 2.486e-01 1.668e-05 5.028e-06 4.266e-05 -1.000 1.000e-04 0.272 1.558 0.774 0.258 0.072 -0.010 -0.035
0.0001 -2.19174 10.00000 0.8407658339 2.4321901798    0.836  1.845  3.7131  2.319    3  0.000  0.521     0.00     0.00     0.00     0.00     0.00 -1  -6.6e-11      0.00 7.513e-01 2.486e-01 1.668e-05 5.029e-06 4.266e-05 -1.000 1.000e-04 0.157 1.460 0.666 0.144 -0.045 -0.129 -0.154
0.0001 -2.19174 10.00000 0.8408753276 2.4322242737    0.835  1.891  3.7115  2.267    3  0.000  0.521     0.00     0.00     0.00     0.00     0.00 -1 -7.79e-11      0.00 7.513e-01 2.486e-01 1.668e-05 5.030e-06 4.266e-05 -1.000 1.001e-04 0.043 1.363 0.559 0.031 -0.161 -0.247 -0.273
0.0001 -2.19174 10.00000 0.8409748673 2.4322552681    0.835  1.936  3.7097  2.215    3  0.000  0.521     0.00     0.00     0.00     0.00     0.00 -1 -9.17e-11      0.00 7.513e-01 2.486e-01 1.668e-05 5.030e-06 4.266e-05 -1.000 1.001e-04 -0.070 1.269 0.454 -0.081 -0.275 -0.364 -0.390
0.0001 -2.19174 10.00000 0.8410680294 2.4322843552    0.835  1.982  3.7080  2.162    3  0.000  0.521     0.00     0.00     0.00     0.00     0.00 -1 -1.08e-10      0.00 7.513e-01 2.486e-01 1.668e-05 5.031e-06 4.266e-05 -1.000 1.000e-04 -0.184 1.175 0.348 -0.194 -0.391 -0.482 -0.509
0.0001 -2.19174 10.00000 0.8411529660 2.4323108196    0.834  2.027  3.7064  2.110    3  0.000  0.521     0.00     0.00     0.00     0.00     0.00 -1 -1.28e-10      0.00 7.513e-01 2.486e-01 1.668e-05 5.032e-06 4.266e-05 -1.000 1.001e-04 -0.298 1.081 0.243 -0.306 -0.506 -0.599 -0.628
0.0001 -2.19174 10.00000 0.8412283063 2.4323344231    0.834  2.071  3.7046  2.059    3  0.000  0.521     0.00     0.00     0.00     0.00     0.00 -1  -1.5e-10      0.00 7.513e-01 2.486e-01 1.668e-05 5.032e-06 4.266e-05 -1.000 1.001e-04 -0.407 0.992 0.142 -0.414 -0.617 -0.712 -0.742
0.0001 -2.19174 10.00000 0.8412977457 2.4323561192    0.834  2.115  3.7030  2.008    3  0.000  0.521     0.00     0.00     0.00     0.00     0.00 -1 -1.76e-10      0.00 7.513e-01 2.486e-01 1.668e-05 5.033e-06 4.266e-05 -1.000 1.000e-04 -0.517 0.902 0.040 -0.523 -0.729 -0.826 -0.856
0.0001 -2.19174 10.00000 0.8413628936 2.4323763847    0.833  2.160  3.7012  1.956    3  0.000  0.521     0.00     0.00     0.00     0.00     0.00 -1 -2.07e-10      0.00 7.513e-01 2.486e-01 1.668e-05 5.033e-06 4.266e-05 -1.000 1.000e-04 -0.629 0.811 -0.063 -0.634 -0.843 -0.942 -0.974
0.0001 -2.19174 10.00000 0.8414213657 2.4323945045    0.833  2.203  3.6994  1.905    3  0.000  0.521     0.00     0.00     0.00     0.00     0.00 -1 -2.43e-10      0.00 7.513e-01 2.486e-01 1.668e-05 5.034e-06 4.266e-05 -1.000 1.000e-04 -0.738 0.727 -0.162 -0.741 -0.954 -1.055 -1.087
0.0001 -2.19174 10.00000 0.8414800167 2.4324128628    0.832  2.249  3.6977  1.852    3  0.000  0.521     0.00     0.00     0.00     0.00     0.00 -1 -2.87e-10      0.00 7.512e-01 2.487e-01 1.667e-05 5.034e-06 4.267e-05 -1.000 1.000e-04 -0.851 0.638 -0.266 -0.853 -1.069 -1.173 -1.206
0.0001 -2.19174 10.00000 0.8415415883 2.4324319363    0.832  2.292  3.6959  1.801    3  0.000  0.521     0.00     0.00     0.00     0.00     0.00 -1 -3.36e-10      0.00 7.512e-01 2.487e-01 1.667e-05 5.035e-06 4.267e-05 -1.000 1.000e-04 -0.960 0.554 -0.365 -0.960 -1.180 -1.285 -1.320
0.0001 -2.19174 10.00000 0.8415737748 2.4324419498    0.831  2.303  3.6955  1.788    3  0.000  0.521     0.00     0.00     0.00     0.00     0.00 -1 -3.53e-10      0.00 7.512e-01 2.487e-01 1.667e-05 5.035e-06 4.267e-05 -1.000 9.999e-05 -0.988 0.532 -0.391 -0.988 -1.208 -1.314 -1.349
0.0001 -2.19174 10.00000 0.8416072130 2.4324524403    0.831  2.293  3.6962  1.801    3  0.000  0.521     0.00     0.00     0.00     0.00     0.00 -1 -3.41e-10      0.00 7.512e-01 2.487e-01 1.667e-05 5.035e-06 4.267e-05 -1.000 1.000e-04 -0.962 0.548 -0.369 -0.963 -1.181 -1.287 -1.321
0.0001 -2.19174 10.00000 0.8416141272 2.4324545860    0.831  2.300  3.6959  1.793    3  0.000  0.521     0.00     0.00     0.00     0.00     0.00 -1 -3.49e-10      0.00 7.512e-01 2.487e-01 1.667e-05 5.035e-06 4.267e-05 -1.000 1.000e-04 -0.979 0.536 -0.384 -0.979 -1.199 -1.304 -1.339
0.0001 -2.19174 10.00000 0.8416521549 2.4324662685    0.830  2.339  3.6942  1.747    3  0.000  0.521     0.00     0.00     0.00     0.00     0.00 -1    -4e-10      0.00 7.512e-01 2.487e-01 1.667e-05 5.035e-06 4.267e-05 -1.000 1.000e-04 -1.078 0.461 -0.473 -1.077 -1.299 -1.407 -1.443
0.0001 -2.19174 10.00000 0.8416905999 2.4324784279    0.829  2.382  3.6925  1.697    3  0.000  0.521     0.00     0.00     0.00     0.00     0.00 -1 -4.66e-10      0.00 7.512e-01 2.487e-01 1.667e-05 5.036e-06 4.267e-05 -1.000 1.000e-04 -1.184 0.379 -0.569 -1.181 -1.407 -1.516 -1.553
0.0001 -2.19174 10.00000 0.8417232037 2.4324884415    0.829  2.420  3.6909  1.652    3  0.000  0.521     0.00     0.00     0.00     0.00     0.00 -1 -5.36e-10      0.00 7.512e-01 2.487e-01 1.667e-05 5.036e-06 4.267e-05 -1.000 1.000e-04 -1.279 0.308 -0.654 -1.274 -1.503 -1.615 -1.652
0.0001 -2.19174 10.00000 0.8417553306 2.4324984550    0.828  2.460  3.6891  1.605    3  0.000  0.521     0.00     0.00     0.00     0.00     0.00 -1 -6.21e-10      0.00 7.512e-01 2.487e-01 1.667e-05 5.036e-06 4.267e-05 -1.000 1.001e-04 -1.379 0.235 -0.743 -1.372 -1.604 -1.718 -1.757
0.0001 -2.19174 10.00000 0.8417853117 2.4325077534    0.827  2.499  3.6874  1.558    3  0.000  0.521     0.00     0.00     0.00     0.00     0.00 -1 -7.19e-10      0.00 7.512e-01 2.487e-01 1.667e-05 5.036e-06 4.267e-05 -1.000 1.000e-04 -1.478 0.162 -0.831 -1.469 -1.705 -1.821 -1.861
0.0001 -2.19174 10.00000 0.8418115377 2.4325158596    0.826  2.537  3.6857  1.514    3  0.000  0.521     6.59     5.25     3.74     2.89     2.34  3 -8.25e-10      0.00 7.512e-01 2.487e-01 1.667e-05 5.037e-06 4.267e-05 -1.000 1.000e-04 -1.571 0.097 -0.913 -1.560 -1.799 -1.918 -1.958
0.0001 -2.19174 10.00000 0.8418375254 2.4325239658    0.825  2.576  3.6840  1.467    3  0.000  0.521     7.27     5.72     4.06     3.13     2.54  3 -9.53e-10      0.00 7.512e-01 2.487e-01 1.667e-05 5.037e-06 4.267e-05 -1.000 1.000e-04 -1.670 0.044 -0.997 -1.657 -1.900 -2.021 -2.062
0.0001 -2.19174 10.00000 0.8418605328 2.4325311184    0.825  2.613  3.6823  1.423    3  0.000  0.521     7.98     6.19     4.38     3.38     2.74  3 -1.09e-09      0.00 7.512e-01 2.487e-01 1.667e-05 5.037e-06 4.267e-05 -1.000 1.001e-04 -1.762 -0.002 -1.075 -1.749 -1.996 -2.119 -2.161
0.0001 -2.19174 10.00000 0.8418820500 2.4325377941    0.824  2.650  3.6806  1.378    3  0.000  0.521     8.75     6.70     4.72     3.65     2.96  3 -1.25e-09      0.00 7.512e-01 2.487e-01 1.667e-05 5.037e-06 4.267e-05 -1.000 1.000e-04 -1.854 -0.044 -1.151 -1.840 -2.091 -2.216 -2.259
0.0001 -2.19174 10.00000 0.8419025540 2.4325442314    0.822  2.687  3.6789  1.334    3  0.000  0.521     9.62     7.26     5.10     3.95     3.20  3 -1.44e-09      0.00 7.512e-01 2.487e-01 1.667e-05 5.037e-06 4.267e-05 -1.000 1.000e-04 -1.948 -0.081 -1.227 -1.932 -2.187 -2.315 -2.359
0.0001 -2.19174 10.00000 0.8419246078 2.4325511456    0.821  2.730  3.6771  1.283    3  0.000  0.521    10.71     7.96     5.57     4.32     3.50  3 -1.68e-09      0.00 7.512e-01 2.487e-01 1.667e-05 5.037e-06 4.267e-05 -1.000 1.000e-04 -2.055 -0.124 -1.313 -2.038 -2.298 -2.428 -2.473
0.0001 -2.19174 10.00000 0.8419423103 2.4325566292    0.820  2.767  3.6752  1.237    3  0.000  0.521    11.78     8.64     6.01     4.67     3.79  3 -1.93e-09      0.00 7.512e-01 2.487e-01 1.667e-05 5.038e-06 4.267e-05 -1.000 1.000e-04 -2.147 -0.147 -1.383 -2.128 -2.393 -2.526 -2.572
0.0001 -2.19174 10.00000 0.8419606090 2.4325623512    0.818  2.808  3.6732  1.188    3  0.000  0.521    13.06     9.44     6.55     5.10     4.13  3 -2.25e-09      0.00 7.512e-01 2.487e-01 1.667e-05 5.038e-06 4.267e-05 -1.000 9.999e-05 -2.250 -0.173 -1.460 -2.228 -2.499 -2.634 -2.681
0.0001 -2.19174 10.00000 0.8419757485 2.4325668812    0.817  2.844  3.6715  1.144    3  0.000  0.521    14.32    10.21     7.05     5.50     4.45  2 -2.57e-09      0.00 7.512e-01 2.487e-01 1.667e-05 5.038e-06 4.267e-05 -1.000 1.000e-04 -2.339 -0.190 -1.525 -2.315 -2.591 -2.730 -2.778
0.0001 -2.19174 10.00000 0.8419911265 2.4325718880    0.815  2.882  3.6695  1.097    3  0.000  0.521    15.83    11.12     7.66     5.97     4.84  2 -2.98e-09      0.00 7.512e-01 2.487e-01 1.667e-05 5.038e-06 4.267e-05 -1.000 9.999e-05 -2.436 -0.199 -1.593 -2.409 -2.692 -2.833 -2.882
0.0001 -2.19174 10.00000 0.8420038819 2.4325757027    0.813  2.917  3.6679  1.055    3  0.000  0.521    17.27    11.98     8.22     6.42     5.21  2 -3.38e-09      0.00 7.512e-01 2.487e-01 1.667e-05 5.038e-06 4.267e-05 -1.000 1.000e-04 -2.522 -0.209 -1.653 -2.491 -2.779 -2.923 -2.974
0.0001 -2.19174 10.00000 0.8420172930 2.4325799942    0.811  2.955  3.6660  1.008    3  0.000  0.521    19.06    13.04     8.91     6.97     5.65  2  -3.9e-09      0.00 7.512e-01 2.487e-01 1.667e-05 5.038e-06 4.267e-05 -1.000 1.000e-04 -2.617 -0.210 -1.716 -2.583 -2.878 -3.025 -3.077
0.0001 -2.19174 10.00000 0.8420308232 2.4325840473    0.809  2.996  3.6639  0.958    3  0.000  0.521    21.20    14.28     9.72     7.61     6.17  2 -4.55e-09      0.00 7.512e-01 2.487e-01 1.667e-05 5.038e-06 4.267e-05 -1.000 9.999e-05 -2.720 -0.197 -1.778 -2.680 -2.983 -3.135 -3.188
0.0001 -2.19174 10.00000 0.8420419097 2.4325876236    0.807  3.031  3.6621  0.914    3  0.000  0.521    23.25    15.45    10.48     8.22     6.66  2  -5.2e-09      0.00 7.512e-01 2.487e-01 1.667e-05 5.038e-06 4.267e-05 -1.000 9.999e-05 -2.809 -0.180 -1.828 -2.764 -3.075 -3.230 -3.284
0.0001 -2.19174 10.00000 0.8420513868 2.4325904846    0.805  3.063  3.6603  0.874    3  0.000  0.521    25.28    16.59    11.21     8.81     7.14  2 -5.87e-09      0.00 7.512e-01 2.487e-01 1.667e-05 5.038e-06 4.267e-05 -1.000 1.000e-04 -2.888 -0.154 -1.868 -2.837 -3.157 -3.316 -3.372
0.0001 -2.19174 10.00000 0.8420611024 2.4325935841    0.802  3.098  3.6585  0.830    3  0.000  0.521    27.69    17.93    12.07     9.49     7.70  1 -6.69e-09      0.00 7.512e-01 2.487e-01 1.667e-05 5.038e-06 4.267e-05 -1.000 1.000e-04 -2.975 -0.125 -1.910 -2.916 -3.246 -3.408 -3.465
0.0001 -2.19174 10.00000 0.8420711160 2.4325966835    0.799  3.135  3.6564  0.783    3  0.000  0.521    30.58    19.51    13.09    10.31     8.36  1 -7.71e-09      0.00 7.512e-01 2.487e-01 1.667e-05 5.038e-06 4.267e-05 -1.000 1.000e-04 -3.068 -0.124 -1.963 -3.001 -3.339 -3.506 -3.565
0.0001 -2.19174 10.00000 0.8420795202 2.4325993061    0.797  3.168  3.6546  0.741    3  0.000  0.521    33.39    21.03    14.06    11.08     8.99  1 -8.74e-09      0.00 7.512e-01 2.487e-01 1.667e-05 5.039e-06 4.267e-05 -1.000 1.000e-04 -3.151 -0.130 -2.011 -3.075 -3.421 -3.592 -3.652
0.0001 -2.19174 10.00000 0.8420879841 2.4326019287    0.793  3.203  3.6528  0.698    3  0.000  0.521    36.54    22.71    15.13    11.94     9.69  1 -9.97e-09      0.00 7.512e-01 2.487e-01 1.667e-05 5.039e-06 4.267e-05 -1.000 1.000e-04 -3.236 -0.140 -2.062 -3.152 -3.506 -3.680 -3.742
0.0001 -2.19174 10.00000 0.8420957923 2.4326043129    0.790  3.234  3.6511  0.659    3  0.000  0.521    39.70    24.37    16.18    12.78    10.38  1 -1.13e-08      0.00 7.512e-01 2.487e-01 1.667e-05 5.039e-06 4.267e-05 -1.000 9.999e-05 -3.314 -0.147 -2.108 -3.221 -3.583 -3.761 -3.824
0.0001 -2.19174 10.00000 0.8420979977 2.4326050282    0.789  3.242  3.6507  0.648    3  0.000  0.521    40.60    24.84    16.48    13.02    10.57  1 -1.17e-08      0.00 7.512e-01 2.487e-01 1.667e-05 5.039e-06 4.267e-05 -1.000 1.000e-04 -3.335 -0.148 -2.119 -3.240 -3.603 -3.783 -3.846
0.0001 -2.19174 10.00000 0.8420979977 2.4326050282    0.789  1.703  3.8886  3.138    4  0.000  0.532     0.00     0.00     0.00     0.00     0.00 -1    -1e-30      0.00 7.554e-01 2.445e-01 1.688e-05 4.708e-06 4.230e-05 -1.000 1.000e-04 0.512 0.944 0.461 0.564 0.688 0.739 0.772
0.0001 -2.19174 10.00000 0.8421285748 2.4326145649    0.789  1.726  3.8765  3.067    4  0.000  0.532     0.00     0.00     0.00     0.00     0.00 -1    -1e-30      0.00 7.554e-01 2.445e-01 1.688e-05 4.708e-06 4.230e-05 -1.000 9.999e-05 0.456 0.913 0.423 0.486 0.590 0.636 0.667
0.0001 -2.19174 10.00000 0.8421831727 2.4326314926    0.789  1.731  3.8741  3.053    4  0.000  0.532     0.00     0.00     0.00     0.00     0.00 -1    -1e-30      0.00 7.554e-01 2.445e-01 1.688e-05 4.708e-06 4.230e-05 -1.000 1.000e-04 0.444 0.907 0.415 0.470 0.570 0.615 0.645
0.0001 -2.19174 10.00000 0.8422359228 2.4326479435    0.789  1.731  3.8747  3.055    4  0.000  0.532     0.00     0.00     0.00     0.00     0.00 -1    -1e-30      0.00 7.554e-01 2.445e-01 1.688e-05 4.708e-06 4.230e-05 -1.000 1.000e-04 0.443 0.904 0.413 0.470 0.571 0.616 0.647
0.0001 -2.19174 10.00000 0.8422896266 2.4326646328    0.789  1.731  3.8753  3.057    4  0.000  0.532     0.00     0.00     0.00     0.00     0.00 -1    -1e-30      0.00 7.554e-01 2.445e-01 1.688e-05 4.708e-06 4.230e-05 -1.000 1.000e-04 0.442 0.902 0.412 0.470 0.572 0.618 0.648
0.0001 -2.19174 10.00000 0.8423453569 2.4326817989    0.789  1.731  3.8760  3.060    4  0.000  0.532     0.00     0.00     0.00     0.00     0.00 -1    -1e-30      0.00 7.554e-01 2.445e-01 1.688e-05 4.709e-06 4.230e-05 -1.000 1.002e-04 0.442 0.900 0.410 0.471 0.574 0.620 0.650
0.0001 -2.19174 10.00000 0.8423981071 2.4326982498    0.789  1.732  3.8766  3.062    4  0.000  0.532     0.00     0.00     0.00     0.00     0.00 -1    -1e-30      0.00 7.554e-01 2.445e-01 1.688e-05 4.709e-06 4.230e-05 -1.000 1.000e-04 0.441 0.898 0.408 0.471 0.576 0.622 0.652
0.0001 -2.19174 10.00000 0.8424534798 2.4327154160    0.789  1.732  3.8770  3.064    4  0.000  0.532     0.00     0.00     0.00     0.00     0.00 -1    -1e-30      0.00 7.554e-01 2.445e-01 1.688e-05 4.709e-06 4.230e-05 -1.000 9.999e-05 0.441 0.896 0.407 0.472 0.577 0.623 0.654
0.0001 -2.19174 10.00000 0.8425083756 2.4327325821    0.789  1.732  3.8773  3.065    4  0.000  0.532     0.00     0.00     0.00     0.00     0.00 -1    -1e-30      0.00 7.554e-01 2.445e-01 1.688e-05 4.709e-06 4.230e-05 -1.000 9.997e-05 0.440 0.895 0.406 0.472 0.577 0.623 0.654
0.0001 -2.19174 10.00000 0.8425636292 2.4327497482    0.789  1.732  3.8774  3.065    4  0.000  0.532     0.00     0.00     0.00     0.00     0.00 -1    -1e-30      0.00 7.554e-01 2.445e-01 1.688e-05 4.709e-06 4.230e-05 -1.000 9.994e-05 0.439 0.894 0.405 0.471 0.577 0.623 0.654
0.0001 -2.19174 10.00000 0.8426155448 2.4327657223    0.789  1.733  3.8773  3.064    4  0.000  0.532     0.00     0.00     0.00     0.00     0.00 -1    -1e-30      0.00 7.554e-01 2.445e-01 1.688e-05 4.710e-06 4.230e-05 -1.000 1.001e-04 0.439 0.894 0.404 0.470 0.575 0.622 0.652
0.0001 -2.19174 10.00000 0.8426724076 2.4327833652    0.790  1.733  3.8768  3.061    4  0.000  0.532     0.00     0.00     0.00     0.00     0.00 -1    -1e-30      0.00 7.554e-01 2.445e-01 1.688e-05 4.710e-06 4.230e-05 -1.000 1.000e-04 0.437 0.893 0.404 0.467 0.572 0.618 0.649
0.0001 -2.19174 10.00000 0.8427278996 2.4328005314    0.790  1.734  3.8759  3.057    4  0.000  0.532     0.00     0.00     0.00     0.00     0.00 -1    -1e-30      0.00 7.554e-01 2.445e-01 1.688e-05 4.710e-06 4.230e-05 -1.000 1.000e-04 0.435 0.893 0.403 0.464 0.567 0.613 0.643
0.0001 -2.19174 10.00000 0.8427840471 2.4328179359    0.790  1.735  3.8746  3.051    4  0.000  0.532     0.00     0.00     0.00     0.00     0.00 -1    -1e-30      0.00 7.554e-01 2.445e-01 1.688e-05 4.710e-06 4.230e-05 -1.000 9.997e-05 0.432 0.894 0.403 0.459 0.560 0.606 0.636
0.0001 -2.19174 10.00000 0.8428412676 2.4328358173    0.790  1.736  3.8728  3.042    4  0.000  0.532     0.00     0.00     0.00     0.00     0.00 -1    -1e-30      0.00 7.554e-01 2.445e-01 1.688e-05 4.710e-06 4.230e-05 -1.000 1.000e-04 0.429 0.895 0.403 0.453 0.551 0.596 0.625
0.0001 -2.19174 10.00000 0.8428643346 2.4328429699    0.790  1.737  3.8720  3.039    4  0.000  0.532     0.00     0.00     0.00     0.00     0.00 -1    -1e-30      0.00 7.554e-01 2.445e-01 1.688e-05 4.711e-06 4.230e-05 -1.000 1.000e-04 0.427 0.895 0.403 0.450 0.547 0.591 0.621
0.0001 -2.19174 10.00000 0.8428956270 2.4328527451    0.790  1.738  3.8707  3.032    4  0.000  0.532     0.00     0.00     0.00     0.00     0.00 -1    -1e-30      0.00 7.554e-01 2.445e-01 1.688e-05 4.711e-06 4.230e-05 -1.000 9.996e-05 0.425 0.896 0.403 0.446 0.540 0.584 0.613
0.0001 -2.19174 10.00000 0.8429541588 2.4328708649    0.790  1.740  3.8677  3.018    4  0.000  0.532     0.00     0.00     0.00     0.00     0.00 -1    -1e-30      0.00 7.554e-01 2.445e-01 1.688e-05 4.711e-06 4.230e-05 -1.000 1.000e-04 0.420 0.899 0.404 0.437 0.525 0.568 0.597
0.0001 -2.19174 10.00000 0.8430075645 2.4328873158    0.790  1.742  3.8644  3.003    4  0.000  0.532     0.00     0.00     0.00     0.00     0.00 -1    -1e-30      0.00 7.553e-01 2.446e-01 1.688e-05 4.711e-06 4.230e-05 -1.000 9.999e-05 0.415 0.902 0.406 0.427 0.510 0.552 0.580
0.0001 -2.19174 10.00000 0.8430621624 2.4329042435    0.790  1.745  3.8605  2.985    4  0.000  0.532     0.00     0.00     0.00     0.00     0.00 -1    -1e-30      0.00 7.553e-01 2.446e-01 1.688e-05 4.711e-06 4.230e-05 -1.000 9.999e-05 0.409 0.906 0.408 0.416 0.491 0.532 0.559
0.0001 -2.19174 10.00000 0.8431203365 2.4329223633    0.790  1.747  3.8558  2.963    4  0.000  0.532     0.00     0.00     0.00     0.00     0.00 -1    -1e-30      0.00 7.553e-01 2.446e-01 1.688e-05 4.712e-06 4.230e-05 -1.000 1.000e-04 0.401 0.912 0.412 0.404 0.471 0.509 0.535
0.0001 -2.19174 10.00000 0.8431782126 2.4329402447    0.790  1.751  3.8504  2.938    4  0.000  0.532     0.00     0.00     0.00     0.00     0.00 -1    -1e-30      0.00 7.553e-01 2.446e-01 1.688e-05 4.712e-06 4.231e-05 -1.000 1.000e-04 0.393 0.919 0.417 0.391 0.447 0.483 0.508
0.0001 -2.19174 10.00000 0.8432347178 2.4329576492    0.790  1.755  3.8445  2.911    4  0.000  0.532     0.00     0.00     0.00     0.00     0.00 -1    -1e-30      0.00 7.553e-01 2.446e-01 1.688e-05 4.712e-06 4.231e-05 -1.000 9.993e-05 0.384 0.927 0.423 0.377 0.422 0.455 0.478
0.0001 -2.19174 10.00000 0.8432671428 2.4329679012    0.790  1.757  3.8410  2.895    4  0.000  0.532     0.00     0.00     0.00     0.00     0.00 -1    -1e-30      0.00 7.553e-01 2.446e-01 1.688e-05 4.712e-06 4.231e-05 -1.000 1.000e-04 0.378 0.932 0.427 0.369 0.407 0.438 0.461
0.0001 -2.19174 10.00000 0.8433207870 2.4329843521    0.790  1.761  3.8345  2.865    4  0.000  0.532     0.00     0.00     0.00     0.00     0.00 -1    -1e-30      0.00 7.553e-01 2.446e-01 1.688e-05 4.712e-06 4.231e-05 -1.000 1.000e-04 0.368 0.943 0.434 0.354 0.381 0.408 0.429
0.0001 -2.19174 10.00000 0.8433775902 2.4330019951    0.790  1.765  3.8274  2.832    4  0.000  0.532     0.00     0.00     0.00     0.00     0.00 -1    -1e-30      0.00 7.553e-01 2.446e-01 1.688e-05 4.712e-06 4.231e-05 -1.000 9.999e-05 0.357 0.956 0.442 0.338 0.352 0.375 0.394
0.0001 -2.19174 10.00000 0.8434337378 2.4330193996    0.790  1.770  3.8199  2.797    4  0.000  0.532     0.00     0.00     0.00     0.00     0.00 -1    -1e-30      0.00 7.553e-01 2.446e-01 1.688e-05 4.713e-06 4.231e-05 -1.000 9.996e-05 0.345 0.971 0.452 0.322 0.323 0.340 0.357
0.0001 -2.19174 10.00000 0.8434913158 2.4330372810    0.790  1.775  3.8115  2.759    4  0.000  0.532     0.00     0.00     0.00     0.00     0.00 -1    -1e-30      0.00 7.553e-01 2.446e-01 1.688e-05 4.713e-06 4.231e-05 -1.000 9.993e-05 0.332 0.990 0.464 0.305 0.290 0.302 0.317
0.0001 -2.19174 10.00000 0.8435462713 2.4330542088    0.790  1.781  3.8030  2.719    4  0.000  0.532     0.00     0.00     0.00     0.00     0.00 -1    -1e-30      0.00 7.553e-01 2.446e-01 1.688e-05 4.713e-06 4.231e-05 -1.000 1.000e-04 0.318 1.014 0.478 0.289 0.258 0.264 0.275
0.0001 -2.19174 10.00000 0.8436011672 2.4330711365    0.791  1.787  3.7948  2.680    4  0.000  0.532     0.00     0.00     0.00     0.00     0.00 -1    -1e-30      0.00 7.553e-01 2.446e-01 1.688e-05 4.713e-06 4.231e-05 -1.000 9.997e-05 0.303 1.037 0.491 0.272 0.227 0.226 0.235
0.0001 -2.19174 10.00000 0.8436554670 2.4330880642    0.791  1.793  3.7882  2.648    4  0.000  0.532     0.00     0.00     0.00     0.00     0.00 -1    -1e-30      0.00 7.553e-01 2.446e-01 1.688e-05 4.713e-06 4.231e-05 -1.000 1.000e-04 0.288 1.055 0.500 0.257 0.200 0.193 0.200
0.0001 -2.19174 10.00000 0.8437105417 2.4331049919    0.791  1.799  3.7824  2.619    4  0.000  0.532     0.00     0.00     0.00     0.00     0.00 -1    -1e-30      0.00 7.553e-01 2.446e-01 1.688e-05 4.714e-06 4.231e-05 -1.000 1.000e-04 0.273 1.070 0.505 0.241 0.175 0.162 0.167
0.0001 -2.19174 10.00000 0.8437654376 2.4331221581    0.791  1.805  3.7774  2.593    4  0.000  0.532     0.00     0.00     0.00     0.00     0.00 -1    -1e-30      0.00 7.553e-01 2.446e-01 1.688e-05 4.714e-06 4.231e-05 -1.000 1.000e-04 0.257 1.081 0.507 0.226 0.150 0.133 0.136
0.0001 -2.19174 10.00000 0.8438013196 2.4331331253    0.791  1.808  3.7754  2.582    4  0.000  0.532     0.00     0.00     0.00     0.00     0.00 -1    -1e-30      0.00 7.553e-01 2.446e-01 1.688e-05 4.714e-06 4.231e-05 -1.000 1.000e-04 0.250 1.086 0.508 0.219 0.139 0.121 0.122
0.0001 -2.19174 10.00000 0.8438554406 2.4331498146    0.791  1.816  3.7706  2.554    4  0.000  0.532     0.00     0.00     0.00     0.00     0.00 -1    -1e-30      0.00 7.553e-01 2.446e-01 1.688e-05 4.714e-06 4.231e-05 -1.000 1.000e-04 0.229 1.092 0.503 0.198 0.110 0.087 0.087
0.0001 -2.19174 10.00000 0.8439114690 2.4331672192    0.791  1.832  3.7640  2.513    4  0.000  0.532     0.00     0.00     0.00     0.00     0.00 -1    -1e-30      0.00 7.553e-01 2.446e-01 1.688e-05 4.714e-06 4.231e-05 -1.000 9.999e-05 0.191 1.092 0.489 0.161 0.061 0.032 0.029
0.0001 -2.19174 10.00000 0.8439662457 2.4331841469    0.791  1.857  3.7559  2.455    4  0.000  0.532     0.00     0.00     0.00     0.00     0.00 -1    -1e-30      0.00 7.553e-01 2.446e-01 1.688e-05 4.715e-06 4.231e-05 -1.000 9.997e-05 0.128 1.080 0.457 0.099 -0.014 -0.052 -0.058
0.0001 -2.19174 10.00000 0.8439993858 2.4331943989    0.791  1.886  3.7481  2.394    4  0.000  0.532     0.00     0.00     0.00     0.00     0.00 -1    -1e-30      0.00 7.553e-01 2.446e-01 1.688e-05 4.715e-06 4.231e-05 -1.000 1.000e-04 0.055 1.058 0.412 0.027 -0.099 -0.145 -0.155
0.0001 -2.19174 10.00000 0.8440159559 2.4331996441    0.791  1.918  3.7408  2.334    4  0.000  0.532     0.00     0.00     0.00     0.00     0.00 -1    -1e-30      0.00 7.553e-01 2.446e-01 1.688e-05 4.715e-06 4.231e-05 -1.000 9.999e-05 -0.024 1.030 0.361 -0.050 -0.189 -0.242 -0.255
0.0001 -2.19174 10.00000 0.8440230489 2.4332017899    0.791  1.949  3.7347  2.278    4  0.000  0.532     0.00     0.00     0.00     0.00     0.00 -1    -1e-30      0.00 7.553e-01 2.446e-01 1.688e-05 4.715e-06 4.231e-05 -1.000 1.000e-04 -0.104 1.000 0.306 -0.128 -0.277 -0.337 -0.353
0.0001 -2.19174 10.00000 0.8440262675 2.4332027435    0.791  1.980  3.7298  2.227    4  0.000  0.532     0.00     0.00     0.00     0.00     0.00 -1    -1e-30      0.00 7.553e-01 2.446e-01 1.688e-05 4.715e-06 4.231e-05 -1.000 9.996e-05 -0.181 0.964 0.248 -0.204 -0.362 -0.428 -0.445
0.0001 -2.19174 10.00000 0.8440279365 2.4332032204    0.791  2.008  3.7262  2.185    4  0.000  0.532     0.00     0.00     0.00     0.00     0.00 -1    -1e-30      0.00 7.553e-01 2.446e-01 1.688e-05 4.715e-06 4.231e-05 -1.000 9.997e-05 -0.249 0.929 0.196 -0.271 -0.435 -0.504 -0.524
0.0001 -2.19174 10.00000 0.8440280557 2.4332032204    0.791  2.010  3.7258  2.181    7  0.000  0.532     0.00     0.00     0.00     0.00     0.00 -1    -1e-30      0.00 7.553e-01 2.446e-01 1.688e-05 4.715e-06 4.231e-05 -1.000 9.996e-05 -0.256 0.925 0.190 -0.277 -0.442 -0.512 -0.531
0.0001 -2.19174 10.00000 0.8440288305 2.4332034588    0.791  2.035  3.7234  2.147    7  0.000  0.532     0.00     0.00     0.00     0.00     0.00 -1    -1e-30      0.00 7.553e-01 2.446e-01 1.688e-05 4.715e-06 4.231e-05 -1.000 9.996e-05 -0.317 0.885 0.139 -0.338 -0.506 -0.579 -0.600
0.0001 -2.19174 10.00000 0.8440299034 2.4332039356    0.791  2.077  3.7198  2.090    7  0.000  0.532     0.00     0.00     0.00     0.00     0.00 -1    -1e-30      0.00 7.553e-01 2.446e-01 1.688e-05 4.715e-06 4.231e-05 -1.000 1.000e-04 -0.422 0.814 0.050 -0.441 -0.616 -0.693 -0.715
0.0001 -2.19174 10.00000 0.8440309763 2.4332041740    0.791  2.118  3.7166  2.037    7  0.000  0.532     0.00     0.00     0.00     0.00     0.00 -1    -1e-30      0.00 7.553e-01 2.446e-01 1.688e-05 4.715e-06 4.231e-05 -1.000 9.999e-05 -0.524 0.745 -0.038 -0.541 -0.722 -0.802 -0.826
0.0001 -2.19174 10.00000 0.8440324068 2.4332046509    0.791  2.168  3.7132  1.973    7  0.000  0.532     0.00     0.00     0.00     0.00     0.00 -1    -1e-30      0.00 7.553e-01 2.446e-01 1.688e-05 4.715e-06 4.231e-05 -1.000 1.001e-04 -0.649 0.656 -0.147 -0.664 -0.851 -0.935 -0.961
0.0001 -2.19174 10.00000 0.8440356851 2.4332056046    0.791  2.170  3.7134  1.972    7  0.000  0.532     0.00     0.00     0.00     0.00     0.00 -1    -1e-30      0.00 7.553e-01 2.446e-01 1.688e-05 4.715e-06 4.231e-05 -1.000 9.999e-05 -0.655 0.649 -0.153 -0.670 -0.857 -0.941 -0.966
0.0001 -2.19174 10.00000 0.8440538049 2.4332113266    0.791  2.144  3.7148  2.003    7  0.000  0.532     0.00     0.00     0.00     0.00     0.00 -1    -1e-30      0.00 7.553e-01 2.446e-01 1.688e-05 4.715e-06 4.231e-05 -1.000 9.993e-05 -0.591 0.697 -0.096 -0.607 -0.790 -0.873 -0.898
0.0001 -2.19174 10.00000 0.8440762758 2.4332182407    0.791  2.181  3.7121  1.955    7  0.000  0.532     0.00     0.00     0.00     0.00     0.00 -1    -1e-30      0.00 7.552e-01 2.447e-01 1.688e-05 4.715e-06 4.231e-05 -1.000 1.000e-04 -0.684 0.634 -0.176 -0.698 -0.887 -0.973 -0.999
0.0001 -2.19174 10.00000 0.8440961242 2.4332244396    0.791  2.225  3.7092  1.900    7  0.000  0.532     0.00     0.00     0.00     0.00     0.00 -1    -1e-30      0.00 7.552e-01 2.447e-01 1.688e-05 4.715e-06 4.231e-05 -1.000 9.997e-05 -0.792 0.559 -0.270 -0.805 -0.999 -1.088 -1.116
0.0001 -2.19174 10.00000 0.8441100717 2.4332287312    0.791  2.259  3.7070  1.857    7  0.000  0.532     0.00     0.00     0.00     0.00     0.00 -1    -1e-30      0.00 7.552e-01 2.447e-01 1.688e-05 4.715e-06 4.231e-05 -1.000 1.000e-04 -0.878 0.501 -0.345 -0.889 -1.088 -1.180 -1.208
0.0001 -2.19174 10.00000 0.8441277742 2.4332342148    0.791  2.301  3.7045  1.805    7  0.000  0.532     0.00     0.00     0.00     0.00     0.00 -1    -1e-30      0.00 7.552e-01 2.447e-01 1.688e-05 4.715e-06 4.231e-05 -1.000 9.999e-05 -0.983 0.427 -0.437 -0.993 -1.196 -1.291 -1.321
0.0001 -2.19174 10.00000 0.8441444039 2.4332392216    0.791  2.340  3.7022  1.757    7  0.000  0.532     0.00     0.00     0.00     0.00     0.00 -1    -1e-30      0.00 7.552e-01 2.447e-01 1.688e-05 4.716e-06 4.231e-05 -1.000 1.000e-04 -1.081 0.358 -0.523 -1.089 -1.296 -1.394 -1.425
0.0001 -2.19174 10.00000 0.8441596627 2.4332439899    0.791  2.380  3.7000  1.708    7  0.000  0.532     0.00     0.00     0.00     0.00     0.00 -1    -1e-30      0.00 7.552e-01 2.447e-01 1.688e-05 4.717e-06 4.231e-05 -1.000 1.001e-04 -1.180 0.287 -0.610 -1.187 -1.398 -1.498 -1.531
0.0001 -2.19174 10.00000 0.8441734910 2.4332482815    0.791  2.420  3.6978  1.659    7  0.000  0.531     0.00     0.00     0.00     0.00     0.00 -1    -1e-30      0.00 7.552e-01 2.447e-01 1.685e-05 4.729e-06 4.232e-05 -1.000 9.999e-05 -1.280 0.217 -0.698 -1.285 -1.500 -1.603 -1.637
0.0001 -2.19174 10.00000 0.8441860080 2.4332520962    0.791  2.461  3.6956  1.610    7  0.000  0.527     0.00     0.00     0.00     0.00     0.00 -1    -1e-30      0.00 7.550e-01 2.449e-01 1.674e-05 4.796e-06 4.233e-05 -1.000 7.020e-05 -1.382 0.146 -0.786 -1.384 -1.603 -1.709 -1.744
0.0001 -2.19174 10.00000 0.8441974521 2.4332556725    0.791  2.501  3.6934  1.560    7  0.000  0.518     5.87     4.77     3.41     2.63     2.13  3    -1e-30      0.00 7.548e-01 2.451e-01 1.644e-05 5.082e-06 4.235e-05 -1.000 7.871e-05 -1.484 0.075 -0.875 -1.483 -1.707 -1.816 -1.852
0.0001 -2.19174 10.00000 0.8442077041 2.4332587719    0.791  2.542  3.6912  1.511    7  0.000  0.502     6.52     5.22     3.71     2.87     2.32  3    -1e-30      0.00 7.546e-01 2.453e-01 1.596e-05 5.643e-06 4.236e-05 -1.000 1.000e-04 -1.586 0.004 -0.964 -1.583 -1.811 -1.922 -1.960
0.0001 -2.19174 10.00000 0.8442170024 2.4332616329    0.791  2.582  3.6891  1.462    7  0.000  0.487     7.23     5.70     4.04     3.13     2.53  3    -1e-30      0.00 7.544e-01 2.455e-01 1.548e-05 6.239e-06 4.238e-05 -1.000 9.996e-05 -1.686 -0.063 -1.050 -1.681 -1.913 -2.027 -2.066
0.0001 -2.19174 10.00000 0.8442255855 2.4332642555    0.791  2.623  3.6870  1.413    7  0.000  0.474     8.02     6.23     4.40     3.41     2.76  3    -1e-30      0.00 7.542e-01 2.457e-01 1.506e-05 6.755e-06 4.239e-05 -1.000 1.000e-04 -1.787 -0.128 -1.136 -1.778 -2.015 -2.133 -2.172
0.0001 -2.19174 10.00000 0.8442335129 2.4332668781    0.791  2.663  3.6848  1.365    7  0.000  0.462     8.89     6.80     4.78     3.71     3.00  3    -1e-30      0.00 7.540e-01 2.459e-01 1.470e-05 7.195e-06 4.240e-05 -1.000 9.999e-05 -1.887 -0.183 -1.220 -1.876 -2.118 -2.238 -2.278
0.0001 -2.19174 10.00000 0.8442410827 2.4332692623    0.791  2.703  3.6827  1.317    7  0.000  0.453     9.85     7.42     5.20     4.03     3.27  3    -1e-30      0.00 7.538e-01 2.461e-01 1.440e-05 7.570e-06 4.240e-05 -1.000 9.993e-05 -1.986 -0.222 -1.300 -1.975 -2.221 -2.344 -2.386
0.0001 -2.19174 10.00000 0.8442484140 2.4332714081    0.791  2.742  3.6806  1.268    7  0.000  0.444    10.91     8.10     5.65     4.39     3.56  3    -1e-30      0.00 7.535e-01 2.464e-01 1.413e-05 7.907e-06 4.240e-05 -1.000 1.000e-04 -2.086 -0.256 -1.379 -2.073 -2.325 -2.451 -2.494
0.0001 -2.19174 10.00000 0.8442555070 2.4332735538    0.791  2.783  3.6784  1.219    7  0.000  0.437    12.11     8.85     6.15     4.79     3.88  3    -1e-30      0.00 7.533e-01 2.466e-01 1.390e-05 8.195e-06 4.238e-05 -1.000 9.921e-05 -2.187 -0.283 -1.456 -2.172 -2.429 -2.558 -2.602
0.0001 -2.19174 10.00000 0.8442620039 2.4332756996    0.791  2.823  3.6762  1.170    7  0.000  0.431    13.45     9.68     6.70     5.22     4.23  2    -1e-30      0.00 7.530e-01 2.469e-01 1.370e-05 8.448e-06 4.235e-05 -1.000 9.756e-05 -2.289 -0.304 -1.532 -2.271 -2.535 -2.666 -2.712
0.0001 -2.19174 10.00000 0.8442675471 2.4332773685    0.791  2.863  3.6740  1.121    7  0.000  0.426    14.91    10.57     7.29     5.69     4.61  2    -1e-30      0.00 7.528e-01 2.471e-01 1.352e-05 8.684e-06 4.228e-05 -1.000 1.000e-04 -2.388 -0.318 -1.603 -2.368 -2.638 -2.773 -2.820
0.0001 -2.19174 10.00000 0.8442724943 2.4332787991    0.791  2.904  3.6717  1.071    7  0.000  0.423    16.57    11.56     7.94     6.21     5.03  2    -1e-30      0.00 7.525e-01 2.474e-01 1.337e-05 8.916e-06 4.218e-05 -1.000 9.993e-05 -2.490 -0.325 -1.673 -2.467 -2.744 -2.882 -2.930
0.0001 -2.19174 10.00000 0.8442766666 2.4332802296    0.791  2.944  3.6695  1.022    7  0.000  0.420    18.38    12.63     8.64     6.76     5.48  2    -1e-30      0.00 7.523e-01 2.476e-01 1.324e-05 9.158e-06 4.204e-05 -1.000 1.000e-04 -2.590 -0.325 -1.739 -2.563 -2.847 -2.989 -3.039
0.0001 -2.19174 10.00000 0.8442804217 2.4332814217    0.791  2.983  3.6672  0.974    7  0.000  0.418    20.37    13.79     9.39     7.36     5.97  2    -1e-30      0.00 7.520e-01 2.479e-01 1.313e-05 9.411e-06 4.188e-05 -1.000 1.000e-04 -2.688 -0.313 -1.799 -2.657 -2.949 -3.095 -3.146
0.0001 -2.19174 10.00000 0.8442844152 2.4332826138    0.791  3.024  3.6648  0.923    7  0.000  0.417    22.66    15.10    10.25     8.04     6.52  2    -1e-30      0.00 7.518e-01 2.481e-01 1.305e-05 9.651e-06 4.172e-05 -1.000 9.997e-05 -2.790 -0.288 -1.856 -2.753 -3.055 -3.205 -3.257
0.0001 -2.19174 10.00000 0.8442877531 2.4332835674    0.791  3.062  3.6626  0.876    7  0.000  0.416    25.04    16.45    11.12     8.73     7.08  2    -1e-30      0.00 7.516e-01 2.483e-01 1.298e-05 9.853e-06 4.158e-05 -1.000 5.382e-05 -2.886 -0.258 -1.905 -2.842 -3.154 -3.308 -3.362
0.0001 -2.19174 10.00000 0.8442897797 2.4332842827    0.791  3.103  3.6601  0.826    7  0.000  0.416    27.85    18.01    12.12     9.54     7.74  1    -1e-30      0.00 7.515e-01 2.484e-01 1.294e-05 9.981e-06 4.148e-05 -1.000 9.960e-05 -2.987 -0.211 -1.951 -2.934 -3.258 -3.417 -3.473
0.0001 -2.19174 10.00000 0.8442901373 2.4332842827    0.791  3.061  3.6627  0.878    7  0.000  0.416    24.95    16.39    11.08     8.71     7.06  1    -1e-30      0.00 7.513e-01 2.486e-01 1.289e-05 1.017e-05 4.134e-05 -1.000 9.994e-05 -2.883 -0.261 -1.905 -2.839 -3.150 -3.305 -3.359
0.0001 -2.19174 10.00000 0.8442902565 2.4332842827    0.791  3.059  3.6628  0.881    7  0.000  0.416    24.78    16.30    11.02     8.66     7.02  1    -1e-30      0.00 7.513e-01 2.486e-01 1.289e-05 1.018e-05 4.133e-05 -1.000 9.996e-05 -2.876 -0.263 -1.902 -2.833 -3.144 -3.298 -3.352
0.0001 -2.19174 10.00000 0.8442904353 2.4332842827    0.791  3.078  3.6617  0.857    7  0.000  0.416    26.08    17.03    11.49     9.03     7.33  1    -1e-30      0.00 7.513e-01 2.486e-01 1.288e-05 1.019e-05 4.132e-05 -1.000 1.000e-04 -2.925 -0.244 -1.925 -2.878 -3.194 -3.350 -3.405
0.0001 -2.19174 10.00000 0.8442905545 2.4332845211    0.791  3.096  3.6605  0.834    7  0.000  0.416    27.36    17.74    11.95     9.40     7.62  1    -1e-30      0.00 7.513e-01 2.486e-01 1.288e-05 1.020e-05 4.132e-05 -1.000 9.999e-05 -2.970 -0.222 -1.945 -2.920 -3.241 -3.399 -3.455
0.0001 -2.19174 10.00000 0.8442907333 2.4332845211    0.791  3.117  3.6592  0.808    7  0.000  0.416    28.92    18.60    12.50     9.84     7.98  1    -1e-30      0.00 7.513e-01 2.486e-01 1.288e-05 1.021e-05 4.131e-05 -1.000 1.000e-04 -3.023 -0.193 -1.966 -2.967 -3.295 -3.456 -3.513
0.0001 -2.19174 10.00000 0.8442909718 2.4332845211    0.791  3.139  3.6578  0.781    7  0.000  0.416    30.65    19.54    13.11    10.32     8.38  1    -1e-30      0.00 7.511e-01 2.488e-01 1.284e-05 1.037e-05 4.118e-05 -1.000 9.999e-05 -3.077 -0.166 -1.989 -3.016 -3.350 -3.514 -3.572
0.0001 -2.19174 10.00000 0.8442913294 2.4332847595    0.791  3.175  3.6555  0.736    7  0.000  0.415    33.73    21.21    14.17    11.17     9.07  1    -1e-30      0.00 7.509e-01 2.490e-01 1.279e-05 1.054e-05 4.106e-05 -1.000 9.999e-05 -3.167 -0.167 -2.038 -3.095 -3.438 -3.608 -3.667
0.0001 -2.19174 10.00000 0.8442918658 2.4332847595    0.791  3.226  3.6522  0.671    7  0.000  0.415    38.67    23.83    15.84    12.51    10.16  1    -1e-30      0.00 7.505e-01 2.494e-01 1.269e-05 1.096e-05 4.075e-05 -1.000 9.997e-05 -3.295 -0.164 -2.106 -3.207 -3.564 -3.741 -3.803
0.0001 -2.19174 10.00000 0.8442924619 2.4332849979    0.791  3.252  3.6486  0.631    8  0.525  0.430    42.10    25.62    16.97    13.42    10.90  1 -4.14e-07      0.00 7.501e-01 2.498e-01 1.319e-05 1.127e-05 4.093e-05 -1.000 1.242e-04 -3.360 -0.109 -2.113 -3.255 -3.625 -3.808 -3.873
0.0001 -2.19174 10.00000 0.8442925215 2.4332849979    0.790  3.050  3.6613  0.883    8  0.525  0.430    24.67    16.24    10.98     8.63     7.00  1 -1.86e-07      0.00 7.501e-01 2.498e-01 1.319e-05 1.127e-05 4.093e-05 -1.000 1.242e-04 -2.855 -0.174 -1.854 -2.807 -3.123 -3.279 -3.334
0.0001 -2.19174 10.00000 0.8442926407 2.4332849979    0.787  2.900  3.6704  1.068    8  0.525  0.430    16.67    11.62     7.98     6.24     5.05  2 -1.08e-07      0.00 7.501e-01 2.498e-01 1.319e-05 1.127e-05 4.093e-05 -1.000 1.242e-04 -2.480 -0.266 -1.646 -2.455 -2.735 -2.876 -2.925
0.0001 -2.19174 10.00000 0.8442929387 2.4332852364    0.782  2.673  3.6841  1.347    8  0.525  0.430     9.20     7.00     4.92     3.82     3.09  3 -5.12e-08      0.00 7.501e-01 2.498e-01 1.319e-05 1.127e-05 4.093e-05 -1.000 1.243e-04 -1.912 -0.186 -1.238 -1.901 -2.144 -2.265 -2.307
0.0001 -2.19174 10.00000 0.8442932963 2.4332852364    0.776  2.677  3.6836  1.337    8  0.525  0.430     9.36     7.11     4.99     3.87     3.13  3 -5.22e-08      0.00 7.501e-01 2.498e-01 1.319e-05 1.127e-05 4.093e-05 -1.000 1.243e-04 -1.922 -0.183 -1.244 -1.910 -2.155 -2.276 -2.318
0.0001 -2.19174 10.00000 0.8442937136 2.4332854748    0.767  2.743  3.6793  1.250    8  0.525  0.430    11.25     8.31     5.79     4.51     3.65  3 -6.51e-08      0.00 7.501e-01 2.498e-01 1.319e-05 1.127e-05 4.093e-05 -1.000 1.242e-04 -2.087 -0.216 -1.367 -2.073 -2.327 -2.455 -2.498
0.0001 -2.19174 10.00000 0.8442942500 2.4332854748    0.757  2.923  3.6680  1.019    8  0.526  0.430    18.29    12.57     8.59     6.73     5.46  2 -1.22e-07      0.00 7.501e-01 2.498e-01 1.319e-05 1.127e-05 4.093e-05 -1.000 1.243e-04 -2.536 -0.214 -1.665 -2.507 -2.795 -2.939 -2.990
0.0001 -2.19174 10.00000 0.8442949057 2.4332857132    0.746  3.090  3.6574  0.802    8  0.526  0.430    28.88    18.52    12.43     9.81     7.95  1 -2.32e-07      0.00 7.501e-01 2.498e-01 1.319e-05 1.127e-05 4.093e-05 -1.000 1.243e-04 -2.955 -0.048 -1.867 -2.892 -3.226 -3.391 -3.449
0.0001 -2.19174 10.00000 0.8442956209 2.4332859516    0.732  3.202  3.6501  0.654    8  0.526  0.430    39.46    24.12    15.99    12.67    10.28  1 -3.74e-07      0.00 7.501e-01 2.498e-01 1.319e-05 1.127e-05 4.093e-05 -1.000 1.243e-04 -3.234 -0.038 -2.013 -3.137 -3.502 -3.682 -3.746
0.0001 -2.19174 10.00000 0.8442964554 2.4332861900    0.718  3.262  3.6460  0.568    8  0.527  0.430    47.12    27.99    18.43    14.64    11.88  1 -4.95e-07      0.00 7.501e-01 2.498e-01 1.319e-05 1.127e-05 4.093e-05 -1.000 1.242e-04 -3.384 -0.022 -2.083 -3.264 -3.647 -3.836 -3.903
0.0001 -2.19174 10.00000 0.8442973495 2.4332864285    0.702  3.289  3.6438  0.522    8  0.527  0.430    51.75    30.24    19.83    15.79    12.82  1 -5.75e-07      0.00 7.501e-01 2.498e-01 1.319e-05 1.127e-05 4.093e-05 -1.000 1.243e-04 -3.453 0.001 -2.106 -3.319 -3.712 -3.907 -3.976
0.0001 -2.19174 10.00000 0.8442983627 2.4332869053    0.685  3.303  3.6424  0.492    8  0.528  0.430    54.92    31.73    20.75    16.55    13.43  1 -6.33e-07      0.00 7.501e-01 2.498e-01 1.319e-05 1.127e-05 4.093e-05 -1.000 1.243e-04 -3.487 0.025 -2.109 -3.345 -3.745 -3.943 -4.013
0.0001 -2.19174 10.00000 0.8443043232 2.4332885742    0.531 -9.999  4.0000  1.852    9  0.531  0.000     0.00     0.00     0.00     0.00     0.00 -1    -1e-30      0.00 7.501e-01 2.498e-01 1.319e-05 1.127e-05 4.093e-05 -1.000 1.243e-04 29.767 30.114 29.975 30.253 30.481 30.559 30.648
#isochrone terminated
