# File generated by CMD 3.6 (http://stev.oapd.inaf.it/cmd) on Thu Apr 21 18:04:18 CEST 2022
# isochrones based on PARSEC release v1.2S +  COLIBRI S_37 + S_35 + PR16
# Basic references: Bressan et al. (2012), MNRAS, 427, 127 + Chen et al. (2014, 2015), MNRAS, 444, 2525 + MNRAS, 452, 1068 + Tang et al. (2014), MNRAS, 445, 4287 + Marigo et al. (2017), ApJ, 835, 77 + Pastorelli al. (2019), MNRAS, 485, 5666 + Pastorelli al. (2020), MNRAS, in press
# Thermal pulse cycles included 
# On RGB, assumed Reimers mass loss with efficiency eta=0.2
# LPV periods and growth rates added cf. Trabucchi et al. (2019)
# but fundamental-mode LPV periods are from Trabucchi et al. (2021)
# Photometric system: DECAM (ABmags)
# Using YBC version of bolometric corrections as in Chen et al. (2019)
# O-rich circumstellar dpmod60alox40 dust from Groenewegen (2006)
# C-rich circumstellar AMCSIC15 dust from Groenewegen (2006)
# IMF: Kroupa (2001, 2002) + Kroupa et al. (2013) canonical two-part-power law IMF corrected for unresolved binaries 
# Kind of output: isochrone tables
# Zini     MH   logAge Mini        int_IMF         Mass   logL    logTe  logg  label   McoreTP C_O  period0  period1  period2  period3  period4  pmode  Mloss  tau1m   X   Y   Xc  Xn  Xo  Cexcess  Z 	 mbolmag  umag    gmag    rmag    imag    zmag    Ymag
0.001 -1.19029 9.84510 0.0900000036 1.0816895962    0.090 -3.215  3.4563  5.384    1  0.000  0.545     0.00     0.00     0.00     0.00     0.00 -1  -5.2e-17      0.00 7.477e-01 2.513e-01 1.798e-04 4.851e-05 4.400e-04 -1.000 1.000e-03 12.806 18.026 16.769 14.904 12.872 12.194 12.065
0.001 -1.19029 9.84510 0.0990768448 1.1633484364    0.099 -2.982  3.4896  5.326    1  0.000  0.545     0.00     0.00     0.00     0.00     0.00 -1 -9.05e-17      0.00 7.469e-01 2.521e-01 1.798e-04 4.851e-05 4.400e-04 -1.000 1.000e-03 12.224 17.321 15.434 13.629 12.163 11.644 11.523
0.001 -1.19029 9.84510 0.1000000015 1.1711064577    0.100 -2.959  3.4928  5.320    1  0.000  0.545     0.00     0.00     0.00     0.00     0.00 -1 -9.55e-17      0.00 7.468e-01 2.522e-01 1.798e-04 4.851e-05 4.400e-04 -1.000 1.000e-03 12.168 17.239 15.311 13.517 12.098 11.591 11.471
0.001 -1.19029 9.84510 0.1100216806 1.2497546673    0.110 -2.811  3.5099  5.282    1  0.000  0.545     0.00     0.00     0.00     0.00     0.00 -1 -1.34e-16      0.00 7.462e-01 2.528e-01 1.798e-04 4.851e-05 4.400e-04 -1.000 1.000e-03 11.797 16.702 14.594 12.861 11.681 11.239 11.122
0.001 -1.19029 9.84510 0.1199999973 1.3193154335    0.120 -2.676  3.5255  5.247    1  0.000  0.545     0.00     0.00     0.00     0.00     0.00 -1 -1.82e-16      0.00 7.455e-01 2.535e-01 1.798e-04 4.851e-05 4.400e-04 -1.000 1.000e-03 11.459 16.153 13.970 12.305 11.310 10.917 10.804
0.001 -1.19029 9.84510 0.1400000006 1.4384527206    0.140 -2.495  3.5418  5.198    1  0.000  0.545     0.00     0.00     0.00     0.00     0.00 -1 -2.71e-16      0.00 7.445e-01 2.545e-01 1.798e-04 4.851e-05 4.400e-04 -1.000 1.000e-03 11.008 15.438 13.251 11.665 10.831 10.480 10.373
0.001 -1.19029 9.84510 0.1599999964 1.5372931957    0.160 -2.358  3.5522  5.161    1  0.000  0.545     0.00     0.00     0.00     0.00     0.00 -1 -3.62e-16      0.00 7.436e-01 2.554e-01 1.798e-04 4.851e-05 4.400e-04 -1.000 9.999e-04 10.665 14.912 12.752 11.218 10.473 10.146 10.043
0.001 -1.19029 9.84510 0.2000000179 1.6938792467    0.200 -2.143  3.5664  5.100    1  0.000  0.545     0.00     0.00     0.00     0.00     0.00 -1 -5.69e-16      0.00 7.425e-01 2.565e-01 1.798e-04 4.851e-05 4.400e-04 -1.000 1.000e-03 10.128 14.111 12.016 10.558 9.920 9.623 9.525
0.001 -1.19029 9.84510 0.2500000000 1.8403258324    0.250 -1.940  3.5778  5.039    1  0.000  0.545     0.00     0.00     0.00     0.00     0.00 -1 -8.73e-16      0.00 7.420e-01 2.570e-01 1.798e-04 4.851e-05 4.400e-04 -1.000 1.000e-03 9.619 13.394 11.361 9.968 9.401 9.125 9.031
0.001 -1.19029 9.84510 0.3000000417 1.9529141188    0.300 -1.779  3.5862  4.991    1  0.000  0.545     0.00     0.00     0.00     0.00     0.00 -1 -1.22e-15      0.00 7.419e-01 2.571e-01 1.798e-04 4.851e-05 4.400e-04 -1.000 1.000e-03 9.219 12.836 10.859 9.519 8.994 8.733 8.643
0.001 -1.19029 9.84510 0.3499999940 2.0434174538    0.350 -1.648  3.5933  4.955    1  0.000  0.545     0.00     0.00     0.00     0.00     0.00 -1 -1.59e-15      0.00 7.484e-01 2.506e-01 1.798e-04 4.851e-05 4.400e-04 -1.000 1.000e-03 8.890 12.383 10.449 9.154 8.660 8.410 8.324
0.001 -1.19029 9.84510 0.4000000060 2.1185026169    0.400 -1.501  3.6040  4.909    1  0.000  0.545     0.00     0.00     0.00     0.00     0.00 -1  -2.2e-15      0.00 7.489e-01 2.501e-01 1.798e-04 4.851e-05 4.400e-04 -1.000 1.000e-03 8.522 11.838 9.964 8.739 8.285 8.052 7.971
0.001 -1.19029 9.84510 0.4120616913 2.1348025799    0.412 -1.458  3.6081  4.895    1  0.000  0.545     0.00     0.00     0.00     0.00     0.00 -1 -2.43e-15      0.00 7.489e-01 2.501e-01 1.798e-04 4.851e-05 4.400e-04 -1.000 1.000e-03 8.415 11.664 9.813 8.615 8.174 7.947 7.869
0.001 -1.19029 9.84510 0.4500000179 2.1822810173    0.450 -1.330  3.6204  4.854    1  0.000  0.545     0.00     0.00     0.00     0.00     0.00 -1 -3.28e-15      0.00 7.489e-01 2.501e-01 1.798e-04 4.851e-05 4.400e-04 -1.000 1.000e-03 8.094 11.158 9.367 8.249 7.847 7.639 7.567
0.001 -1.19029 9.84510 0.4703639150 2.2056703568    0.470 -1.248  3.6316  4.836    1  0.000  0.545     0.00     0.00     0.00     0.00     0.00 -1 -3.95e-15      0.00 7.489e-01 2.501e-01 1.798e-04 4.851e-05 4.400e-04 -1.000 1.000e-03 7.889 10.788 9.051 8.007 7.639 7.448 7.381
0.001 -1.19029 9.84510 0.5000000000 2.2374541759    0.500 -1.134  3.6471  4.812    1  0.000  0.545     0.00     0.00     0.00     0.00     0.00 -1 -5.13e-15      0.00 7.489e-01 2.501e-01 1.798e-04 4.851e-05 4.400e-04 -1.000 1.000e-03 7.606 10.280 8.618 7.675 7.351 7.184 7.124
0.001 -1.19029 9.84510 0.5500000715 2.2836585045    0.550 -0.929  3.6772  4.768    1  0.000  0.545     0.00     0.00     0.00     0.00     0.00 -1 -8.22e-15      0.00 7.693e-01 2.297e-01 1.662e-04 4.484e-05 4.068e-04 -1.000 9.438e-04 7.093 9.278 7.838 7.082 6.835 6.712 6.667
0.001 -1.19029 9.84510 0.6000000238 2.3211214542    0.600 -0.742  3.7032  4.722    1  0.000  0.544     0.00     0.00     0.00     0.00     0.00 -1 -1.28e-14      0.00 7.749e-01 2.242e-01 1.626e-04 4.389e-05 3.983e-04 -1.000 9.000e-04 6.624 8.386 7.192 6.568 6.369 6.280 6.250
0.001 -1.19029 9.84510 0.6014585495 2.3221073151    0.601 -0.736  3.7040  4.721    1  0.000  0.544     0.00     0.00     0.00     0.00     0.00 -1 -1.29e-14      0.00 7.751e-01 2.240e-01 1.625e-04 4.386e-05 3.980e-04 -1.000 9.000e-04 6.610 8.360 7.173 6.553 6.355 6.268 6.238
0.001 -1.19029 9.84510 0.6270319223 2.3385384083    0.627 -0.640  3.7189  4.702    1  0.000  0.544     0.00     0.00     0.00     0.00     0.00 -1 -1.62e-14      0.00 7.783e-01 2.208e-01 1.605e-04 4.332e-05 3.931e-04 -1.000 8.928e-04 6.369 7.912 6.855 6.297 6.124 6.054 6.032
0.001 -1.19029 9.84510 0.6498240829 2.3519363403    0.650 -0.555  3.7319  4.685    1  0.000  0.544     0.00     0.00     0.00     0.00     0.00 -1 -1.97e-14      0.00 7.814e-01 2.178e-01 1.586e-04 4.281e-05 3.886e-04 -1.000 8.687e-04 6.157 7.540 6.587 6.079 5.926 5.870 5.855
0.001 -1.19029 9.84510 0.6499999762 2.3520355225    0.650 -0.554  3.7320  4.685    1  0.000  0.544     0.00     0.00     0.00     0.00     0.00 -1 -1.98e-14      0.00 7.814e-01 2.177e-01 1.585e-04 4.281e-05 3.885e-04 -1.000 9.000e-04 6.156 7.537 6.585 6.078 5.924 5.869 5.854
0.001 -1.19029 9.84510 0.6625998020 2.3589842319    0.662 -0.508  3.7387  4.674    1  0.000  0.544     0.00     0.00     0.00     0.00     0.00 -1 -2.21e-14      0.00 7.834e-01 2.157e-01 1.572e-04 4.247e-05 3.855e-04 -1.000 8.935e-04 6.039 7.348 6.445 5.960 5.816 5.768 5.756
0.001 -1.19029 9.84510 0.6792470813 2.3677120209    0.679 -0.447  3.7473  4.658    1  0.000  0.544     0.00     0.00     0.00     0.00     0.00 -1 -2.55e-14      0.00 7.862e-01 2.129e-01 1.554e-04 4.200e-05 3.813e-04 -1.000 8.439e-04 5.887 7.106 6.262 5.809 5.678 5.639 5.631
0.001 -1.19029 9.84510 0.6999999881 2.3779268265    0.700 -0.371  3.7576  4.637    1  0.000  0.544     0.00     0.00     0.00     0.00     0.00 -1 -3.06e-14      0.00 7.900e-01 2.091e-01 1.531e-04 4.137e-05 3.756e-04 -1.000 8.835e-04 5.698 6.816 6.039 5.625 5.511 5.482 5.479
0.001 -1.19029 9.84510 0.7138977051 2.3843867779    0.714 -0.321  3.7642  4.621    1  0.000  0.541     0.00     0.00     0.00     0.00     0.00 -1 -3.47e-14      0.00 7.932e-01 2.059e-01 1.505e-04 4.081e-05 3.708e-04 -1.000 8.144e-04 5.571 6.631 5.893 5.503 5.399 5.378 5.377
0.001 -1.19029 9.84510 0.7297018170 2.3913903236    0.730 -0.263  3.7714  4.601    1  0.000  0.539     0.00     0.00     0.00     0.00     0.00 -1 -4.01e-14      0.00 7.971e-01 2.020e-01 1.474e-04 4.013e-05 3.649e-04 -1.000 8.549e-04 5.427 6.428 5.729 5.366 5.272 5.258 5.260
0.001 -1.19029 9.84510 0.7446961999 2.3977196217    0.745 -0.208  3.7780  4.581    1  0.000  0.536     0.00     0.00     0.00     0.00     0.00 -1 -4.61e-14      0.00 8.012e-01 1.980e-01 1.443e-04 3.943e-05 3.587e-04 -1.000 8.000e-04 5.289 6.239 5.574 5.235 5.151 5.144 5.149
0.001 -1.19029 9.84510 0.7500000000 2.3998889923    0.750 -0.188  3.7802  4.574    1  0.000  0.535     0.00     0.00     0.00     0.00     0.00 -1 -4.85e-14      0.00 8.027e-01 1.965e-01 1.431e-04 3.917e-05 3.565e-04 -1.000 8.000e-04 5.240 6.173 5.519 5.188 5.108 5.103 5.109
0.001 -1.19029 9.84510 0.7556528449 2.4021625519    0.755 -0.167  3.7823  4.564    1  0.000  0.535     0.00     0.00     0.00     0.00     0.00 -1 -5.12e-14      0.00 8.052e-01 1.940e-01 1.415e-04 3.875e-05 3.527e-04 -1.000 7.999e-04 5.188 6.108 5.462 5.139 5.062 5.058 5.065
0.001 -1.19029 9.84510 0.7717788815 2.4084384441    0.771 -0.107  3.7879  4.536    1  0.000  0.534     0.00     0.00     0.00     0.00     0.00 -1 -6.02e-14      0.00 8.127e-01 1.865e-01 1.370e-04 3.752e-05 3.417e-04 -1.000 7.926e-04 5.037 5.923 5.299 4.995 4.927 4.929 4.937
0.001 -1.19029 9.84510 0.7863491774 2.4138550758    0.786 -0.052  3.7928  4.508    1  0.000  0.534     0.00     0.00     0.00     0.00     0.00 -1 -6.99e-14      0.00 8.195e-01 1.797e-01 1.329e-04 3.642e-05 3.318e-04 -1.000 7.453e-04 4.899 5.756 5.149 4.863 4.802 4.809 4.819
0.001 -1.19029 9.84510 0.8000000119 2.4187245369    0.799  0.001  3.7973  4.481    1  0.000  0.533     0.00     0.00     0.00     0.00     0.00 -1 -8.07e-14      0.00 8.259e-01 1.734e-01 1.292e-04 3.544e-05 3.230e-04 -1.000 7.000e-04 4.767 5.600 5.007 4.737 4.683 4.694 4.705
0.001 -1.19029 9.84510 0.8076329231 2.4213650227    0.807  0.031  3.7998  4.465    1  0.000  0.533     0.00     0.00     0.00     0.00     0.00 -1 -8.75e-14      0.00 8.270e-01 1.723e-01 1.291e-04 3.541e-05 3.229e-04 -1.000 7.121e-04 4.693 5.512 4.927 4.665 4.615 4.629 4.641
0.001 -1.19029 9.84510 0.8221349716 2.4262266159    0.821  0.089  3.8045  4.434    1  0.000  0.532     0.00     0.00     0.00     0.00     0.00 -1 -1.03e-13      0.00 8.287e-01 1.706e-01 1.290e-04 3.543e-05 3.233e-04 -1.000 7.200e-04 4.549 5.345 4.771 4.526 4.483 4.501 4.515
0.001 -1.19029 9.84510 0.8344587088 2.4302055836    0.834  0.140  3.8085  4.405    1  0.000  0.532     0.00     0.00     0.00     0.00     0.00 -1 -1.18e-13      0.00 8.300e-01 1.693e-01 1.292e-04 3.549e-05 3.240e-04 -1.000 7.527e-04 4.421 5.198 4.633 4.402 4.366 4.387 4.403
0.001 -1.19029 9.84510 0.8461701274 2.4338636398    0.845  0.190  3.8122  4.375    1  0.000  0.531     0.00     0.00     0.00     0.00     0.00 -1 -1.37e-13      0.00 8.310e-01 1.683e-01 1.294e-04 3.557e-05 3.248e-04 -1.000 7.680e-04 4.294 5.056 4.497 4.279 4.249 4.274 4.290
0.001 -1.19029 9.84510 0.8500000238 2.4350347519    0.849  0.207  3.8134  4.365    1  0.000  0.531     0.00     0.00     0.00     0.00     0.00 -1 -1.44e-13      0.00 8.313e-01 1.680e-01 1.295e-04 3.560e-05 3.251e-04 -1.000 7.589e-04 4.252 5.009 4.452 4.238 4.210 4.236 4.252
0.001 -1.19029 9.84510 0.8507425189 2.4352605343    0.850  0.210  3.8136  4.363    1  0.000  0.531     0.00     0.00     0.00     0.00     0.00 -1 -1.45e-13      0.00 8.313e-01 1.680e-01 1.295e-04 3.560e-05 3.252e-04 -1.000 7.567e-04 4.244 5.000 4.443 4.230 4.202 4.228 4.245
0.001 -1.19029 9.84510 0.8609322906 2.4383120537    0.860  0.257  3.8169  4.335    1  0.000  0.531     0.00     0.00     0.00     0.00     0.00 -1 -1.66e-13      0.00 8.312e-01 1.681e-01 1.298e-04 3.569e-05 3.260e-04 -1.000 7.223e-04 4.127 4.870 4.317 4.116 4.093 4.123 4.140
0.001 -1.19029 9.84510 0.8706458807 2.4411444664    0.869  0.303  3.8200  4.306    1  0.000  0.531     0.00     0.00     0.00     0.00     0.00 -1  -1.9e-13      0.00 8.310e-01 1.682e-01 1.301e-04 3.578e-05 3.269e-04 -1.000 7.712e-04 4.012 4.741 4.193 4.002 3.985 4.017 4.036
0.001 -1.19029 9.84510 0.8802026510 2.4438612461    0.879  0.350  3.8229  4.275    1  0.000  0.531     0.00     0.00     0.00     0.00     0.00 -1 -2.18e-13      0.00 8.307e-01 1.685e-01 1.305e-04 3.589e-05 3.280e-04 -1.000 7.159e-04 3.894 4.613 4.068 3.887 3.874 3.909 3.928
0.001 -1.19029 9.84510 0.8890078664 2.4463050365    0.888  0.394  3.8251  4.244    1  0.000  0.530     0.00     0.00     0.00     0.00     0.00 -1 -2.48e-13      0.00 8.303e-01 1.689e-01 1.309e-04 3.602e-05 3.291e-04 -1.000 7.785e-04 3.784 4.494 3.951 3.778 3.769 3.806 3.826
0.001 -1.19029 9.84510 0.8999999762 2.4492788315    0.899  0.453  3.8273  4.200    1  0.000  0.530     0.00     0.00     0.00     0.00     0.00 -1 -2.96e-13      0.00 8.292e-01 1.700e-01 1.317e-04 3.625e-05 3.312e-04 -1.000 8.000e-04 3.638 4.339 3.798 3.633 3.628 3.667 3.687
0.001 -1.19029 9.84510 0.9001388550 2.4493157864    0.899  0.454  3.8274  4.200    1  0.000  0.530     0.00     0.00     0.00     0.00     0.00 -1 -2.97e-13      0.00 8.292e-01 1.700e-01 1.317e-04 3.626e-05 3.312e-04 -1.000 7.999e-04 3.636 4.337 3.796 3.631 3.626 3.665 3.686
0.001 -1.19029 9.84510 0.9087521434 2.4515874386    0.907  0.504  3.8288  4.159    1  0.000  0.530     0.00     0.00     0.00     0.00     0.00 -1 -3.48e-13      0.00 8.271e-01 1.721e-01 1.329e-04 3.657e-05 3.341e-04 -1.000 7.999e-04 3.511 4.205 3.665 3.506 3.504 3.544 3.565
0.001 -1.19029 9.84510 0.9098659158 2.4518775940    0.908  0.510  3.8289  4.153    1  0.000  0.530     0.00     0.00     0.00     0.00     0.00 -1 -3.57e-13      0.00 8.269e-01 1.723e-01 1.331e-04 3.661e-05 3.344e-04 -1.000 8.000e-04 3.494 4.187 3.647 3.489 3.487 3.527 3.548
0.001 -1.19029 9.84510 0.9156720638 2.4533767700    0.914  0.549  3.8287  4.117    1  0.000  0.531     0.00     0.00     0.00     0.00     0.00 -1 -4.03e-13      0.00 8.255e-01 1.737e-01 1.338e-04 3.682e-05 3.363e-04 -1.000 7.999e-04 3.399 4.091 3.550 3.392 3.391 3.431 3.451
0.001 -1.19029 9.84510 0.9227325320 2.4551708698    0.921  0.599  3.8272  4.064    1  0.000  0.531     0.00     0.00     0.00     0.00     0.00 -1 -4.78e-13      0.00 8.238e-01 1.754e-01 1.348e-04 3.708e-05 3.386e-04 -1.000 7.999e-04 3.273 3.969 3.425 3.264 3.261 3.299 3.319
0.001 -1.19029 9.84510 0.9293426275 2.4568219185    0.928  0.651  3.8236  4.001    1  0.000  0.531     0.00     0.00     0.00     0.00     0.00 -1 -5.79e-13      0.00 8.223e-01 1.769e-01 1.357e-04 3.731e-05 3.407e-04 -1.000 8.000e-04 3.143 3.849 3.300 3.129 3.121 3.156 3.175
0.001 -1.19029 9.84510 0.9304697514 2.4571008682    0.929  0.661  3.8222  3.985    1  0.000  0.531     0.00     0.00     0.00     0.00     0.00 -1 -6.05e-13      0.00 8.221e-01 1.771e-01 1.358e-04 3.735e-05 3.411e-04 -1.000 8.000e-04 3.117 3.828 3.276 3.102 3.092 3.126 3.144
0.001 -1.19029 9.84510 0.9350201488 2.4582188129    0.933  0.705  3.8148  3.914    2  0.000  0.531     0.00     0.00     0.00     0.00     0.00 -1 -7.21e-13      0.00 8.210e-01 1.782e-01 1.364e-04 3.751e-05 3.425e-04 -1.000 7.999e-04 3.008 3.744 3.181 2.985 2.964 2.991 3.007
0.001 -1.19029 9.84510 0.9382248521 2.4589986801    0.936  0.739  3.8061  3.847    2  0.000  0.531     0.00     0.00     0.00     0.00     0.00 -1 -8.41e-13      0.00 8.203e-01 1.789e-01 1.369e-04 3.763e-05 3.435e-04 -1.000 7.999e-04 2.923 3.693 3.115 2.892 2.858 2.876 2.889
0.001 -1.19029 9.84510 0.9405558705 2.4595620632    0.939  0.765  3.7963  3.782    2  0.000  0.531     0.00     0.00     0.00     0.00     0.00 -1 -9.63e-13      0.00 8.197e-01 1.795e-01 1.372e-04 3.771e-05 3.443e-04 -1.000 8.000e-04 2.856 3.671 3.073 2.817 2.768 2.778 2.787
0.001 -1.19029 9.84510 0.9420049787 2.4599108696    0.940  0.781  3.7872  3.730    2  0.000  0.531     0.00     0.00     0.00     0.00     0.00 -1 -1.06e-12      0.00 8.183e-01 1.810e-01 1.380e-04 3.794e-05 3.464e-04 -1.000 7.877e-04 2.816 3.679 3.057 2.771 2.707 2.708 2.715
0.001 -1.19029 9.84510 0.9432122111 2.4602003098    0.941  0.792  3.7781  3.684    2  0.000  0.532     0.00     0.00     0.00     0.00     0.00 -1 -1.15e-12      0.00 8.090e-01 1.902e-01 1.434e-04 3.936e-05 3.590e-04 -1.000 8.129e-04 2.790 3.706 3.056 2.738 2.661 2.653 2.656
0.001 -1.19029 9.84510 0.9445174336 2.4605123997    0.942  0.800  3.7673  3.633    2  0.000  0.534     0.00     0.00     0.00     0.00     0.00 -1 -1.24e-12      0.00 7.879e-01 2.112e-01 1.551e-04 4.250e-05 3.870e-04 -1.000 8.732e-04 2.769 3.758 3.068 2.712 2.618 2.599 2.598
0.001 -1.19029 9.84510 0.9457352161 2.4608025551    0.944  0.812  3.7571  3.581    2  0.000  0.536     0.00     0.00     0.00     0.00     0.00 -1 -1.35e-12      0.00 7.720e-01 2.270e-01 1.640e-04 4.486e-05 4.080e-04 -1.000 9.228e-04 2.740 3.805 3.071 2.680 2.569 2.540 2.535
0.001 -1.19029 9.84510 0.9469996691 2.4611029625    0.945  0.841  3.7478  3.516    2  0.000  0.537     0.00     0.00     0.00     0.00     0.00 -1 -1.55e-12      0.00 7.638e-01 2.352e-01 1.686e-04 4.608e-05 4.188e-04 -1.000 9.778e-04 2.669 3.807 3.031 2.607 2.482 2.443 2.435
0.001 -1.19029 9.84510 0.9479769468 2.4613347054    0.946  0.876  3.7420  3.458    2  0.000  0.537     0.00     0.00     0.00     0.00     0.00 -1  -1.8e-12      0.00 7.600e-01 2.390e-01 1.706e-04 4.661e-05 4.236e-04 -1.000 9.978e-04 2.580 3.768 2.963 2.520 2.386 2.340 2.329
0.001 -1.19029 9.84510 0.9482576847 2.4614009857    0.946  0.888  3.7405  3.440    2  0.000  0.537     0.00     0.00     0.00     0.00     0.00 -1  -1.9e-12      0.00 7.591e-01 2.399e-01 1.710e-04 4.673e-05 4.246e-04 -1.000 9.966e-04 2.550 3.749 2.938 2.490 2.353 2.306 2.294
0.001 -1.19029 9.84510 0.9488775730 2.4615476131    0.947  0.923  3.7382  3.396    3  0.000  0.537     0.00     0.00     0.00     0.00     0.00 -1 -2.15e-12      0.00 7.573e-01 2.417e-01 1.716e-04 4.690e-05 4.261e-04 -1.000 9.689e-04 2.463 3.683 2.859 2.404 2.264 2.214 2.201
0.001 -1.19029 9.84510 0.9496192932 2.4617226124    0.947  0.967  3.7355  3.342    3  0.000  0.537     0.00     0.00     0.00     0.00     0.00 -1 -2.53e-12      0.00 7.553e-01 2.438e-01 1.723e-04 4.708e-05 4.277e-04 -1.000 9.484e-04 2.353 3.597 2.759 2.295 2.151 2.098 2.083
0.001 -1.19029 9.84510 0.9499999881 2.4618122578    0.948  0.991  3.7343  3.313    3  0.000  0.537     0.00     0.00     0.00     0.00     0.00 -1 -2.77e-12      0.00 7.542e-01 2.449e-01 1.725e-04 4.717e-05 4.285e-04 -1.000 9.519e-04 2.292 3.547 2.703 2.235 2.089 2.035 2.020
0.001 -1.19029 9.84510 0.9506546259 2.4619662762    0.948  1.036  3.7324  3.261    3  0.000  0.536     0.00     0.00     0.00     0.00     0.00 -1 -3.25e-12      0.00 7.522e-01 2.469e-01 1.726e-04 4.735e-05 4.295e-04 -1.000 9.398e-04 2.180 3.452 2.598 2.124 1.976 1.919 1.903
0.001 -1.19029 9.84510 0.9512498379 2.4621062279    0.949  1.080  3.7307  3.210    3  0.000  0.533     0.00     0.00     0.00     0.00     0.00 -1 -3.81e-12      0.00 7.502e-01 2.489e-01 1.721e-04 4.774e-05 4.304e-04 -1.000 9.544e-04 2.071 3.358 2.496 2.016 1.865 1.806 1.789
0.001 -1.19029 9.84510 0.9518633485 2.4622502327    0.949  1.128  3.7289  3.155    3  0.000  0.527     0.00     0.00     0.00     0.00     0.00 -1 -4.53e-12      0.00 7.479e-01 2.511e-01 1.702e-04 4.921e-05 4.311e-04 -1.000 1.000e-03 1.950 3.253 2.382 1.897 1.743 1.682 1.664
0.001 -1.19029 9.84510 0.9524192214 2.4623804092    0.950  1.175  3.7273  3.102    3  0.000  0.517     0.00     0.00     0.00     0.00     0.00 -1 -5.37e-12      0.00 7.459e-01 2.531e-01 1.672e-04 5.220e-05 4.316e-04 -1.000 1.000e-03 1.832 3.150 2.271 1.781 1.624 1.561 1.543
0.001 -1.19029 9.84510 0.9529297352 2.4624998569    0.950  1.222  3.7257  3.049    3  0.000  0.504     0.00     0.00     0.00     0.00     0.00 -1 -6.36e-12      0.00 7.440e-01 2.550e-01 1.633e-04 5.672e-05 4.321e-04 -1.000 1.000e-03 1.715 3.048 2.160 1.665 1.506 1.442 1.422
0.001 -1.19029 9.84510 0.9534285069 2.4626164436    0.951  1.271  3.7239  2.992    3  0.000  0.491     0.00     0.00     0.00     0.00     0.00 -1  -7.6e-12      0.00 7.421e-01 2.569e-01 1.593e-04 6.170e-05 4.324e-04 -1.000 1.000e-03 1.592 2.941 2.044 1.543 1.381 1.315 1.294
0.001 -1.19029 9.84510 0.9538530111 2.4627156258    0.951  1.317  3.7223  2.940    3  0.000  0.482     0.00     0.00     0.00     0.00     0.00 -1 -8.96e-12      0.00 7.406e-01 2.584e-01 1.563e-04 6.547e-05 4.327e-04 -1.000 9.999e-04 1.477 2.842 1.936 1.430 1.266 1.197 1.175
0.001 -1.19029 9.84510 0.9542700648 2.4628129005    0.951  1.366  3.7205  2.884    3  0.000  0.474     0.00     0.00     0.00     0.00     0.00 -1 -1.07e-11      0.00 7.394e-01 2.597e-01 1.538e-04 6.862e-05 4.329e-04 -1.000 9.558e-04 1.355 2.738 1.821 1.309 1.142 1.071 1.049
0.001 -1.19029 9.84510 0.9546273351 2.4628961086    0.952  1.411  3.7187  2.832    3  0.000  0.468     0.00     0.00     0.00     0.00     0.00 -1 -1.26e-11      0.00 7.384e-01 2.607e-01 1.521e-04 7.082e-05 4.331e-04 -1.000 9.491e-04 1.242 2.643 1.716 1.198 1.028 0.955 0.931
0.001 -1.19029 9.84510 0.9549728632 2.4629766941    0.952  1.459  3.7169  2.777    3  0.000  0.464     0.00     0.00     0.00     0.00     0.00 -1  -1.5e-11      0.00 7.375e-01 2.615e-01 1.508e-04 7.248e-05 4.333e-04 -1.000 1.000e-03 1.123 2.544 1.605 1.080 0.907 0.832 0.807
0.001 -1.19029 9.84510 0.9552809000 2.4630482197    0.952  1.505  3.7150  2.724    3  0.000  0.461     0.00     0.00     0.00     0.00     0.00 -1 -1.77e-11      0.00 7.370e-01 2.620e-01 1.500e-04 7.358e-05 4.333e-04 -1.000 1.000e-03 1.007 2.449 1.499 0.967 0.791 0.713 0.687
0.001 -1.19029 9.84510 0.9555590749 2.4631128311    0.952  1.550  3.7132  2.671    3  0.000  0.460     0.00     0.00     0.00     0.00     0.00 -1 -2.09e-11      0.00 7.366e-01 2.624e-01 1.494e-04 7.429e-05 4.334e-04 -1.000 1.000e-03 0.894 2.356 1.394 0.856 0.676 0.596 0.569
0.001 -1.19029 9.84510 0.9558182955 2.4631731510    0.952  1.596  3.7112  2.618    3  0.000  0.459     0.00     0.00     0.00     0.00     0.00 -1 -2.47e-11      0.00 7.364e-01 2.626e-01 1.491e-04 7.475e-05 4.334e-04 -1.000 1.000e-03 0.780 2.263 1.289 0.744 0.561 0.478 0.451
0.001 -1.19029 9.84510 0.9560559988 2.4632284641    0.952  1.641  3.7092  2.564    3  0.000  0.458     0.00     0.00     0.00     0.00     0.00 -1 -2.92e-11      0.00 7.363e-01 2.627e-01 1.489e-04 7.494e-05 4.335e-04 -1.000 1.000e-03 0.666 2.172 1.186 0.633 0.447 0.362 0.333
0.001 -1.19029 9.84510 0.9562757015 2.4632792473    0.952  1.687  3.7071  2.511    3  0.000  0.458     0.00     0.00     0.00     0.00     0.00 -1 -3.44e-11      0.00 7.362e-01 2.628e-01 1.488e-04 7.501e-05 4.335e-04 -1.000 1.000e-03 0.553 2.082 1.083 0.523 0.333 0.245 0.215
0.001 -1.19029 9.84510 0.9564780593 2.4633262157    0.952  1.732  3.7050  2.457    3  0.000  0.458     0.00     0.00     0.00     0.00     0.00 -1 -4.07e-11      0.00 7.362e-01 2.628e-01 1.488e-04 7.504e-05 4.335e-04 -1.000 1.000e-03 0.440 1.997 0.981 0.412 0.218 0.128 0.097
0.001 -1.19029 9.84510 0.9566611648 2.4633686543    0.952  1.776  3.7029  2.404    3  0.000  0.458     0.00     0.00     0.00     0.00     0.00 -1 -4.78e-11      0.00 7.362e-01 2.628e-01 1.488e-04 7.507e-05 4.335e-04 -1.000 1.000e-03 0.329 1.914 0.881 0.303 0.106 0.013 -0.020
0.001 -1.19029 9.84510 0.9568352699 2.4634091854    0.952  1.822  3.7007  2.350    3  0.000  0.458     0.00     0.00     0.00     0.00     0.00 -1 -5.66e-11      0.00 7.362e-01 2.628e-01 1.488e-04 7.509e-05 4.335e-04 -1.000 1.000e-03 0.215 1.830 0.778 0.191 -0.010 -0.105 -0.139
0.001 -1.19029 9.84510 0.9569944739 2.4634459019    0.952  1.867  3.6984  2.296    3  0.000  0.458     0.00     0.00     0.00     0.00     0.00 -1 -6.67e-11      0.00 7.362e-01 2.628e-01 1.488e-04 7.511e-05 4.335e-04 -1.000 1.000e-03 0.103 1.750 0.679 0.082 -0.123 -0.222 -0.256
0.001 -1.19029 9.84510 0.9571404457 2.4634797573    0.952  1.911  3.6962  2.242    3  0.000  0.458     0.00     0.00     0.00     0.00     0.00 -1 -7.86e-11      0.00 7.362e-01 2.628e-01 1.488e-04 7.513e-05 4.335e-04 -1.000 1.000e-03 -0.008 1.672 0.581 -0.026 -0.235 -0.336 -0.372
0.001 -1.19029 9.84510 0.9572771192 2.4635114670    0.952  1.955  3.6938  2.189    3  0.000  0.458     0.00     0.00     0.00     0.00     0.00 -1 -9.27e-11      0.00 7.362e-01 2.628e-01 1.487e-04 7.515e-05 4.335e-04 -1.000 1.000e-03 -0.119 1.595 0.484 -0.133 -0.346 -0.451 -0.488
0.001 -1.19029 9.84510 0.9574084282 2.4635417461    0.952  2.000  3.6915  2.135    3  0.000  0.457     0.00     0.00     0.00     0.00     0.00 -1 -1.09e-10      0.00 7.362e-01 2.628e-01 1.487e-04 7.517e-05 4.335e-04 -1.000 1.000e-03 -0.229 1.518 0.387 -0.241 -0.458 -0.565 -0.604
0.001 -1.19029 9.84510 0.9575441480 2.4635732174    0.952  2.041  3.6892  2.084    3  0.000  0.457     0.00     0.00     0.00     0.00     0.00 -1 -1.27e-10      0.00 7.362e-01 2.628e-01 1.487e-04 7.519e-05 4.335e-04 -1.000 1.000e-03 -0.333 1.448 0.297 -0.341 -0.562 -0.673 -0.713
0.001 -1.19029 9.84510 0.9576516151 2.4635980129    0.951  2.062  3.6881  2.058    3  0.000  0.457     0.00     0.00     0.00     0.00     0.00 -1 -1.39e-10      0.00 7.362e-01 2.628e-01 1.487e-04 7.520e-05 4.335e-04 -1.000 1.000e-03 -0.386 1.412 0.251 -0.392 -0.615 -0.727 -0.767
0.001 -1.19029 9.84510 0.9577541351 2.4636216164    0.951  2.030  3.6904  2.100    3  0.000  0.457     0.00     0.00     0.00     0.00     0.00 -1 -1.24e-10      0.00 7.362e-01 2.628e-01 1.487e-04 7.522e-05 4.335e-04 -1.000 1.000e-03 -0.305 1.459 0.318 -0.315 -0.534 -0.643 -0.682
0.001 -1.19029 9.84510 0.9577917457 2.4636304379    0.951  2.018  3.6913  2.115    3  0.000  0.457     0.00     0.00     0.00     0.00     0.00 -1 -1.18e-10      0.00 7.361e-01 2.629e-01 1.487e-04 7.522e-05 4.335e-04 -1.000 1.000e-03 -0.274 1.477 0.343 -0.286 -0.503 -0.611 -0.650
0.001 -1.19029 9.84510 0.9578136206 2.4636354446    0.951  2.027  3.6907  2.104    3  0.000  0.457     0.00     0.00     0.00     0.00     0.00 -1 -1.22e-10      0.00 7.361e-01 2.629e-01 1.487e-04 7.523e-05 4.335e-04 -1.000 1.000e-03 -0.298 1.461 0.323 -0.309 -0.527 -0.635 -0.674
0.001 -1.19029 9.84510 0.9579093456 2.4636576176    0.951  2.069  3.6883  2.052    3  0.000  0.457     0.00     0.00     0.00     0.00     0.00 -1 -1.41e-10      0.00 7.361e-01 2.629e-01 1.487e-04 7.524e-05 4.335e-04 -1.000 1.000e-03 -0.403 1.393 0.233 -0.409 -0.632 -0.743 -0.784
0.001 -1.19029 9.84510 0.9579973817 2.4636778831    0.950  2.109  3.6860  2.003    3  0.000  0.457     0.00     0.00     0.00     0.00     0.00 -1 -1.64e-10      0.00 7.361e-01 2.629e-01 1.487e-04 7.525e-05 4.335e-04 -1.000 1.000e-03 -0.504 1.328 0.147 -0.505 -0.732 -0.847 -0.889
0.001 -1.19029 9.84510 0.9580816031 2.4636974335    0.950  2.150  3.6837  1.952    3  0.000  0.457     0.00     0.00     0.00     0.00     0.00 -1 -1.91e-10      0.00 7.361e-01 2.629e-01 1.487e-04 7.526e-05 4.335e-04 -1.000 1.000e-03 -0.606 1.276 0.062 -0.605 -0.836 -0.953 -0.997
0.001 -1.19029 9.84510 0.9581609368 2.4637157917    0.950  2.192  3.6812  1.901    3  0.000  0.457     0.00     0.00     0.00     0.00     0.00 -1 -2.23e-10      0.00 7.361e-01 2.629e-01 1.486e-04 7.528e-05 4.335e-04 -1.000 1.000e-03 -0.709 1.227 -0.024 -0.706 -0.941 -1.061 -1.106
0.001 -1.19029 9.84510 0.9582349658 2.4637327194    0.949  2.233  3.6787  1.850    3  0.000  0.457     0.00     0.00     0.00     0.00     0.00 -1  -2.6e-10      0.00 7.361e-01 2.629e-01 1.486e-04 7.529e-05 4.335e-04 -1.000 1.000e-03 -0.812 1.181 -0.108 -0.808 -1.046 -1.169 -1.216
0.001 -1.19029 9.84510 0.9583000541 2.4637477398    0.949  2.272  3.6764  1.801    3  0.000  0.457     0.00     0.00     0.00     0.00     0.00 -1 -3.01e-10      0.00 7.361e-01 2.629e-01 1.486e-04 7.530e-05 4.335e-04 -1.000 1.000e-03 -0.910 1.141 -0.186 -0.903 -1.145 -1.271 -1.319
0.001 -1.19029 9.84510 0.9583634734 2.4637625217    0.949  2.313  3.6739  1.750    3  0.000  0.457     0.00     0.00     0.00     0.00     0.00 -1  -3.5e-10      0.00 7.361e-01 2.629e-01 1.486e-04 7.530e-05 4.335e-04 -1.000 1.000e-03 -1.012 1.102 -0.267 -1.002 -1.248 -1.377 -1.427
0.001 -1.19029 9.84510 0.9584202170 2.4637756348    0.948  2.352  3.6714  1.701    3  0.000  0.457     0.00     0.00     0.00     0.00     0.00 -1 -4.05e-10      0.00 7.361e-01 2.629e-01 1.486e-04 7.531e-05 4.335e-04 -1.000 1.000e-03 -1.109 1.068 -0.342 -1.096 -1.346 -1.478 -1.530
0.001 -1.19029 9.84510 0.9584733248 2.4637877941    0.948  2.390  3.6689  1.652    3  0.000  0.457     0.00     0.00     0.00     0.00     0.00 -1 -4.69e-10      0.00 7.361e-01 2.629e-01 1.486e-04 7.532e-05 4.335e-04 -1.000 1.000e-03 -1.206 1.038 -0.417 -1.189 -1.444 -1.579 -1.633
0.001 -1.19029 9.84510 0.9585220218 2.4637989998    0.947  2.429  3.6664  1.603    3  0.000  0.457     0.00     0.00     0.00     0.00     0.00 -1 -5.42e-10      0.00 7.361e-01 2.629e-01 1.486e-04 7.533e-05 4.335e-04 -1.000 1.000e-03 -1.302 1.013 -0.487 -1.280 -1.540 -1.678 -1.734
0.001 -1.19029 9.84510 0.9585669637 2.4638094902    0.946  2.466  3.6638  1.555    3  0.000  0.457     0.00     0.00     0.00     0.00     0.00 -1 -6.25e-10      0.00 7.361e-01 2.629e-01 1.486e-04 7.533e-05 4.335e-04 -1.000 1.000e-03 -1.396 0.992 -0.556 -1.370 -1.634 -1.775 -1.833
0.001 -1.19029 9.84510 0.9586078525 2.4638187885    0.946  2.503  3.6614  1.509    3  0.000  0.457     6.98     5.49     3.91     3.00     2.43  4 -7.16e-10      0.00 7.361e-01 2.629e-01 1.486e-04 7.534e-05 4.335e-04 -1.000 1.000e-03 -1.486 0.974 -0.621 -1.456 -1.724 -1.869 -1.928
0.001 -1.19029 9.84510 0.9586469531 2.4638278484    0.945  2.539  3.6589  1.462    3  0.000  0.457     7.71     5.97     4.24     3.26     2.64  4 -8.23e-10      0.00 7.361e-01 2.629e-01 1.486e-04 7.534e-05 4.335e-04 -1.000 1.000e-03 -1.579 0.964 -0.685 -1.542 -1.815 -1.964 -2.025
0.001 -1.19029 9.84510 0.9586910009 2.4638381004    0.944  2.584  3.6558  1.404    3  0.000  0.457     8.69     6.63     4.69     3.61     2.92  3 -9.75e-10      0.00 7.361e-01 2.629e-01 1.486e-04 7.535e-05 4.335e-04 -1.000 1.000e-03 -1.690 0.946 -0.760 -1.643 -1.923 -2.077 -2.141
0.001 -1.19029 9.84510 0.9587306976 2.4638471603    0.943  2.627  3.6528  1.348    3  0.000  0.457     9.76     7.33     5.16     3.98     3.22  3 -1.15e-09      0.00 7.361e-01 2.629e-01 1.486e-04 7.536e-05 4.335e-04 -1.000 1.000e-03 -1.798 0.925 -0.833 -1.739 -2.027 -2.185 -2.252
0.001 -1.19029 9.84510 0.9587607980 2.4638540745    0.942  2.663  3.6502  1.302    3  0.000  0.457    10.74     7.96     5.58     4.31     3.49  3 -1.32e-09      0.00 7.361e-01 2.629e-01 1.486e-04 7.536e-05 4.335e-04 -1.000 9.999e-04 -1.887 0.910 -0.892 -1.818 -2.112 -2.274 -2.343
0.001 -1.19029 9.84510 0.9587951303 2.4638621807    0.941  2.705  3.6472  1.247    3  0.000  0.457    12.06     8.80     6.14     4.75     3.85  3 -1.55e-09      0.00 7.361e-01 2.629e-01 1.486e-04 7.536e-05 4.335e-04 -1.000 1.000e-03 -1.993 0.894 -0.961 -1.911 -2.213 -2.381 -2.452
0.001 -1.19029 9.84510 0.9588263035 2.4638693333    0.940  2.747  3.6441  1.192    3  0.000  0.457    13.52     9.71     6.74     5.22     4.24  3 -1.82e-09      0.00 7.361e-01 2.629e-01 1.486e-04 7.537e-05 4.335e-04 -1.000 9.999e-04 -2.098 0.880 -1.028 -2.001 -2.312 -2.485 -2.559
0.001 -1.19029 9.84510 0.9588553309 2.4638760090    0.938  2.789  3.6410  1.138    3  0.000  0.457    15.15    10.71     7.41     5.75     4.66  3 -2.13e-09      0.00 7.361e-01 2.629e-01 1.486e-04 7.537e-05 4.335e-04 -1.000 1.000e-03 -2.202 0.867 -1.094 -2.091 -2.410 -2.589 -2.664
0.001 -1.19029 9.84510 0.9588824511 2.4638822079    0.937  2.830  3.6379  1.083    3  0.000  0.457    16.98    11.82     8.14     6.32     5.13  3  -2.5e-09      0.00 7.361e-01 2.629e-01 1.486e-04 7.538e-05 4.335e-04 -1.000 1.000e-03 -2.305 0.858 -1.157 -2.179 -2.506 -2.691 -2.769
0.001 -1.19029 9.84510 0.9589063525 2.4638876915    0.935  2.869  3.6349  1.032    3  0.000  0.457    18.90    12.96     8.89     6.92     5.61  2  -2.9e-09      0.00 7.361e-01 2.629e-01 1.486e-04 7.538e-05 4.335e-04 -1.000 1.000e-03 -2.402 0.852 -1.214 -2.260 -2.596 -2.786 -2.867
0.001 -1.19029 9.84510 0.9589288235 2.4638929367    0.933  2.908  3.6320  0.980    3  0.000  0.457    21.03    14.21     9.71     7.56     6.14  2 -3.36e-09      0.00 7.361e-01 2.629e-01 1.486e-04 7.538e-05 4.335e-04 -1.000 9.999e-04 -2.499 0.849 -1.270 -2.341 -2.686 -2.882 -2.965
0.001 -1.19029 9.84510 0.9589499831 2.4638977051    0.931  2.947  3.6290  0.929    3  0.000  0.457    23.43    15.60    10.61     8.28     6.72  2 -3.91e-09      0.00 7.361e-01 2.629e-01 1.486e-04 7.539e-05 4.335e-04 -1.000 1.000e-03 -2.597 0.852 -1.321 -2.421 -2.776 -2.977 -3.063
0.001 -1.19029 9.84510 0.9589694142 2.4639022350    0.929  2.985  3.6260  0.877    3  0.000  0.457    26.08    17.11    11.59     9.05     7.35  2 -4.54e-09      0.00 7.361e-01 2.629e-01 1.486e-04 7.539e-05 4.335e-04 -1.000 1.000e-03 -2.692 0.857 -1.368 -2.497 -2.863 -3.071 -3.159
0.001 -1.19029 9.84510 0.9589871168 2.4639062881    0.927  3.022  3.6231  0.828    3  0.000  0.457    28.90    18.69    12.60     9.86     8.01  2 -5.23e-09      0.00 7.361e-01 2.629e-01 1.486e-04 7.539e-05 4.335e-04 -1.000 1.000e-03 -2.784 0.861 -1.413 -2.571 -2.946 -3.160 -3.251
0.001 -1.19029 9.84510 0.9590038061 2.4639101028    0.925  3.058  3.6203  0.779    3  0.000  0.457    31.99    20.40    13.70    10.74     8.72  2 -6.03e-09      0.00 7.361e-01 2.629e-01 1.486e-04 7.539e-05 4.335e-04 -1.000 1.000e-03 -2.875 0.864 -1.458 -2.644 -3.029 -3.249 -3.342
0.001 -1.19029 9.84510 0.9590198398 2.4639139175    0.922  3.095  3.6175  0.730    3  0.000  0.457    35.47    22.30    14.92    11.71     9.51  2 -6.95e-09      0.00 7.361e-01 2.629e-01 1.486e-04 7.540e-05 4.335e-04 -1.000 9.999e-04 -2.968 0.866 -1.503 -2.717 -3.112 -3.338 -3.434
0.001 -1.19029 9.84510 0.9590338469 2.4639170170    0.920  3.129  3.6147  0.683    3  0.000  0.457    39.06    24.23    16.15    12.69    10.31  1 -7.95e-09      0.00 7.361e-01 2.629e-01 1.486e-04 7.540e-05 4.335e-04 -1.000 1.000e-03 -3.053 0.872 -1.541 -2.782 -3.188 -3.421 -3.519
0.001 -1.19029 9.84510 0.9590474963 2.4639203548    0.917  3.164  3.6119  0.635    3  0.000  0.457    43.15    26.40    17.52    13.79    11.21  1 -9.12e-09      0.00 7.361e-01 2.629e-01 1.486e-04 7.540e-05 4.335e-04 -1.000 1.000e-03 -3.141 0.877 -1.580 -2.850 -3.267 -3.505 -3.606
0.001 -1.19029 9.84510 0.9590603113 2.4639232159    0.914  3.199  3.6092  0.589    3  0.000  0.457    47.56    28.70    18.98    14.95    12.16  1 -1.04e-08      0.00 7.361e-01 2.629e-01 1.486e-04 7.540e-05 4.335e-04 -1.000 1.000e-03 -3.227 0.879 -1.617 -2.916 -3.343 -3.588 -3.690
0.001 -1.19029 9.84510 0.9590722322 2.4639260769    0.910  3.232  3.6065  0.543    3  0.000  0.457    52.28    31.13    20.51    16.18    13.16  1 -1.19e-08      0.00 7.361e-01 2.629e-01 1.486e-04 7.540e-05 4.335e-04 -1.000 1.000e-03 -3.310 0.878 -1.651 -2.978 -3.416 -3.667 -3.772
0.001 -1.19029 9.84510 0.9590831399 2.4639284611    0.907  3.264  3.6039  0.499    3  0.000  0.457    57.28    33.67    22.10    17.46    14.20  1 -1.35e-08      0.00 7.361e-01 2.629e-01 1.486e-04 7.540e-05 4.335e-04 -1.000 1.000e-03 -3.390 0.878 -1.681 -3.036 -3.486 -3.742 -3.850
0.001 -1.19029 9.84510 0.9590933919 2.4639308453    0.903  3.294  3.6015  0.458    3  0.000  0.457    62.36    36.21    23.69    18.74    15.24  1 -1.52e-08      0.00 7.361e-01 2.629e-01 1.486e-04 7.541e-05 4.335e-04 -1.000 1.000e-03 -3.464 0.876 -1.704 -3.089 -3.550 -3.813 -3.922
0.001 -1.19029 9.84510 0.9591016769 2.4639327526    0.900  3.317  3.5997  0.426    3  0.000  0.457    66.75    38.38    25.04    19.83    16.13  1 -1.66e-08      0.00 7.361e-01 2.629e-01 1.486e-04 7.541e-05 4.335e-04 -1.000 1.000e-03 -3.523 0.873 -1.723 -3.131 -3.601 -3.869 -3.980
0.001 -1.19029 9.84510 0.9591016769 2.4639327526    0.900  1.801  3.7319  2.471    4  0.000  0.481     0.00     0.00     0.00     0.00     0.00 -1    -1e-30      0.00 7.338e-01 2.652e-01 1.585e-04 6.696e-05 4.391e-04 -1.000 1.000e-03 0.267 1.526 0.678 0.214 0.066 0.007 -0.010
0.001 -1.19029 9.84510 0.9592017531 2.4639558792    0.900  1.815  3.7307  2.452    4  0.000  0.481     0.00     0.00     0.00     0.00     0.00 -1    -1e-30      0.00 7.338e-01 2.652e-01 1.585e-04 6.698e-05 4.391e-04 -1.000 1.000e-03 0.233 1.503 0.648 0.180 0.030 -0.030 -0.048
0.001 -1.19029 9.84510 0.9593004584 2.4639785290    0.900  1.819  3.7304  2.447    4  0.000  0.481     0.00     0.00     0.00     0.00     0.00 -1    -1e-30      0.00 7.338e-01 2.652e-01 1.585e-04 6.699e-05 4.391e-04 -1.000 1.000e-03 0.222 1.495 0.638 0.169 0.019 -0.042 -0.060
0.001 -1.19029 9.84510 0.9594004750 2.4640016556    0.900  1.822  3.7304  2.444    4  0.000  0.481     0.00     0.00     0.00     0.00     0.00 -1    -1e-30      0.00 7.337e-01 2.653e-01 1.585e-04 6.701e-05 4.391e-04 -1.000 1.000e-03 0.216 1.489 0.632 0.163 0.012 -0.048 -0.066
0.001 -1.19029 9.84510 0.9595031738 2.4640252590    0.900  1.823  3.7307  2.444    4  0.000  0.481     0.00     0.00     0.00     0.00     0.00 -1    -1e-30      0.00 7.337e-01 2.653e-01 1.585e-04 6.703e-05 4.391e-04 -1.000 1.000e-03 0.212 1.483 0.627 0.158 0.009 -0.052 -0.070
0.001 -1.19029 9.84510 0.9596062899 2.4640488625    0.900  1.824  3.7310  2.444    4  0.000  0.481     0.00     0.00     0.00     0.00     0.00 -1    -1e-30      0.00 7.337e-01 2.653e-01 1.585e-04 6.704e-05 4.391e-04 -1.000 1.000e-03 0.209 1.477 0.623 0.156 0.007 -0.053 -0.071
0.001 -1.19029 9.84510 0.9597101808 2.4640729427    0.901  1.825  3.7315  2.446    4  0.000  0.481     0.00     0.00     0.00     0.00     0.00 -1    -1e-30      0.00 7.337e-01 2.653e-01 1.585e-04 6.706e-05 4.391e-04 -1.000 1.000e-03 0.209 1.471 0.620 0.155 0.007 -0.053 -0.070
0.001 -1.19029 9.84510 0.9597288370 2.4640772343    0.901  1.825  3.7316  2.447    4  0.000  0.481     0.00     0.00     0.00     0.00     0.00 -1    -1e-30      0.00 7.337e-01 2.653e-01 1.585e-04 6.706e-05 4.391e-04 -1.000 1.000e-03 0.209 1.470 0.620 0.155 0.007 -0.052 -0.070
0.001 -1.19029 9.84510 0.9598140121 2.4640967846    0.901  1.825  3.7321  2.448    4  0.000  0.481     0.00     0.00     0.00     0.00     0.00 -1    -1e-30      0.00 7.337e-01 2.653e-01 1.585e-04 6.708e-05 4.391e-04 -1.000 1.000e-03 0.208 1.466 0.618 0.155 0.007 -0.052 -0.069
0.001 -1.19029 9.84510 0.9599171281 2.4641203880    0.901  1.825  3.7326  2.451    4  0.000  0.481     0.00     0.00     0.00     0.00     0.00 -1    -1e-30      0.00 7.337e-01 2.653e-01 1.584e-04 6.709e-05 4.391e-04 -1.000 1.000e-03 0.208 1.460 0.615 0.154 0.008 -0.050 -0.068
0.001 -1.19029 9.84510 0.9600225687 2.4641447067    0.901  1.825  3.7332  2.453    4  0.000  0.481     0.00     0.00     0.00     0.00     0.00 -1    -1e-30      0.00 7.337e-01 2.653e-01 1.584e-04 6.711e-05 4.391e-04 -1.000 1.000e-03 0.208 1.455 0.613 0.154 0.008 -0.050 -0.066
0.001 -1.19029 9.84510 0.9601294994 2.4641692638    0.901  1.825  3.7337  2.455    4  0.000  0.481     0.00     0.00     0.00     0.00     0.00 -1    -1e-30      0.00 7.337e-01 2.653e-01 1.584e-04 6.713e-05 4.391e-04 -1.000 1.000e-03 0.207 1.449 0.610 0.153 0.008 -0.049 -0.065
0.001 -1.19029 9.84510 0.9602343440 2.4641933441    0.901  1.825  3.7342  2.456    4  0.000  0.481     0.00     0.00     0.00     0.00     0.00 -1    -1e-30      0.00 7.337e-01 2.653e-01 1.584e-04 6.715e-05 4.391e-04 -1.000 1.000e-03 0.207 1.443 0.607 0.152 0.008 -0.048 -0.065
0.001 -1.19029 9.84510 0.9603373408 2.4642169476    0.901  1.826  3.7347  2.458    4  0.000  0.481     0.00     0.00     0.00     0.00     0.00 -1    -1e-30      0.00 7.337e-01 2.653e-01 1.584e-04 6.716e-05 4.392e-04 -1.000 1.000e-03 0.206 1.438 0.604 0.151 0.008 -0.048 -0.064
0.001 -1.19029 9.84510 0.9604415894 2.4642410278    0.901  1.826  3.7351  2.459    4  0.000  0.481     0.00     0.00     0.00     0.00     0.00 -1    -1e-30      0.00 7.337e-01 2.653e-01 1.584e-04 6.718e-05 4.392e-04 -1.000 1.000e-03 0.205 1.433 0.601 0.150 0.007 -0.048 -0.064
0.001 -1.19029 9.84510 0.9605426788 2.4642641544    0.902  1.827  3.7354  2.460    4  0.000  0.481     0.00     0.00     0.00     0.00     0.00 -1    -1e-30      0.00 7.337e-01 2.653e-01 1.584e-04 6.720e-05 4.392e-04 -1.000 1.000e-03 0.203 1.428 0.598 0.148 0.006 -0.049 -0.065
0.001 -1.19029 9.84510 0.9605548978 2.4642670155    0.902  1.827  3.7355  2.460    4  0.000  0.481     0.00     0.00     0.00     0.00     0.00 -1    -1e-30      0.00 7.337e-01 2.653e-01 1.584e-04 6.720e-05 4.392e-04 -1.000 1.000e-03 0.203 1.427 0.598 0.148 0.006 -0.049 -0.065
0.001 -1.19029 9.84510 0.9605650902 2.4642693996    0.902  1.827  3.7355  2.460    4  0.000  0.481     0.00     0.00     0.00     0.00     0.00 -1    -1e-30      0.00 7.337e-01 2.653e-01 1.584e-04 6.720e-05 4.392e-04 -1.000 1.000e-03 0.203 1.427 0.598 0.148 0.006 -0.049 -0.065
0.001 -1.19029 9.84510 0.9606705308 2.4642934799    0.902  1.827  3.7358  2.461    4  0.000  0.481     0.00     0.00     0.00     0.00     0.00 -1    -1e-30      0.00 7.337e-01 2.653e-01 1.583e-04 6.722e-05 4.392e-04 -1.000 1.000e-03 0.201 1.422 0.595 0.146 0.005 -0.050 -0.066
0.001 -1.19029 9.84510 0.9607700109 2.4643163681    0.902  1.828  3.7361  2.461    4  0.000  0.481     0.00     0.00     0.00     0.00     0.00 -1    -1e-30      0.00 7.337e-01 2.653e-01 1.583e-04 6.723e-05 4.392e-04 -1.000 1.000e-03 0.199 1.417 0.592 0.144 0.003 -0.051 -0.067
0.001 -1.19029 9.84510 0.9608761072 2.4643406868    0.902  1.829  3.7363  2.461    4  0.000  0.481     0.00     0.00     0.00     0.00     0.00 -1    -1e-30      0.00 7.337e-01 2.653e-01 1.583e-04 6.725e-05 4.392e-04 -1.000 1.000e-03 0.197 1.413 0.588 0.141 0.001 -0.053 -0.069
0.001 -1.19029 9.84510 0.9609743357 2.4643633366    0.902  1.830  3.7365  2.461    4  0.000  0.481     0.00     0.00     0.00     0.00     0.00 -1    -1e-30      0.00 7.337e-01 2.653e-01 1.583e-04 6.727e-05 4.392e-04 -1.000 1.000e-03 0.194 1.409 0.585 0.139 -0.002 -0.056 -0.071
0.001 -1.19029 9.84510 0.9610801935 2.4643876553    0.902  1.832  3.7365  2.460    4  0.000  0.481     0.00     0.00     0.00     0.00     0.00 -1    -1e-30      0.00 7.337e-01 2.653e-01 1.583e-04 6.728e-05 4.392e-04 -1.000 1.000e-03 0.191 1.405 0.581 0.135 -0.005 -0.059 -0.074
0.001 -1.19029 9.84510 0.9611799717 2.4644105434    0.902  1.833  3.7365  2.458    4  0.000  0.481     0.00     0.00     0.00     0.00     0.00 -1    -1e-30      0.00 7.337e-01 2.653e-01 1.583e-04 6.730e-05 4.392e-04 -1.000 1.000e-03 0.187 1.401 0.577 0.131 -0.009 -0.063 -0.078
0.001 -1.19029 9.84510 0.9612688422 2.4644308090    0.902  1.835  3.7364  2.456    4  0.000  0.481     0.00     0.00     0.00     0.00     0.00 -1    -1e-30      0.00 7.337e-01 2.653e-01 1.583e-04 6.731e-05 4.392e-04 -1.000 1.000e-03 0.183 1.399 0.574 0.127 -0.013 -0.067 -0.082
0.001 -1.19029 9.84510 0.9612776637 2.4644329548    0.902  1.835  3.7364  2.456    4  0.000  0.481     0.00     0.00     0.00     0.00     0.00 -1    -1e-30      0.00 7.337e-01 2.653e-01 1.583e-04 6.731e-05 4.392e-04 -1.000 1.000e-03 0.182 1.398 0.573 0.127 -0.014 -0.068 -0.083
0.001 -1.19029 9.84510 0.9613772035 2.4644556046    0.902  1.837  3.7362  2.453    4  0.000  0.480     0.00     0.00     0.00     0.00     0.00 -1    -1e-30      0.00 7.336e-01 2.654e-01 1.583e-04 6.733e-05 4.392e-04 -1.000 1.000e-03 0.177 1.395 0.569 0.122 -0.019 -0.073 -0.089
0.001 -1.19029 9.84510 0.9614775181 2.4644787312    0.903  1.839  3.7360  2.450    4  0.000  0.480     0.00     0.00     0.00     0.00     0.00 -1    -1e-30      0.00 7.336e-01 2.654e-01 1.583e-04 6.735e-05 4.392e-04 -1.000 1.000e-03 0.171 1.391 0.564 0.115 -0.026 -0.080 -0.096
0.001 -1.19029 9.84510 0.9615797997 2.4645020962    0.903  1.842  3.7356  2.445    4  0.000  0.480     0.00     0.00     0.00     0.00     0.00 -1    -1e-30      0.00 7.336e-01 2.654e-01 1.582e-04 6.736e-05 4.392e-04 -1.000 1.000e-03 0.164 1.387 0.558 0.108 -0.033 -0.088 -0.104
0.001 -1.19029 9.84510 0.9616796374 2.4645249844    0.903  1.846  3.7351  2.440    4  0.000  0.480     0.00     0.00     0.00     0.00     0.00 -1    -1e-30      0.00 7.336e-01 2.654e-01 1.582e-04 6.738e-05 4.392e-04 -1.000 1.000e-03 0.155 1.384 0.551 0.100 -0.043 -0.098 -0.114
0.001 -1.19029 9.84510 0.9617800713 2.4645478725    0.903  1.850  3.7345  2.434    4  0.000  0.480     0.00     0.00     0.00     0.00     0.00 -1    -1e-30      0.00 7.336e-01 2.654e-01 1.582e-04 6.740e-05 4.392e-04 -1.000 1.000e-03 0.146 1.380 0.544 0.090 -0.053 -0.109 -0.125
0.001 -1.19029 9.84510 0.9618791938 2.4645707607    0.903  1.854  3.7339  2.427    4  0.000  0.480     0.00     0.00     0.00     0.00     0.00 -1    -1e-30      0.00 7.336e-01 2.654e-01 1.582e-04 6.741e-05 4.392e-04 -1.000 1.000e-03 0.135 1.375 0.536 0.079 -0.065 -0.122 -0.138
0.001 -1.19029 9.84510 0.9619798660 2.4645936489    0.903  1.859  3.7331  2.419    4  0.000  0.480     0.00     0.00     0.00     0.00     0.00 -1    -1e-30      0.00 7.336e-01 2.654e-01 1.582e-04 6.743e-05 4.392e-04 -1.000 1.000e-03 0.122 1.370 0.526 0.067 -0.078 -0.136 -0.153
0.001 -1.19029 9.84510 0.9620810747 2.4646167755    0.903  1.865  3.7322  2.410    4  0.000  0.480     0.00     0.00     0.00     0.00     0.00 -1    -1e-30      0.00 7.336e-01 2.654e-01 1.582e-04 6.744e-05 4.392e-04 -1.000 1.000e-03 0.108 1.365 0.515 0.053 -0.094 -0.153 -0.170
0.001 -1.19029 9.84510 0.9621857405 2.4646408558    0.903  1.872  3.7312  2.399    4  0.000  0.480     0.00     0.00     0.00     0.00     0.00 -1    -1e-30      0.00 7.336e-01 2.654e-01 1.582e-04 6.746e-05 4.392e-04 -1.000 1.000e-03 0.090 1.357 0.502 0.036 -0.113 -0.172 -0.190
0.001 -1.19029 9.84510 0.9622881413 2.4646642208    0.903  1.869  3.7318  2.404    4  0.000  0.480     0.00     0.00     0.00     0.00     0.00 -1    -1e-30      0.00 7.336e-01 2.654e-01 1.582e-04 6.748e-05 4.392e-04 -1.000 1.000e-03 0.096 1.358 0.506 0.042 -0.106 -0.165 -0.183
0.001 -1.19029 9.84510 0.9623890519 2.4646873474    0.904  1.884  3.7294  2.379    4  0.000  0.480     0.00     0.00     0.00     0.00     0.00 -1    -1e-30      0.00 7.336e-01 2.654e-01 1.581e-04 6.749e-05 4.392e-04 -1.000 1.000e-03 0.059 1.345 0.479 0.006 -0.146 -0.208 -0.226
0.001 -1.19029 9.84510 0.9624911547 2.4647107124    0.904  1.911  3.7256  2.337    4  0.000  0.480     0.00     0.00     0.00     0.00     0.00 -1    -1e-30      0.00 7.336e-01 2.654e-01 1.581e-04 6.751e-05 4.392e-04 -1.000 1.000e-03 -0.008 1.320 0.429 -0.059 -0.217 -0.283 -0.304
0.001 -1.19029 9.84510 0.9625577331 2.4647257328    0.904  1.946  3.7211  2.284    4  0.000  0.480     0.00     0.00     0.00     0.00     0.00 -1    -1e-30      0.00 7.336e-01 2.654e-01 1.581e-04 6.752e-05 4.392e-04 -1.000 1.000e-03 -0.095 1.282 0.361 -0.145 -0.310 -0.381 -0.404
0.001 -1.19029 9.84510 0.9625878334 2.4647326469    0.904  1.982  3.7168  2.231    4  0.000  0.480     0.00     0.00     0.00     0.00     0.00 -1    -1e-30      0.00 7.336e-01 2.654e-01 1.581e-04 6.753e-05 4.392e-04 -1.000 1.000e-03 -0.185 1.243 0.293 -0.231 -0.403 -0.480 -0.505
0.001 -1.19029 9.84510 0.9626010656 2.4647357464    0.904  2.017  3.7129  2.181    4  0.000  0.480     0.00     0.00     0.00     0.00     0.00 -1    -1e-30      0.00 7.336e-01 2.654e-01 1.581e-04 6.753e-05 4.392e-04 -1.000 1.000e-03 -0.272 1.202 0.224 -0.315 -0.494 -0.575 -0.602
0.001 -1.19029 9.84510 0.9626072645 2.4647371769    0.904  2.053  3.7092  2.130    4  0.000  0.480     0.00     0.00     0.00     0.00     0.00 -1    -1e-30      0.00 7.336e-01 2.654e-01 1.581e-04 6.753e-05 4.392e-04 -1.000 1.000e-03 -0.362 1.160 0.154 -0.401 -0.587 -0.672 -0.701
0.001 -1.19029 9.84510 0.9626103044 2.4647378922    0.904  2.087  3.7059  2.083    4  0.000  0.480     0.00     0.00     0.00     0.00     0.00 -1    -1e-30      0.00 7.336e-01 2.654e-01 1.581e-04 6.753e-05 4.392e-04 -1.000 1.000e-03 -0.447 1.118 0.087 -0.482 -0.674 -0.763 -0.793
0.001 -1.19029 9.84510 0.9626114368 2.4647381306    0.904  2.104  3.7043  2.059    7  0.000  0.480     0.00     0.00     0.00     0.00     0.00 -1  -7.1e-10      0.00 7.336e-01 2.641e-01 1.581e-04 6.753e-05 4.392e-04 -1.000 2.290e-03 -0.490 1.096 0.052 -0.524 -0.718 -0.809 -0.840
0.001 -1.19029 9.84510 0.9626126289 2.4647383690    0.904  2.128  3.7021  2.026    7  0.000  0.480     0.00     0.00     0.00     0.00     0.00 -1  -8.2e-10      0.00 7.336e-01 2.641e-01 1.581e-04 6.753e-05 4.392e-04 -1.000 2.290e-03 -0.551 1.063 0.003 -0.582 -0.780 -0.873 -0.906
0.001 -1.19029 9.84510 0.9626147151 2.4647388458    0.904  2.174  3.6983  1.965    7  0.000  0.480     0.00     0.00     0.00     0.00     0.00 -1 -1.07e-09      0.00 7.336e-01 2.641e-01 1.581e-04 6.753e-05 4.392e-04 -1.000 2.290e-03 -0.665 1.005 -0.088 -0.691 -0.896 -0.995 -1.029
0.001 -1.19029 9.84510 0.9626175165 2.4647395611    0.903  2.220  3.6944  1.904    7  0.000  0.480     0.00     0.00     0.00     0.00     0.00 -1 -1.38e-09      0.00 7.336e-01 2.641e-01 1.581e-04 6.753e-05 4.392e-04 -1.000 2.290e-03 -0.780 0.951 -0.180 -0.800 -1.012 -1.116 -1.153
0.001 -1.19029 9.84510 0.9626229405 2.4647407532    0.903  2.189  3.6971  1.945    7  0.000  0.480     0.00     0.00     0.00     0.00     0.00 -1 -1.15e-09      0.00 7.336e-01 2.641e-01 1.581e-04 6.753e-05 4.392e-04 -1.000 2.290e-03 -0.704 0.985 -0.120 -0.728 -0.935 -1.035 -1.071
0.001 -1.19029 9.84510 0.9626674056 2.4647510052    0.902  2.179  3.6979  1.958    7  0.000  0.480     0.00     0.00     0.00     0.00     0.00 -1 -1.12e-09      0.00 7.336e-01 2.641e-01 1.581e-04 6.754e-05 4.392e-04 -1.000 2.290e-03 -0.677 0.999 -0.099 -0.703 -0.909 -1.008 -1.043
0.001 -1.19029 9.84510 0.9627099633 2.4647605419    0.901  2.222  3.6943  1.900    7  0.000  0.480     0.00     0.00     0.00     0.00     0.00 -1 -1.49e-09      0.00 7.336e-01 2.641e-01 1.581e-04 6.755e-05 4.392e-04 -1.000 2.291e-03 -0.784 0.949 -0.183 -0.804 -1.016 -1.120 -1.157
0.001 -1.19029 9.84510 0.9627410769 2.4647676945    0.900  2.271  3.6901  1.833    7  0.000  0.480     0.00     0.00     0.00     0.00     0.00 -1 -1.97e-09      0.00 7.336e-01 2.641e-01 1.581e-04 6.755e-05 4.392e-04 -1.000 2.291e-03 -0.907 0.893 -0.279 -0.921 -1.141 -1.250 -1.290
0.001 -1.19029 9.84510 0.9627609849 2.4647722244    0.899  2.308  3.6869  1.783    7  0.000  0.480     0.00     0.00     0.00     0.00     0.00 -1 -2.45e-09      0.00 7.336e-01 2.641e-01 1.581e-04 6.755e-05 4.392e-04 -1.000 2.291e-03 -1.000 0.854 -0.351 -1.007 -1.233 -1.347 -1.389
0.001 -1.19029 9.84510 0.9627860188 2.4647779465    0.897  2.349  3.6837  1.729    7  0.000  0.480     0.00     0.00     0.00     0.00     0.00 -1  -3.1e-09      0.00 7.336e-01 2.641e-01 1.581e-04 6.756e-05 4.392e-04 -1.000 2.291e-03 -1.101 0.819 -0.429 -1.104 -1.336 -1.454 -1.497
0.001 -1.19029 9.84510 0.9628087878 2.4647831917    0.895  2.387  3.6805  1.677    7  0.000  0.480     0.00     0.00     0.00     0.00     0.00 -1 -3.84e-09      0.00 7.336e-01 2.641e-01 1.581e-04 6.756e-05 4.392e-04 -1.000 2.291e-03 -1.196 0.794 -0.501 -1.197 -1.433 -1.555 -1.601
0.001 -1.19029 9.84510 0.9628299475 2.4647879601    0.893  2.425  3.6774  1.625    7  0.000  0.480     0.00     0.00     0.00     0.00     0.00 -1 -4.78e-09      0.00 7.336e-01 2.641e-01 1.581e-04 6.757e-05 4.392e-04 -1.000 2.290e-03 -1.293 0.772 -0.572 -1.290 -1.532 -1.657 -1.705
0.001 -1.19029 9.84510 0.9628494382 2.4647924900    0.890  2.464  3.6743  1.573    7  0.000  0.480     0.00     0.00     0.00     0.00     0.00 -1 -5.95e-09      0.00 7.336e-01 2.641e-01 1.581e-04 6.758e-05 4.392e-04 -1.000 2.290e-03 -1.391 0.754 -0.642 -1.384 -1.631 -1.760 -1.810
0.001 -1.19029 9.84510 0.9628673792 2.4647965431    0.888  2.504  3.6712  1.519    7  0.000  0.480     6.67     5.29     3.78     2.90     2.35  3 -7.57e-09      0.00 7.336e-01 2.642e-01 1.581e-04 6.758e-05 4.392e-04 -1.000 2.198e-03 -1.489 0.737 -0.713 -1.479 -1.731 -1.863 -1.916
0.001 -1.19029 9.84510 0.9628837109 2.4648003578    0.884  2.543  3.6680  1.465    7  0.000  0.479     7.46     5.83     4.14     3.19     2.58  3 -9.45e-09      0.00 7.336e-01 2.642e-01 1.579e-04 6.763e-05 4.392e-04 -1.000 2.181e-03 -1.587 0.731 -0.779 -1.572 -1.830 -1.967 -2.021
0.001 -1.19029 9.84510 0.9628985524 2.4648036957    0.881  2.582  3.6642  1.409    7  0.000  0.478     8.39     6.45     4.56     3.52     2.85  3 -1.18e-08      0.00 7.336e-01 2.642e-01 1.574e-04 6.791e-05 4.392e-04 -1.000 2.181e-03 -1.686 0.745 -0.838 -1.663 -1.928 -2.070 -2.127
0.001 -1.19029 9.84510 0.9629117250 2.4648067951    0.876  2.621  3.6560  1.336    7  0.000  0.475     9.78     7.36     5.17     4.00     3.24  3 -1.51e-08      0.00 7.336e-01 2.642e-01 1.564e-04 6.889e-05 4.392e-04 -1.000 2.190e-03 -1.783 0.882 -0.847 -1.737 -2.019 -2.172 -2.236
0.001 -1.19029 9.84510 0.9629240036 2.4648094177    0.872  2.660  3.6528  1.281    7  0.000  0.469    10.95     8.11     5.67     4.39     3.56  3 -1.89e-08      0.00 7.336e-01 2.643e-01 1.545e-04 7.106e-05 4.392e-04 -1.000 2.190e-03 -1.881 0.875 -0.908 -1.823 -2.112 -2.271 -2.337
0.001 -1.19029 9.84510 0.9629355669 2.4648120403    0.866  2.700  3.6496  1.226    7  0.000  0.463    12.26     8.94     6.22     4.83     3.91  3 -2.36e-08      0.00 7.336e-01 2.643e-01 1.525e-04 7.345e-05 4.392e-04 -1.000 2.096e-03 -1.979 0.868 -0.969 -1.908 -2.205 -2.369 -2.438
0.001 -1.19029 9.84510 0.9629467130 2.4648146629    0.859  2.739  3.6463  1.170    7  0.000  0.457    13.76     9.87     6.84     5.31     4.31  3 -2.95e-08      0.00 7.336e-01 2.644e-01 1.507e-04 7.567e-05 4.392e-04 -1.000 2.090e-03 -2.077 0.866 -1.027 -1.991 -2.297 -2.467 -2.538
0.001 -1.19029 9.84510 0.9629573822 2.4648170471    0.850  2.777  3.6429  1.114    7  0.000  0.453    15.46    10.90     7.52     5.86     4.75  2 -3.75e-08      0.00 7.335e-01 2.644e-01 1.491e-04 7.759e-05 4.392e-04 -1.000 2.090e-03 -2.174 0.869 -1.082 -2.072 -2.387 -2.563 -2.637
0.001 -1.19029 9.84510 0.9629671574 2.4648194313    0.840  2.815  3.6395  1.057    7  0.000  0.449    17.37    12.05     8.27     6.45     5.23  2 -4.66e-08      0.00 7.335e-01 2.645e-01 1.478e-04 7.925e-05 4.392e-04 -1.000 2.090e-03 -2.269 0.875 -1.134 -2.151 -2.475 -2.657 -2.734
0.001 -1.19029 9.84510 0.9629771113 2.4648215771    0.828  2.855  3.6359  0.996    7  0.000  0.445    19.67    13.40     9.15     7.15     5.80  2 -5.96e-08      0.00 7.334e-01 2.645e-01 1.465e-04 8.085e-05 4.392e-04 -1.000 2.090e-03 -2.369 0.885 -1.186 -2.232 -2.567 -2.755 -2.835
0.001 -1.19029 9.84510 0.9629870057 2.4648239613    0.812  2.895  3.6320  0.932    7  0.000  0.441    22.41    14.97    10.17     7.97     6.46  2 -7.79e-08      0.00 7.334e-01 2.646e-01 1.454e-04 8.220e-05 4.391e-04 -1.000 2.020e-03 -2.469 0.914 -1.228 -2.310 -2.657 -2.853 -2.937
0.001 -1.19029 9.84510 0.9629960656 2.4648258686    0.793  2.935  3.6280  0.866    7  0.000  0.439    25.59    16.76    11.32     8.89     7.21  2 -1.02e-07      0.00 7.333e-01 2.646e-01 1.444e-04 8.337e-05 4.391e-04 -1.000 2.066e-03 -2.568 0.945 -1.265 -2.385 -2.745 -2.950 -3.037
0.001 -1.19029 9.84510 0.9630030394 2.4648275375    0.773  2.973  3.6243  0.803    7  0.000  0.436    29.08    18.66    12.54     9.88     8.01  1 -1.32e-07      0.00 7.333e-01 2.647e-01 1.437e-04 8.429e-05 4.390e-04 -1.000 2.037e-03 -2.661 0.976 -1.298 -2.455 -2.828 -3.040 -3.130
0.001 -1.19029 9.84510 0.9630080462 2.4648287296    0.756  3.006  3.6209  0.746    7  0.000  0.435    32.66    20.58    13.76    10.86     8.81  1 -1.68e-07      0.00 7.332e-01 2.647e-01 1.431e-04 8.504e-05 4.389e-04 -1.000 2.032e-03 -2.746 1.005 -1.327 -2.517 -2.902 -3.121 -3.214
0.001 -1.19029 9.84510 0.9630130529 2.4648299217    0.733  3.046  3.6169  0.677    7  0.000  0.433    37.54    23.12    15.36    12.16     9.87  1 -2.21e-07      0.00 7.332e-01 2.648e-01 1.425e-04 8.584e-05 4.387e-04 -1.000 2.053e-03 -2.844 1.039 -1.359 -2.588 -2.988 -3.216 -3.312
0.001 -1.19029 9.84510 0.9630168080 2.4648306370    0.711  3.077  3.6138  0.620    7  0.000  0.432    42.13    25.44    16.82    13.35    10.83  1 -2.85e-07      0.00 7.331e-01 2.648e-01 1.420e-04 8.641e-05 4.386e-04 -1.000 2.007e-03 -2.924 1.065 -1.383 -2.645 -3.057 -3.292 -3.391
0.001 -1.19029 9.84510 0.9630211592 2.4648315907    0.677  3.118  3.6104  0.544    7  0.000  0.431    49.01    28.79    18.91    15.06    12.22  1 -3.95e-07      0.00 7.331e-01 2.649e-01 1.417e-04 8.697e-05 4.384e-04 -1.000 2.079e-03 -3.025 1.086 -1.420 -2.722 -3.147 -3.390 -3.492
0.001 -1.19029 9.84510 0.9630245566 2.4648325443    0.637  3.153  3.6085  0.475    7  0.000  0.430    56.21    32.11    20.96    16.76    13.59  1  -5.7e-07      0.00 7.331e-01 2.649e-01 1.413e-04 8.746e-05 4.382e-04 -1.000 2.008e-03 -3.113 1.085 -1.457 -2.791 -3.227 -3.475 -3.579
0.001 -1.19029 9.84510 0.9630250931 2.4648325443    0.631  3.162  3.6078  0.459    7  0.000  0.430    58.09    32.98    21.49    17.20    13.95  1 -6.14e-07      0.00 7.331e-01 2.649e-01 1.412e-04 8.761e-05 4.381e-04 -1.000 2.006e-03 -3.136 1.086 -1.464 -2.807 -3.247 -3.497 -3.602
0.001 -1.19029 9.84510 0.9630258679 2.4648327827    0.618  3.171  3.6086  0.444    7  0.000  0.430    59.79    33.71    21.94    17.58    14.25  1 -6.82e-07      0.00 7.331e-01 2.650e-01 1.411e-04 8.778e-05 4.380e-04 -1.000 1.990e-03 -3.158 1.061 -1.490 -2.834 -3.273 -3.522 -3.626
0.001 -1.19029 9.84510 0.9630259871 2.4648327827    0.616  3.161  3.6098  0.457    7  0.000  0.430    58.08    32.89    21.42    17.16    13.92  1 -6.59e-07      0.00 7.331e-01 2.650e-01 1.411e-04 8.779e-05 4.380e-04 -1.000 1.990e-03 -3.134 1.051 -1.489 -2.820 -3.254 -3.500 -3.603
0.001 -1.19029 9.84510 0.9630260468 2.4648327827    0.615  3.177  3.6084  0.435    7  0.000  0.429    60.88    34.21    22.25    17.83    14.46  1  -7.1e-07      0.00 7.330e-01 2.650e-01 1.409e-04 8.838e-05 4.376e-04 -1.000 1.993e-03 -3.174 1.054 -1.499 -2.847 -3.288 -3.537 -3.642
0.001 -1.19029 9.84510 0.9630261064 2.4648327827    0.614  3.172  3.6092  0.443    7  0.000  0.429    59.87    33.72    21.94    17.58    14.26  1 -6.98e-07      0.00 7.330e-01 2.650e-01 1.409e-04 8.841e-05 4.375e-04 -1.000 1.990e-03 -3.160 1.048 -1.500 -2.840 -3.277 -3.525 -3.629
0.001 -1.19029 9.84510 0.9630261660 2.4648327827    0.612  3.161  3.6104  0.457    7  0.000  0.429    58.05    32.85    21.40    17.14    13.90  1  -6.7e-07      0.00 7.330e-01 2.650e-01 1.409e-04 8.842e-05 4.375e-04 -1.000 1.990e-03 -3.134 1.041 -1.497 -2.824 -3.256 -3.501 -3.604
0.001 -1.19029 9.84510 0.9630262256 2.4648327827    0.611  3.173  3.6095  0.441    7  0.000  0.429    60.04    33.78    21.98    17.62    14.29  1 -7.09e-07      0.00 7.330e-01 2.650e-01 1.409e-04 8.842e-05 4.375e-04 -1.000 1.990e-03 -3.162 1.041 -1.506 -2.845 -3.281 -3.528 -3.632
0.001 -1.19029 9.84510 0.9630262852 2.4648327827    0.610  3.162  3.6107  0.456    7  0.000  0.429    58.12    32.87    21.41    17.16    13.91  1 -6.79e-07      0.00 7.330e-01 2.650e-01 1.409e-04 8.843e-05 4.375e-04 -1.000 1.990e-03 -3.135 1.034 -1.502 -2.828 -3.258 -3.503 -3.606
0.001 -1.19029 9.84510 0.9630263448 2.4648327827    0.610  3.158  3.6111  0.461    7  0.000  0.429    57.47    32.56    21.22    17.00    13.78  1 -6.68e-07      0.00 7.330e-01 2.650e-01 1.409e-04 8.843e-05 4.375e-04 -1.000 1.990e-03 -3.125 1.031 -1.500 -2.821 -3.250 -3.494 -3.596
0.001 -1.19029 9.84510 0.9630264044 2.4648327827    0.608  3.159  3.6113  0.460    7  0.000  0.429    57.60    32.61    21.25    17.03    13.80  1 -6.75e-07      0.00 7.330e-01 2.650e-01 1.409e-04 8.844e-05 4.375e-04 -1.000 1.990e-03 -3.128 1.027 -1.504 -2.824 -3.253 -3.496 -3.599
0.001 -1.19029 9.84510 0.9630268216 2.4648330212    0.601  3.163  3.6121  0.454    7  0.000  0.429    58.23    32.87    21.40    17.16    13.91  1 -7.13e-07      0.00 7.330e-01 2.650e-01 1.409e-04 8.847e-05 4.375e-04 -1.000 1.990e-03 -3.138 1.005 -1.522 -2.840 -3.267 -3.508 -3.610
0.001 -1.19029 9.84510 0.9630271196 2.4648330212    0.596  3.170  3.6124  0.445    7  0.000  0.429    59.35    33.36    21.70    17.41    14.11  1 -7.54e-07      0.00 7.330e-01 2.650e-01 1.409e-04 8.849e-05 4.375e-04 -1.000 1.990e-03 -3.154 0.990 -1.538 -2.858 -3.284 -3.526 -3.628
0.001 -1.19029 9.84510 0.9630273581 2.4648330212    0.592  3.175  3.6125  0.437    7  0.000  0.429    60.24    33.75    21.94    17.61    14.27  1 -7.87e-07      0.00 7.330e-01 2.650e-01 1.409e-04 8.851e-05 4.375e-04 -1.000 1.990e-03 -3.168 0.979 -1.550 -2.871 -3.298 -3.540 -3.642
0.001 -1.19029 9.84510 0.9630276561 2.4648332596    0.586  3.182  3.6128  0.427    7  0.000  0.429    61.51    34.31    22.28    17.89    14.50  1 -8.36e-07      0.00 7.330e-01 2.650e-01 1.409e-04 8.854e-05 4.375e-04 -1.000 1.990e-03 -3.186 0.964 -1.568 -2.891 -3.318 -3.559 -3.661
0.001 -1.19029 9.84510 0.9630279541 2.4648332596    0.581  3.189  3.6131  0.418    7  0.000  0.429    62.65    34.80    22.58    18.14    14.71  1 -8.84e-07      0.00 7.330e-01 2.650e-01 1.409e-04 8.856e-05 4.375e-04 -1.000 1.990e-03 -3.202 0.950 -1.584 -2.908 -3.335 -3.576 -3.678
0.001 -1.19029 9.84510 0.9630283713 2.4648332596    0.574  3.196  3.6137  0.408    7  0.000  0.429    63.94    35.34    22.91    18.42    14.93  1 -9.47e-07      0.00 7.330e-01 2.650e-01 1.409e-04 8.859e-05 4.375e-04 -1.000 1.990e-03 -3.220 0.929 -1.605 -2.929 -3.355 -3.596 -3.697
0.001 -1.19029 9.84510 0.9630289078 2.4648334980    0.561  3.206  3.6206  0.416    7  0.000  0.429    62.57    34.61    22.45    18.06    14.63  0 -1.05e-06      0.00 7.330e-01 2.650e-01 1.408e-04 8.861e-05 4.375e-04 -1.000 1.990e-03 -3.244 0.763 -1.725 -3.002 -3.407 -3.633 -3.729
0.001 -1.19029 9.84510 0.9630294442 2.4648334980    0.548  3.214  3.6288  0.430    7  0.000  0.429    60.52    33.56    21.78    17.53    14.20  0 -1.16e-06      0.00 7.330e-01 2.650e-01 1.408e-04 8.863e-05 4.375e-04 -1.000 1.990e-03 -3.266 0.561 -1.854 -3.076 -3.456 -3.666 -3.756
0.001 -1.19029 9.84510 0.9630297422 2.4648337364    0.536  3.259  3.6481  0.452    7  0.000  0.428    57.43    32.03    20.83    16.76    13.58  0 -1.42e-06      0.00 7.329e-01 2.651e-01 1.402e-04 8.960e-05 4.370e-04 -1.000 1.990e-03 -3.378 0.010 -2.196 -3.295 -3.626 -3.800 -3.876
0.001 -1.19029 9.84510 1.0934826136 2.4905769825    0.546 -9.999  3.7997  7.944    9  0.546  0.000     0.00     0.00     0.00     0.00     0.00 -1    -1e-30      0.00 7.277e-01 2.714e-01 1.348e-04 1.063e-04 4.391e-04 -1.000 9.460e-04 29.767 31.253 31.506 31.985 32.304 32.528 32.667
#isochrone terminated
