# File generated by CMD 3.6 (http://stev.oapd.inaf.it/cmd) on Thu Apr 21 18:03:27 CEST 2022
# isochrones based on PARSEC release v1.2S +  COLIBRI S_37 + S_35 + PR16
# Basic references: Bressan et al. (2012), MNRAS, 427, 127 + Chen et al. (2014, 2015), MNRAS, 444, 2525 + MNRAS, 452, 1068 + Tang et al. (2014), MNRAS, 445, 4287 + Marigo et al. (2017), ApJ, 835, 77 + Pastorelli al. (2019), MNRAS, 485, 5666 + Pastorelli al. (2020), MNRAS, in press
# Thermal pulse cycles included 
# On RGB, assumed Reimers mass loss with efficiency eta=0.2
# LPV periods and growth rates added cf. Trabucchi et al. (2019)
# but fundamental-mode LPV periods are from Trabucchi et al. (2021)
# Photometric system: DECAM (ABmags)
# Using YBC version of bolometric corrections as in Chen et al. (2019)
# O-rich circumstellar dpmod60alox40 dust from Groenewegen (2006)
# C-rich circumstellar AMCSIC15 dust from Groenewegen (2006)
# IMF: Kroupa (2001, 2002) + Kroupa et al. (2013) canonical two-part-power law IMF corrected for unresolved binaries 
# Kind of output: isochrone tables
# Zini     MH   logAge Mini        int_IMF         Mass   logL    logTe  logg  label   McoreTP C_O  period0  period1  period2  period3  period4  pmode  Mloss  tau1m   X   Y   Xc  Xn  Xo  Cexcess  Z 	 mbolmag  umag    gmag    rmag    imag    zmag    Ymag
0.001 -1.19029 9.95424 0.0900000036 1.0816895962    0.090 -3.213  3.4565  5.384    1  0.000  0.545     0.00     0.00     0.00     0.00     0.00 -1 -5.22e-17      0.00 7.473e-01 2.517e-01 1.798e-04 4.851e-05 4.400e-04 -1.000 1.000e-03 12.803 18.022 16.760 14.896 12.868 12.191 12.062
0.001 -1.19029 9.95424 0.0986458510 1.1596941948    0.099 -2.991  3.4882  5.328    1  0.000  0.545     0.00     0.00     0.00     0.00     0.00 -1 -8.85e-17      0.00 7.463e-01 2.527e-01 1.798e-04 4.851e-05 4.400e-04 -1.000 1.000e-03 12.248 17.352 15.486 13.678 12.191 11.666 11.545
0.001 -1.19029 9.95424 0.1000000015 1.1711064577    0.100 -2.958  3.4930  5.320    1  0.000  0.545     0.00     0.00     0.00     0.00     0.00 -1 -9.58e-17      0.00 7.462e-01 2.528e-01 1.798e-04 4.851e-05 4.400e-04 -1.000 1.000e-03 12.166 17.235 15.304 13.510 12.094 11.589 11.468
0.001 -1.19029 9.95424 0.1065359935 1.2234945297    0.107 -2.860  3.5043  5.294    1  0.000  0.545     0.00     0.00     0.00     0.00     0.00 -1  -1.2e-16      0.00 7.456e-01 2.534e-01 1.798e-04 4.851e-05 4.400e-04 -1.000 1.000e-03 11.919 16.884 14.827 13.073 11.818 11.355 11.237
0.001 -1.19029 9.95424 0.1199999973 1.3193154335    0.120 -2.675  3.5257  5.247    1  0.000  0.545     0.00     0.00     0.00     0.00     0.00 -1 -1.83e-16      0.00 7.445e-01 2.545e-01 1.798e-04 4.851e-05 4.400e-04 -1.000 1.000e-03 11.456 16.147 13.964 12.300 11.307 10.914 10.802
0.001 -1.19029 9.95424 0.1400000006 1.4384527206    0.140 -2.494  3.5420  5.198    1  0.000  0.545     0.00     0.00     0.00     0.00     0.00 -1 -2.72e-16      0.00 7.432e-01 2.558e-01 1.798e-04 4.851e-05 4.400e-04 -1.000 1.000e-03 11.004 15.431 13.244 11.659 10.826 10.476 10.369
0.001 -1.19029 9.95424 0.1599999964 1.5372931957    0.160 -2.355  3.5524  5.159    1  0.000  0.545     0.00     0.00     0.00     0.00     0.00 -1 -3.65e-16      0.00 7.422e-01 2.568e-01 1.798e-04 4.851e-05 4.400e-04 -1.000 1.000e-03 10.658 14.902 12.742 11.210 10.466 10.140 10.037
0.001 -1.19029 9.95424 0.2000000179 1.6938792467    0.200 -2.138  3.5666  5.095    1  0.000  0.545     0.00     0.00     0.00     0.00     0.00 -1 -5.81e-16      0.00 7.409e-01 2.581e-01 1.798e-04 4.851e-05 4.400e-04 -1.000 1.000e-03 10.114 14.093 11.999 10.542 9.906 9.609 9.511
0.001 -1.19029 9.95424 0.2500000000 1.8403258324    0.250 -1.932  3.5779  5.032    1  0.000  0.545     0.00     0.00     0.00     0.00     0.00 -1 -8.11e-16      0.00 7.404e-01 2.586e-01 1.798e-04 4.851e-05 4.400e-04 -1.000 1.000e-03 9.601 13.373 11.341 9.949 9.383 9.107 9.014
0.001 -1.19029 9.95424 0.3000000417 1.9529141188    0.300 -1.774  3.5863  4.986    1  0.000  0.545     0.00     0.00     0.00     0.00     0.00 -1 -1.24e-15      0.00 7.405e-01 2.585e-01 1.798e-04 4.851e-05 4.400e-04 -1.000 1.000e-03 9.205 12.820 10.844 9.505 8.981 8.719 8.630
0.001 -1.19029 9.95424 0.3499999940 2.0434174538    0.350 -1.645  3.5934  4.953    1  0.000  0.545     0.00     0.00     0.00     0.00     0.00 -1 -1.61e-15      0.00 7.483e-01 2.507e-01 1.798e-04 4.851e-05 4.400e-04 -1.000 1.000e-03 8.883 12.373 10.440 9.146 8.653 8.403 8.317
0.001 -1.19029 9.95424 0.4000000060 2.1185026169    0.400 -1.496  3.6043  4.906    1  0.000  0.545     0.00     0.00     0.00     0.00     0.00 -1 -2.23e-15      0.00 7.489e-01 2.501e-01 1.798e-04 4.851e-05 4.400e-04 -1.000 1.000e-03 8.511 11.821 9.950 8.727 8.273 8.041 7.960
0.001 -1.19029 9.95424 0.4500000179 2.1822810173    0.450 -1.322  3.6212  4.850    1  0.000  0.545     0.00     0.00     0.00     0.00     0.00 -1 -3.35e-15      0.00 7.489e-01 2.501e-01 1.798e-04 4.851e-05 4.400e-04 -1.000 1.000e-03 8.076 11.128 9.341 8.229 7.829 7.622 7.550
0.001 -1.19029 9.95424 0.5000000000 2.2374541759    0.500 -1.123  3.6488  4.807    1  0.000  0.545     0.00     0.00     0.00     0.00     0.00 -1 -5.28e-15      0.00 7.489e-01 2.501e-01 1.798e-04 4.851e-05 4.400e-04 -1.000 1.000e-03 7.578 10.229 8.575 7.642 7.323 7.159 7.099
0.001 -1.19029 9.95424 0.5500000715 2.2836585045    0.550 -0.911  3.6793  4.758    1  0.000  0.545     0.00     0.00     0.00     0.00     0.00 -1 -8.67e-15      0.00 7.750e-01 2.241e-01 1.624e-04 4.383e-05 3.976e-04 -1.000 9.001e-04 7.048 9.198 7.776 7.033 6.789 6.670 6.626
0.001 -1.19029 9.95424 0.6000000238 2.3211214542    0.600 -0.716  3.7062  4.709    1  0.000  0.544     0.00     0.00     0.00     0.00     0.00 -1 -1.38e-14      0.00 7.821e-01 2.171e-01 1.579e-04 4.263e-05 3.869e-04 -1.000 8.295e-04 6.561 8.277 7.111 6.501 6.307 6.222 6.193
0.001 -1.19029 9.95424 0.6161922216 2.3317651749    0.616 -0.652  3.7161  4.696    1  0.000  0.544     0.00     0.00     0.00     0.00     0.00 -1  -1.6e-14      0.00 7.846e-01 2.146e-01 1.563e-04 4.221e-05 3.831e-04 -1.000 8.249e-04 6.399 7.979 6.900 6.330 6.152 6.079 6.056
0.001 -1.19029 9.95424 0.6340360045 2.3427736759    0.634 -0.581  3.7268  4.680    1  0.000  0.544     0.00     0.00     0.00     0.00     0.00 -1 -1.89e-14      0.00 7.875e-01 2.116e-01 1.545e-04 4.172e-05 3.787e-04 -1.000 8.869e-04 6.223 7.665 6.674 6.147 5.986 5.925 5.908
0.001 -1.19029 9.95424 0.6499999762 2.3520355225    0.650 -0.518  3.7363  4.666    1  0.000  0.544     0.00     0.00     0.00     0.00     0.00 -1 -2.19e-14      0.00 7.902e-01 2.089e-01 1.528e-04 4.127e-05 3.747e-04 -1.000 9.001e-04 6.065 7.400 6.480 5.987 5.839 5.789 5.776
0.001 -1.19029 9.95424 0.6533795595 2.3539295197    0.653 -0.505  3.7381  4.662    1  0.000  0.544     0.00     0.00     0.00     0.00     0.00 -1 -2.26e-14      0.00 7.909e-01 2.082e-01 1.523e-04 4.115e-05 3.736e-04 -1.000 8.983e-04 6.032 7.347 6.440 5.954 5.809 5.759 5.748
0.001 -1.19029 9.95424 0.6725171208 2.3642435074    0.672 -0.430  3.7483  4.640    1  0.000  0.543     0.00     0.00     0.00     0.00     0.00 -1 -2.72e-14      0.00 7.949e-01 2.042e-01 1.498e-04 4.047e-05 3.675e-04 -1.000 8.755e-04 5.844 7.052 6.215 5.767 5.638 5.599 5.592
0.001 -1.19029 9.95424 0.6895570159 2.3728752136    0.689 -0.362  3.7570  4.619    1  0.000  0.543     0.00     0.00     0.00     0.00     0.00 -1 -3.21e-14      0.00 7.989e-01 2.003e-01 1.473e-04 3.982e-05 3.617e-04 -1.000 8.297e-04 5.676 6.798 6.018 5.603 5.488 5.459 5.456
0.001 -1.19029 9.95424 0.6999999881 2.3779268265    0.700 -0.321  3.7622  4.605    1  0.000  0.543     0.00     0.00     0.00     0.00     0.00 -1 -3.57e-14      0.00 8.014e-01 1.978e-01 1.457e-04 3.939e-05 3.579e-04 -1.000 8.000e-04 5.573 6.647 5.899 5.503 5.396 5.373 5.371
0.001 -1.19029 9.95424 0.7074685097 2.3814346790    0.707 -0.291  3.7658  4.594    1  0.000  0.541     0.00     0.00     0.00     0.00     0.00 -1 -3.85e-14      0.00 8.036e-01 1.956e-01 1.440e-04 3.901e-05 3.545e-04 -1.000 8.000e-04 5.498 6.543 5.814 5.432 5.330 5.310 5.310
0.001 -1.19029 9.95424 0.7191184759 2.3867394924    0.719 -0.244  3.7713  4.576    1  0.000  0.539     0.00     0.00     0.00     0.00     0.00 -1 -4.35e-14      0.00 8.073e-01 1.919e-01 1.412e-04 3.838e-05 3.490e-04 -1.000 8.000e-04 5.379 6.380 5.681 5.319 5.225 5.210 5.213
0.001 -1.19029 9.95424 0.7302415371 2.3916232586    0.730 -0.198  3.7763  4.556    1  0.000  0.538     0.00     0.00     0.00     0.00     0.00 -1  -4.9e-14      0.00 8.111e-01 1.881e-01 1.385e-04 3.774e-05 3.433e-04 -1.000 8.000e-04 5.265 6.226 5.554 5.209 5.123 5.114 5.119
0.001 -1.19029 9.95424 0.7408752441 2.3961348534    0.741 -0.154  3.7809  4.537    1  0.000  0.536     0.00     0.00     0.00     0.00     0.00 -1 -5.51e-14      0.00 8.149e-01 1.843e-01 1.356e-04 3.708e-05 3.375e-04 -1.000 7.744e-04 5.154 6.081 5.431 5.103 5.024 5.020 5.026
0.001 -1.19029 9.95424 0.7500000000 2.3998889923    0.750 -0.115  3.7847  4.518    1  0.000  0.534     0.00     0.00     0.00     0.00     0.00 -1 -6.11e-14      0.00 8.184e-01 1.809e-01 1.331e-04 3.649e-05 3.323e-04 -1.000 7.317e-04 5.057 5.961 5.325 5.011 4.938 4.937 4.944
0.001 -1.19029 9.95424 0.7589116096 2.4034554958    0.759 -0.076  3.7879  4.498    1  0.000  0.534     0.00     0.00     0.00     0.00     0.00 -1  -6.8e-14      0.00 8.230e-01 1.763e-01 1.304e-04 3.575e-05 3.257e-04 -1.000 7.000e-04 4.961 5.846 5.222 4.919 4.851 4.853 4.861
0.001 -1.19029 9.95424 0.7701827288 2.4078307152    0.770 -0.026  3.7918  4.470    1  0.000  0.533     0.00     0.00     0.00     0.00     0.00 -1 -7.82e-14      0.00 8.287e-01 1.706e-01 1.271e-04 3.486e-05 3.178e-04 -1.000 7.000e-04 4.836 5.698 5.088 4.799 4.737 4.742 4.752
0.001 -1.19029 9.95424 0.7809109092 2.4118604660    0.780  0.023  3.7954  4.441    1  0.000  0.533     0.00     0.00     0.00     0.00     0.00 -1 -8.98e-14      0.00 8.339e-01 1.654e-01 1.242e-04 3.408e-05 3.108e-04 -1.000 7.000e-04 4.714 5.555 4.956 4.680 4.624 4.633 4.644
0.001 -1.19029 9.95424 0.7910870910 2.4155671597    0.790  0.071  3.7988  4.412    1  0.000  0.532     0.00     0.00     0.00     0.00     0.00 -1 -1.03e-13      0.00 8.385e-01 1.608e-01 1.217e-04 3.342e-05 3.049e-04 -1.000 7.000e-04 4.592 5.415 4.826 4.563 4.512 4.524 4.536
0.001 -1.19029 9.95424 0.8000000119 2.4187245369    0.799  0.115  3.8016  4.384    1  0.000  0.531     0.00     0.00     0.00     0.00     0.00 -1 -1.17e-13      0.00 8.423e-01 1.570e-01 1.197e-04 3.290e-05 3.004e-04 -1.000 7.000e-04 4.482 5.289 4.708 4.455 4.408 4.424 4.436
0.001 -1.19029 9.95424 0.8085319996 2.4216721058    0.808  0.160  3.8045  4.355    1  0.000  0.531     0.00     0.00     0.00     0.00     0.00 -1 -1.34e-13      0.00 8.431e-01 1.561e-01 1.198e-04 3.294e-05 3.009e-04 -1.000 7.046e-04 4.370 5.164 4.589 4.346 4.304 4.322 4.336
0.001 -1.19029 9.95424 0.8170005083 2.4245281219    0.816  0.206  3.8072  4.324    1  0.000  0.531     0.00     0.00     0.00     0.00     0.00 -1 -1.53e-13      0.00 8.439e-01 1.553e-01 1.200e-04 3.300e-05 3.015e-04 -1.000 7.159e-04 4.254 5.035 4.466 4.233 4.195 4.216 4.230
0.001 -1.19029 9.95424 0.8250802755 2.4271900654    0.824  0.253  3.8096  4.292    1  0.000  0.530     0.00     0.00     0.00     0.00     0.00 -1 -1.76e-13      0.00 8.446e-01 1.547e-01 1.202e-04 3.306e-05 3.021e-04 -1.000 7.127e-04 4.139 4.908 4.343 4.119 4.086 4.108 4.124
0.001 -1.19029 9.95424 0.8325232267 2.4295897484    0.831  0.297  3.8115  4.259    1  0.000  0.530     0.00     0.00     0.00     0.00     0.00 -1 -2.01e-13      0.00 8.450e-01 1.543e-01 1.204e-04 3.314e-05 3.029e-04 -1.000 7.000e-04 4.028 4.789 4.227 4.010 3.980 4.004 4.020
0.001 -1.19029 9.95424 0.8419786096 2.4325678349    0.841  0.356  3.8133  4.212    1  0.000  0.530     0.00     0.00     0.00     0.00     0.00 -1 -2.42e-13      0.00 8.448e-01 1.545e-01 1.211e-04 3.335e-05 3.049e-04 -1.000 7.000e-04 3.880 4.632 4.072 3.863 3.836 3.862 3.878
0.001 -1.19029 9.95424 0.8493872881 2.4348483086    0.848  0.406  3.8142  4.169    1  0.000  0.530     0.00     0.00     0.00     0.00     0.00 -1 -2.86e-13      0.00 8.434e-01 1.559e-01 1.224e-04 3.370e-05 3.081e-04 -1.000 7.000e-04 3.755 4.502 3.943 3.738 3.713 3.739 3.756
0.001 -1.19029 9.95424 0.8496141434 2.4349174500    0.848  0.408  3.8142  4.168    1  0.000  0.530     0.00     0.00     0.00     0.00     0.00 -1 -2.88e-13      0.00 8.434e-01 1.559e-01 1.224e-04 3.371e-05 3.082e-04 -1.000 7.000e-04 3.751 4.498 3.939 3.734 3.709 3.736 3.752
0.001 -1.19029 9.95424 0.8500000238 2.4350347519    0.849  0.411  3.8142  4.165    1  0.000  0.530     0.00     0.00     0.00     0.00     0.00 -1  -2.9e-13      0.00 8.433e-01 1.560e-01 1.225e-04 3.373e-05 3.084e-04 -1.000 6.999e-04 3.744 4.491 3.932 3.726 3.701 3.728 3.744
0.001 -1.19029 9.95424 0.8529132605 2.4359176159    0.852  0.433  3.8140  4.144    1  0.000  0.530     0.00     0.00     0.00     0.00     0.00 -1 -3.11e-13      0.00 8.425e-01 1.568e-01 1.231e-04 3.388e-05 3.098e-04 -1.000 7.060e-04 3.688 4.435 3.876 3.671 3.645 3.672 3.688
0.001 -1.19029 9.95424 0.8596057296 2.4379193783    0.858  0.487  3.8126  4.087    1  0.000  0.530     0.00     0.00     0.00     0.00     0.00 -1 -3.73e-13      0.00 8.405e-01 1.588e-01 1.243e-04 3.423e-05 3.129e-04 -1.000 7.197e-04 3.552 4.303 3.740 3.532 3.506 3.531 3.547
0.001 -1.19029 9.95424 0.8652424812 2.4395778179    0.864  0.538  3.8096  4.027    1  0.000  0.530     0.00     0.00     0.00     0.00     0.00 -1 -4.49e-13      0.00 8.389e-01 1.604e-01 1.254e-04 3.451e-05 3.155e-04 -1.000 7.311e-04 3.425 4.186 3.618 3.401 3.370 3.393 3.407
0.001 -1.19029 9.95424 0.8663276434 2.4398941994    0.865  0.548  3.8089  4.014    1  0.000  0.530     0.00     0.00     0.00     0.00     0.00 -1 -4.66e-13      0.00 8.386e-01 1.607e-01 1.256e-04 3.457e-05 3.160e-04 -1.000 7.333e-04 3.399 4.163 3.594 3.375 3.343 3.365 3.379
0.001 -1.19029 9.95424 0.8672701120 2.4401683807    0.866  0.558  3.8079  4.001    2  0.000  0.530     0.00     0.00     0.00     0.00     0.00 -1 -4.86e-13      0.00 8.383e-01 1.609e-01 1.257e-04 3.462e-05 3.164e-04 -1.000 7.352e-04 3.375 4.143 3.571 3.349 3.316 3.337 3.351
0.001 -1.19029 9.95424 0.8710892797 2.4412720203    0.869  0.602  3.8016  3.934    2  0.000  0.530     0.00     0.00     0.00     0.00     0.00 -1 -5.76e-13      0.00 8.373e-01 1.620e-01 1.264e-04 3.481e-05 3.182e-04 -1.000 7.429e-04 3.266 4.060 3.475 3.234 3.191 3.206 3.218
0.001 -1.19029 9.95424 0.8737891316 2.4420456886    0.872  0.636  3.7938  3.870    2  0.000  0.530     0.00     0.00     0.00     0.00     0.00 -1 -6.71e-13      0.00 8.365e-01 1.628e-01 1.269e-04 3.495e-05 3.194e-04 -1.000 7.483e-04 3.180 4.010 3.407 3.140 3.086 3.094 3.103
0.001 -1.19029 9.95424 0.8757647872 2.4426081181    0.874  0.663  3.7850  3.809    2  0.000  0.530     0.00     0.00     0.00     0.00     0.00 -1 -7.65e-13      0.00 8.325e-01 1.667e-01 1.294e-04 3.561e-05 3.254e-04 -1.000 7.518e-04 3.113 3.991 3.363 3.067 2.999 2.998 3.004
0.001 -1.19029 9.95424 0.8772872090 2.4430396557    0.875  0.682  3.7755  3.752    2  0.000  0.532     0.00     0.00     0.00     0.00     0.00 -1 -8.53e-13      0.00 8.147e-01 1.845e-01 1.397e-04 3.836e-05 3.501e-04 -1.000 7.451e-04 3.065 4.001 3.341 3.012 2.930 2.919 2.922
0.001 -1.19029 9.95424 0.8785435557 2.4433944225    0.876  0.697  3.7662  3.701    2  0.000  0.534     0.00     0.00     0.00     0.00     0.00 -1 -9.37e-13      0.00 7.919e-01 2.073e-01 1.526e-04 4.183e-05 3.810e-04 -1.000 8.201e-04 3.028 4.027 3.330 2.970 2.873 2.853 2.852
0.001 -1.19029 9.95424 0.8796807528 2.4437146187    0.878  0.714  3.7569  3.647    2  0.000  0.536     0.00     0.00     0.00     0.00     0.00 -1 -1.04e-12      0.00 7.767e-01 2.224e-01 1.612e-04 4.412e-05 4.014e-04 -1.000 9.013e-04 2.984 4.054 3.316 2.923 2.812 2.782 2.778
0.001 -1.19029 9.95424 0.8807078600 2.4440031052    0.879  0.741  3.7489  3.588    2  0.000  0.536     0.00     0.00     0.00     0.00     0.00 -1 -1.18e-12      0.00 7.687e-01 2.303e-01 1.657e-04 4.531e-05 4.119e-04 -1.000 9.594e-04 2.917 4.050 3.276 2.854 2.731 2.693 2.685
0.001 -1.19029 9.95424 0.8816527724 2.4442675114    0.879  0.780  3.7427  3.525    2  0.000  0.537     0.00     0.00     0.00     0.00     0.00 -1 -1.38e-12      0.00 7.641e-01 2.350e-01 1.682e-04 4.598e-05 4.179e-04 -1.000 9.772e-04 2.820 4.003 3.200 2.758 2.625 2.581 2.570
0.001 -1.19029 9.95424 0.8821780682 2.4444143772    0.880  0.807  3.7398  3.487    2  0.000  0.537     0.00     0.00     0.00     0.00     0.00 -1 -1.54e-12      0.00 7.620e-01 2.370e-01 1.692e-04 4.626e-05 4.203e-04 -1.000 9.350e-04 2.753 3.960 3.144 2.692 2.555 2.507 2.495
0.001 -1.19029 9.95424 0.8824149370 2.4444806576    0.880  0.822  3.7388  3.468    2  0.000  0.537     0.00     0.00     0.00     0.00     0.00 -1 -1.63e-12      0.00 7.612e-01 2.378e-01 1.696e-04 4.635e-05 4.212e-04 -1.000 9.485e-04 2.716 3.932 3.111 2.656 2.516 2.468 2.455
0.001 -1.19029 9.95424 0.8830420971 2.4446554184    0.881  0.863  3.7363  3.417    3  0.000  0.537     0.00     0.00     0.00     0.00     0.00 -1 -1.89e-12      0.00 7.591e-01 2.399e-01 1.704e-04 4.657e-05 4.232e-04 -1.000 9.732e-04 2.613 3.853 3.018 2.555 2.411 2.360 2.346
0.001 -1.19029 9.95424 0.8836486936 2.4448244572    0.881  0.906  3.7341  3.366    3  0.000  0.537     0.00     0.00     0.00     0.00     0.00 -1 -2.21e-12      0.00 7.571e-01 2.419e-01 1.710e-04 4.675e-05 4.248e-04 -1.000 9.748e-04 2.505 3.765 2.918 2.448 2.301 2.247 2.232
0.001 -1.19029 9.95424 0.8842343092 2.4449870586    0.882  0.951  3.7322  3.313    3  0.000  0.537     0.00     0.00     0.00     0.00     0.00 -1 -2.61e-12      0.00 7.551e-01 2.439e-01 1.715e-04 4.691e-05 4.261e-04 -1.000 9.949e-04 2.392 3.668 2.811 2.335 2.186 2.129 2.113
0.001 -1.19029 9.95424 0.8848409653 2.4451556206    0.882  1.002  3.7302  3.254    3  0.000  0.536     0.00     0.00     0.00     0.00     0.00 -1 -3.14e-12      0.00 7.530e-01 2.461e-01 1.717e-04 4.712e-05 4.272e-04 -1.000 9.703e-04 2.264 3.557 2.691 2.209 2.057 1.998 1.981
0.001 -1.19029 9.95424 0.8853477836 2.4452960491    0.883  1.048  3.7286  3.202    3  0.000  0.534     0.00     0.00     0.00     0.00     0.00 -1  -3.7e-12      0.00 7.510e-01 2.480e-01 1.713e-04 4.752e-05 4.281e-04 -1.000 9.773e-04 2.149 3.457 2.582 2.096 1.941 1.880 1.862
0.001 -1.19029 9.95424 0.8858612180 2.4454381466    0.883  1.099  3.7270  3.145    3  0.000  0.529     0.00     0.00     0.00     0.00     0.00 -1 -4.44e-12      0.00 7.489e-01 2.501e-01 1.701e-04 4.847e-05 4.288e-04 -1.000 9.892e-04 2.024 3.346 2.463 1.971 1.814 1.751 1.732
0.001 -1.19029 9.95424 0.8863248229 2.4455664158    0.884  1.148  3.7253  3.090    3  0.000  0.522     0.00     0.00     0.00     0.00     0.00 -1  -5.3e-12      0.00 7.471e-01 2.519e-01 1.682e-04 5.033e-05 4.294e-04 -1.000 9.837e-04 1.900 3.238 2.347 1.850 1.690 1.625 1.606
0.001 -1.19029 9.95424 0.8867722750 2.4456899166    0.884  1.200  3.7236  3.031    3  0.000  0.514     0.00     0.00     0.00     0.00     0.00 -1 -6.38e-12      0.00 7.453e-01 2.537e-01 1.657e-04 5.311e-05 4.299e-04 -1.000 9.896e-04 1.771 3.124 2.224 1.722 1.560 1.493 1.472
0.001 -1.19029 9.95424 0.8871524930 2.4457948208    0.884  1.248  3.7220  2.977    3  0.000  0.506     0.00     0.00     0.00     0.00     0.00 -1 -7.59e-12      0.00 7.439e-01 2.551e-01 1.633e-04 5.593e-05 4.303e-04 -1.000 9.748e-04 1.651 3.019 2.111 1.604 1.439 1.370 1.348
0.001 -1.19029 9.95424 0.8875016570 2.4458909035    0.885  1.296  3.7203  2.922    3  0.000  0.499     0.00     0.00     0.00     0.00     0.00 -1 -9.03e-12      0.00 7.428e-01 2.563e-01 1.612e-04 5.851e-05 4.305e-04 -1.000 9.843e-04 1.531 2.916 1.998 1.484 1.317 1.246 1.223
0.001 -1.19029 9.95424 0.8878211379 2.4459788799    0.885  1.344  3.7185  2.867    3  0.000  0.494     0.00     0.00     0.00     0.00     0.00 -1 -1.07e-11      0.00 7.418e-01 2.572e-01 1.596e-04 6.060e-05 4.307e-04 -1.000 9.999e-04 1.411 2.815 1.886 1.366 1.196 1.123 1.099
0.001 -1.19029 9.95424 0.8881214261 2.4460616112    0.885  1.393  3.7167  2.811    3  0.000  0.490     0.00     0.00     0.00     0.00     0.00 -1 -1.28e-11      0.00 7.411e-01 2.579e-01 1.583e-04 6.216e-05 4.309e-04 -1.000 9.921e-04 1.288 2.712 1.772 1.246 1.072 0.997 0.972
0.001 -1.19029 9.95424 0.8883745670 2.4461312294    0.885  1.438  3.7149  2.759    3  0.000  0.487     0.00     0.00     0.00     0.00     0.00 -1 -1.51e-11      0.00 7.407e-01 2.584e-01 1.575e-04 6.322e-05 4.310e-04 -1.000 9.665e-04 1.176 2.619 1.667 1.135 0.959 0.881 0.855
0.001 -1.19029 9.95424 0.8886182308 2.4461979866    0.885  1.485  3.7131  2.704    3  0.000  0.485     0.00     0.00     0.00     0.00     0.00 -1 -1.79e-11      0.00 7.403e-01 2.588e-01 1.568e-04 6.404e-05 4.311e-04 -1.000 9.562e-04 1.057 2.521 1.558 1.019 0.839 0.759 0.733
0.001 -1.19029 9.95424 0.8888444901 2.4462602139    0.885  1.533  3.7111  2.649    3  0.000  0.484     0.00     0.00     0.00     0.00     0.00 -1 -2.14e-11      0.00 7.400e-01 2.590e-01 1.564e-04 6.457e-05 4.311e-04 -1.000 9.849e-04 0.938 2.423 1.448 0.902 0.719 0.637 0.609
0.001 -1.19029 9.95424 0.8890476227 2.4463160038    0.885  1.579  3.7091  2.594    3  0.000  0.483     0.00     0.00     0.00     0.00     0.00 -1 -2.53e-11      0.00 7.399e-01 2.591e-01 1.563e-04 6.474e-05 4.311e-04 -1.000 1.000e-03 0.821 2.329 1.341 0.788 0.602 0.516 0.487
0.001 -1.19029 9.95424 0.8892342448 2.4463672638    0.885  1.626  3.7071  2.539    3  0.000  0.483     0.00     0.00     0.00     0.00     0.00 -1    -3e-11      0.00 7.399e-01 2.591e-01 1.563e-04 6.478e-05 4.311e-04 -1.000 1.000e-03 0.705 2.236 1.235 0.675 0.485 0.397 0.367
0.001 -1.19029 9.95424 0.8893948197 2.4464111328    0.885  1.669  3.7051  2.488    3  0.000  0.483     0.00     0.00     0.00     0.00     0.00 -1 -3.52e-11      0.00 7.399e-01 2.591e-01 1.562e-04 6.481e-05 4.311e-04 -1.000 1.000e-03 0.596 2.151 1.137 0.569 0.375 0.285 0.254
0.001 -1.19029 9.95424 0.8895514011 2.4464540482    0.885  1.715  3.7030  2.434    3  0.000  0.483     0.00     0.00     0.00     0.00     0.00 -1 -4.17e-11      0.00 7.399e-01 2.591e-01 1.562e-04 6.483e-05 4.312e-04 -1.000 1.000e-03 0.481 2.064 1.033 0.456 0.259 0.166 0.134
0.001 -1.19029 9.95424 0.8896902204 2.4464921951    0.885  1.760  3.7009  2.381    3  0.000  0.483     0.00     0.00     0.00     0.00     0.00 -1  -4.9e-11      0.00 7.398e-01 2.592e-01 1.562e-04 6.486e-05 4.312e-04 -1.000 1.000e-03 0.371 1.982 0.933 0.347 0.146 0.051 0.017
0.001 -1.19029 9.95424 0.8898209929 2.4465279579    0.885  1.805  3.6987  2.327    3  0.000  0.483     0.00     0.00     0.00     0.00     0.00 -1 -5.79e-11      0.00 7.398e-01 2.592e-01 1.562e-04 6.488e-05 4.312e-04 -1.000 1.000e-03 0.258 1.900 0.832 0.237 0.032 -0.066 -0.101
0.001 -1.19029 9.95424 0.8899411559 2.4465608597    0.885  1.849  3.6964  2.273    3  0.000  0.483     0.00     0.00     0.00     0.00     0.00 -1 -6.83e-11      0.00 7.398e-01 2.592e-01 1.562e-04 6.490e-05 4.312e-04 -1.000 1.000e-03 0.146 1.821 0.734 0.128 -0.080 -0.181 -0.217
0.001 -1.19029 9.95424 0.8900493383 2.4465904236    0.885  1.892  3.6943  2.221    3  0.000  0.483     0.00     0.00     0.00     0.00     0.00 -1    -8e-11      0.00 7.398e-01 2.592e-01 1.562e-04 6.492e-05 4.312e-04 -1.000 1.000e-03 0.039 1.745 0.639 0.024 -0.188 -0.292 -0.329
0.001 -1.19029 9.95424 0.8901554942 2.4466195107    0.884  1.936  3.6920  2.168    3  0.000  0.483     0.00     0.00     0.00     0.00     0.00 -1 -9.41e-11      0.00 7.398e-01 2.592e-01 1.562e-04 6.493e-05 4.312e-04 -1.000 1.000e-03 -0.071 1.668 0.543 -0.083 -0.299 -0.406 -0.444
0.001 -1.19029 9.95424 0.8902559876 2.4466469288    0.884  1.975  3.6899  2.122    3  0.000  0.483     0.00     0.00     0.00     0.00     0.00 -1 -1.09e-10      0.00 7.398e-01 2.592e-01 1.561e-04 6.495e-05 4.312e-04 -1.000 1.000e-03 -0.167 1.602 0.459 -0.176 -0.396 -0.505 -0.545
0.001 -1.19029 9.95424 0.8903840780 2.4466819763    0.884  2.013  3.6880  2.075    3  0.000  0.483     0.00     0.00     0.00     0.00     0.00 -1 -1.25e-10      0.00 7.398e-01 2.592e-01 1.561e-04 6.497e-05 4.312e-04 -1.000 1.000e-03 -0.262 1.537 0.376 -0.267 -0.491 -0.603 -0.643
0.001 -1.19029 9.95424 0.8904551864 2.4467015266    0.884  1.990  3.6896  2.105    3  0.000  0.483     0.00     0.00     0.00     0.00     0.00 -1 -1.16e-10      0.00 7.398e-01 2.592e-01 1.561e-04 6.498e-05 4.312e-04 -1.000 1.000e-03 -0.205 1.569 0.422 -0.214 -0.434 -0.544 -0.584
0.001 -1.19029 9.95424 0.8904893398 2.4467108250    0.883  1.979  3.6904  2.119    3  0.000  0.483     0.00     0.00     0.00     0.00     0.00 -1 -1.12e-10      0.00 7.398e-01 2.592e-01 1.561e-04 6.499e-05 4.312e-04 -1.000 1.000e-03 -0.177 1.586 0.446 -0.186 -0.406 -0.514 -0.553
0.001 -1.19029 9.95424 0.8905538917 2.4467284679    0.883  2.014  3.6885  2.076    3  0.000  0.483     0.00     0.00     0.00     0.00     0.00 -1 -1.26e-10      0.00 7.398e-01 2.592e-01 1.561e-04 6.500e-05 4.312e-04 -1.000 1.000e-03 -0.266 1.527 0.369 -0.272 -0.495 -0.606 -0.646
0.001 -1.19029 9.95424 0.8906251788 2.4467477798    0.883  2.055  3.6862  2.026    3  0.000  0.483     0.00     0.00     0.00     0.00     0.00 -1 -1.46e-10      0.00 7.398e-01 2.592e-01 1.561e-04 6.501e-05 4.312e-04 -1.000 1.000e-03 -0.367 1.461 0.283 -0.369 -0.595 -0.710 -0.752
0.001 -1.19029 9.95424 0.8906940222 2.4467666149    0.883  2.096  3.6839  1.975    3  0.000  0.483     0.00     0.00     0.00     0.00     0.00 -1  -1.7e-10      0.00 7.398e-01 2.592e-01 1.561e-04 6.502e-05 4.312e-04 -1.000 1.000e-03 -0.471 1.402 0.195 -0.469 -0.699 -0.817 -0.860
0.001 -1.19029 9.95424 0.8907569051 2.4467837811    0.882  2.137  3.6815  1.925    3  0.000  0.483     0.00     0.00     0.00     0.00     0.00 -1 -1.98e-10      0.00 7.398e-01 2.592e-01 1.561e-04 6.503e-05 4.312e-04 -1.000 1.000e-03 -0.572 1.354 0.111 -0.569 -0.803 -0.923 -0.968
0.001 -1.19029 9.95424 0.8908164501 2.4468002319    0.882  2.178  3.6791  1.874    3  0.000  0.483     0.00     0.00     0.00     0.00     0.00 -1 -2.31e-10      0.00 7.398e-01 2.592e-01 1.561e-04 6.504e-05 4.312e-04 -1.000 1.000e-03 -0.675 1.308 0.026 -0.670 -0.908 -1.030 -1.077
0.001 -1.19029 9.95424 0.8908701539 2.4468147755    0.881  2.218  3.6767  1.824    3  0.000  0.483     0.00     0.00     0.00     0.00     0.00 -1 -2.68e-10      0.00 7.398e-01 2.592e-01 1.561e-04 6.505e-05 4.312e-04 -1.000 1.000e-03 -0.775 1.265 -0.054 -0.768 -1.009 -1.135 -1.183
0.001 -1.19029 9.95424 0.8909200430 2.4468283653    0.881  2.258  3.6742  1.774    3  0.000  0.483     0.00     0.00     0.00     0.00     0.00 -1 -3.12e-10      0.00 7.398e-01 2.592e-01 1.561e-04 6.506e-05 4.312e-04 -1.000 1.000e-03 -0.875 1.226 -0.134 -0.865 -1.111 -1.240 -1.290
0.001 -1.19029 9.95424 0.8909657598 2.4468410015    0.881  2.298  3.6717  1.724    3  0.000  0.483     0.00     0.00     0.00     0.00     0.00 -1 -3.62e-10      0.00 7.398e-01 2.592e-01 1.561e-04 6.507e-05 4.312e-04 -1.000 1.000e-03 -0.974 1.190 -0.212 -0.961 -1.211 -1.343 -1.394
0.001 -1.19029 9.95424 0.8910081983 2.4468524456    0.880  2.337  3.6692  1.674    3  0.000  0.483     0.00     0.00     0.00     0.00     0.00 -1 -4.19e-10      0.00 7.398e-01 2.592e-01 1.561e-04 6.507e-05 4.312e-04 -1.000 1.000e-03 -1.073 1.158 -0.287 -1.056 -1.310 -1.445 -1.498
0.001 -1.19029 9.95424 0.8910467029 2.4468629360    0.879  2.375  3.6668  1.626    3  0.000  0.483     0.00     0.00     0.00     0.00     0.00 -1 -4.84e-10      0.00 7.398e-01 2.592e-01 1.560e-04 6.508e-05 4.312e-04 -1.000 1.000e-03 -1.168 1.131 -0.359 -1.147 -1.406 -1.544 -1.599
0.001 -1.19029 9.95424 0.8910830617 2.4468729496    0.879  2.414  3.6642  1.577    3  0.000  0.483     0.00     0.00     0.00     0.00     0.00 -1  -5.6e-10      0.00 7.398e-01 2.592e-01 1.560e-04 6.509e-05 4.312e-04 -1.000 1.000e-03 -1.265 1.108 -0.429 -1.239 -1.502 -1.643 -1.700
0.001 -1.19029 9.95424 0.8911162019 2.4468820095    0.878  2.451  3.6617  1.529    3  0.000  0.482     0.00     0.00     0.00     0.00     0.00 -1 -6.46e-10      0.00 7.398e-01 2.592e-01 1.560e-04 6.509e-05 4.312e-04 -1.000 1.000e-03 -1.359 1.088 -0.498 -1.328 -1.596 -1.740 -1.799
0.001 -1.19029 9.95424 0.8911468983 2.4468903542    0.877  2.489  3.6592  1.481    3  0.000  0.482     0.00     0.00     0.00     0.00     0.00 -1 -7.43e-10      0.00 7.398e-01 2.592e-01 1.560e-04 6.510e-05 4.312e-04 -1.000 9.999e-04 -1.452 1.074 -0.563 -1.416 -1.688 -1.836 -1.897
0.001 -1.19029 9.95424 0.8911750913 2.4468979836    0.877  2.525  3.6567  1.435    3  0.000  0.482     7.94     6.15     4.36     3.36     2.72  3 -8.52e-10      0.00 7.398e-01 2.592e-01 1.560e-04 6.510e-05 4.312e-04 -1.000 1.000e-03 -1.542 1.061 -0.624 -1.498 -1.776 -1.928 -1.991
0.001 -1.19029 9.95424 0.8912072778 2.4469068050    0.876  2.569  3.6537  1.378    3  0.000  0.482     8.95     6.82     4.80     3.71     3.01  3 -1.01e-09      0.00 7.397e-01 2.593e-01 1.560e-04 6.511e-05 4.312e-04 -1.000 1.000e-03 -1.653 1.038 -0.700 -1.597 -1.883 -2.039 -2.105
0.001 -1.19029 9.95424 0.8912314773 2.4469134808    0.875  2.605  3.6512  1.332    3  0.000  0.482     9.84     7.40     5.20     4.02     3.26  3 -1.15e-09      0.00 7.397e-01 2.593e-01 1.560e-04 6.511e-05 4.312e-04 -1.000 1.000e-03 -1.741 1.020 -0.760 -1.676 -1.968 -2.128 -2.196
0.001 -1.19029 9.95424 0.8912581205 2.4469206333    0.874  2.646  3.6482  1.278    3  0.000  0.482    11.03     8.16     5.70     4.42     3.58  3 -1.35e-09      0.00 7.397e-01 2.593e-01 1.560e-04 6.512e-05 4.312e-04 -1.000 1.000e-03 -1.846 1.005 -0.828 -1.767 -2.067 -2.233 -2.303
0.001 -1.19029 9.95424 0.8912832141 2.4469275475    0.872  2.689  3.6452  1.222    3  0.000  0.482    12.39     9.02     6.28     4.87     3.95  3 -1.59e-09      0.00 7.397e-01 2.593e-01 1.560e-04 6.512e-05 4.312e-04 -1.000 1.000e-03 -1.952 0.988 -0.897 -1.860 -2.168 -2.339 -2.412
0.001 -1.19029 9.95424 0.8913022876 2.4469327927    0.871  2.723  3.6427  1.178    3  0.000  0.482    13.61     9.77     6.78     5.26     4.27  3 -1.81e-09      0.00 7.397e-01 2.593e-01 1.560e-04 6.512e-05 4.312e-04 -1.000 1.000e-03 -2.038 0.975 -0.953 -1.935 -2.249 -2.425 -2.499
0.001 -1.19029 9.95424 0.8913230896 2.4469385147    0.870  2.763  3.6398  1.126    3  0.000  0.482    15.18    10.74     7.41     5.77     4.68  3 -2.11e-09      0.00 7.397e-01 2.593e-01 1.560e-04 6.513e-05 4.312e-04 -1.000 1.000e-03 -2.137 0.964 -1.015 -2.021 -2.343 -2.524 -2.600
0.001 -1.19029 9.95424 0.8913428187 2.4469437599    0.868  2.803  3.6367  1.072    3  0.000  0.482    16.99    11.82     8.13     6.33     5.14  2 -2.47e-09      0.00 7.397e-01 2.593e-01 1.560e-04 6.513e-05 4.312e-04 -1.000 9.999e-04 -2.239 0.956 -1.075 -2.106 -2.437 -2.623 -2.702
0.001 -1.19029 9.95424 0.8913615346 2.4469487667    0.867  2.844  3.6336  1.018    3  0.000  0.482    19.02    13.02     8.91     6.96     5.64  2 -2.89e-09      0.00 7.397e-01 2.593e-01 1.560e-04 6.513e-05 4.312e-04 -1.000 1.000e-03 -2.340 0.949 -1.136 -2.191 -2.531 -2.723 -2.805
0.001 -1.19029 9.95424 0.8913776278 2.4469532967    0.865  2.881  3.6308  0.969    3  0.000  0.482    21.07    14.23     9.70     7.58     6.15  2 -3.33e-09      0.00 7.397e-01 2.593e-01 1.560e-04 6.514e-05 4.312e-04 -1.000 1.000e-03 -2.433 0.947 -1.188 -2.269 -2.617 -2.815 -2.899
0.001 -1.19029 9.95424 0.8913929462 2.4469573498    0.863  2.919  3.6279  0.919    3  0.000  0.482    23.43    15.58    10.57     8.27     6.72  2 -3.86e-09      0.00 7.397e-01 2.593e-01 1.560e-04 6.514e-05 4.312e-04 -1.000 1.000e-03 -2.527 0.952 -1.236 -2.345 -2.703 -2.907 -2.994
0.001 -1.19029 9.95424 0.8914075494 2.4469614029    0.861  2.957  3.6249  0.867    3  0.000  0.482    26.09    17.08    11.55     9.05     7.35  2 -4.47e-09      0.00 7.397e-01 2.593e-01 1.560e-04 6.514e-05 4.312e-04 -1.000 1.000e-03 -2.623 0.957 -1.282 -2.421 -2.790 -3.000 -3.089
0.001 -1.19029 9.95424 0.8914206028 2.4469649792    0.859  2.994  3.6221  0.819    3  0.000  0.482    28.88    18.64    12.55     9.85     7.99  2 -5.15e-09      0.00 7.397e-01 2.593e-01 1.560e-04 6.514e-05 4.312e-04 -1.000 1.000e-03 -2.714 0.959 -1.329 -2.495 -2.873 -3.089 -3.181
0.001 -1.19029 9.95424 0.8914327025 2.4469683170    0.856  3.029  3.6194  0.771    3  0.000  0.482    31.92    20.30    13.62    10.70     8.69  2 -5.92e-09      0.00 7.397e-01 2.593e-01 1.560e-04 6.514e-05 4.312e-04 -1.000 1.000e-03 -2.803 0.962 -1.372 -2.565 -2.953 -3.175 -3.269
0.001 -1.19029 9.95424 0.8914440870 2.4469714165    0.854  3.064  3.6166  0.723    3  0.000  0.482    35.25    22.11    14.77    11.62     9.44  1 -6.78e-09      0.00 7.397e-01 2.593e-01 1.560e-04 6.515e-05 4.312e-04 -1.000 1.000e-03 -2.891 0.967 -1.412 -2.633 -3.032 -3.260 -3.356
0.001 -1.19029 9.95424 0.8914550543 2.4469742775    0.851  3.100  3.6138  0.675    3  0.000  0.482    38.99    24.10    16.03    12.63    10.26  1 -7.79e-09      0.00 7.397e-01 2.593e-01 1.560e-04 6.515e-05 4.312e-04 -1.000 1.000e-03 -2.979 0.971 -1.453 -2.702 -3.112 -3.345 -3.444
0.001 -1.19029 9.95424 0.8914645910 2.4469769001    0.848  3.132  3.6112  0.631    3  0.000  0.482    42.74    26.07    17.28    13.64    11.08  1 -8.85e-09      0.00 7.397e-01 2.593e-01 1.560e-04 6.515e-05 4.312e-04 -1.000 1.000e-03 -3.061 0.973 -1.490 -2.765 -3.184 -3.424 -3.525
0.001 -1.19029 9.95424 0.8914738894 2.4469795227    0.845  3.166  3.6086  0.585    3  0.000  0.482    47.04    28.29    18.69    14.76    12.00  1 -1.01e-08      0.00 7.397e-01 2.593e-01 1.560e-04 6.515e-05 4.312e-04 -1.000 1.000e-03 -3.144 0.975 -1.526 -2.829 -3.259 -3.504 -3.607
0.001 -1.19029 9.95424 0.8914827108 2.4469819069    0.842  3.199  3.6060  0.540    3  0.000  0.482    51.71    30.68    20.19    15.97    12.98  1 -1.15e-08      0.00 7.397e-01 2.593e-01 1.560e-04 6.515e-05 4.312e-04 -1.000 1.000e-03 -3.227 0.974 -1.559 -2.890 -3.331 -3.583 -3.688
0.001 -1.19029 9.95424 0.8914906979 2.4469840527    0.838  3.230  3.6035  0.497    3  0.000  0.482    56.62    33.14    21.73    17.21    13.99  1  -1.3e-08      0.00 7.397e-01 2.593e-01 1.560e-04 6.515e-05 4.312e-04 -1.000 1.000e-03 -3.306 0.973 -1.590 -2.949 -3.400 -3.657 -3.765
0.001 -1.19029 9.95424 0.8914980888 2.4469861984    0.835  3.260  3.6011  0.456    3  0.000  0.482    61.72    35.67    23.31    18.49    15.03  1 -1.47e-08      0.00 7.397e-01 2.593e-01 1.560e-04 6.516e-05 4.312e-04 -1.000 1.000e-03 -3.381 0.970 -1.614 -3.002 -3.465 -3.729 -3.839
0.001 -1.19029 9.95424 0.8915050626 2.4469881058    0.831  3.289  3.5988  0.416    3  0.000  0.482    67.06    38.28    24.94    19.80    16.10  1 -1.64e-08      0.00 7.397e-01 2.593e-01 1.560e-04 6.516e-05 4.312e-04 -1.000 1.000e-03 -3.453 0.965 -1.635 -3.052 -3.527 -3.797 -3.909
0.001 -1.19029 9.95424 0.8915117979 2.4469897747    0.827  3.316  3.5966  0.378    3  0.000  0.482    72.57    40.94    26.58    21.13    17.19  1 -1.84e-08      0.00 7.397e-01 2.593e-01 1.560e-04 6.516e-05 4.312e-04 -1.000 1.000e-03 -3.520 0.962 -1.654 -3.099 -3.585 -3.861 -3.975
0.001 -1.19029 9.95424 0.8915133476 2.4469902515    0.826  3.322  3.5962  0.370    3  0.000  0.482    73.83    41.55    26.96    21.44    17.43  1 -1.89e-08      0.00 7.397e-01 2.593e-01 1.560e-04 6.516e-05 4.312e-04 -1.000 1.000e-03 -3.535 0.961 -1.658 -3.109 -3.598 -3.875 -3.989
0.001 -1.19029 9.95424 0.8915133476 2.4469902515    0.826  1.771  3.7354  2.477    4  0.000  0.509     0.00     0.00     0.00     0.00     0.00 -1    -1e-30      0.00 7.380e-01 2.610e-01 1.668e-04 5.603e-05 4.366e-04 -1.000 1.000e-03 0.342 1.567 0.738 0.287 0.145 0.090 0.075
0.001 -1.19029 9.95424 0.8915843964 2.4470095634    0.826  1.787  3.7343  2.457    4  0.000  0.509     0.00     0.00     0.00     0.00     0.00 -1    -1e-30      0.00 7.379e-01 2.611e-01 1.667e-04 5.604e-05 4.366e-04 -1.000 1.000e-03 0.303 1.539 0.703 0.248 0.104 0.048 0.032
0.001 -1.19029 9.95424 0.8916544318 2.4470286369    0.826  1.790  3.7340  2.453    4  0.000  0.509     0.00     0.00     0.00     0.00     0.00 -1    -1e-30      0.00 7.379e-01 2.611e-01 1.667e-04 5.605e-05 4.366e-04 -1.000 1.000e-03 0.294 1.533 0.695 0.240 0.095 0.039 0.022
0.001 -1.19029 9.95424 0.8917254210 2.4470481873    0.826  1.792  3.7341  2.451    4  0.000  0.509     0.00     0.00     0.00     0.00     0.00 -1    -1e-30      0.00 7.379e-01 2.611e-01 1.667e-04 5.606e-05 4.366e-04 -1.000 1.000e-03 0.289 1.527 0.690 0.235 0.090 0.034 0.017
0.001 -1.19029 9.95424 0.8917983174 2.4470679760    0.826  1.793  3.7343  2.451    4  0.000  0.509     0.00     0.00     0.00     0.00     0.00 -1    -1e-30      0.00 7.379e-01 2.611e-01 1.667e-04 5.608e-05 4.366e-04 -1.000 1.000e-03 0.286 1.522 0.686 0.232 0.088 0.032 0.015
0.001 -1.19029 9.95424 0.8918714523 2.4470877647    0.826  1.794  3.7348  2.452    4  0.000  0.509     0.00     0.00     0.00     0.00     0.00 -1    -1e-30      0.00 7.379e-01 2.611e-01 1.667e-04 5.609e-05 4.367e-04 -1.000 1.000e-03 0.286 1.517 0.683 0.230 0.088 0.032 0.016
0.001 -1.19029 9.95424 0.8919451237 2.4471080303    0.826  1.794  3.7353  2.455    4  0.000  0.509     0.00     0.00     0.00     0.00     0.00 -1    -1e-30      0.00 7.379e-01 2.611e-01 1.667e-04 5.610e-05 4.367e-04 -1.000 1.000e-03 0.286 1.512 0.681 0.231 0.089 0.033 0.018
0.001 -1.19029 9.95424 0.8920184970 2.4471278191    0.826  1.793  3.7359  2.458    4  0.000  0.509     0.00     0.00     0.00     0.00     0.00 -1    -1e-30      0.00 7.379e-01 2.611e-01 1.667e-04 5.611e-05 4.367e-04 -1.000 1.000e-03 0.287 1.507 0.680 0.232 0.091 0.036 0.021
0.001 -1.19029 9.95424 0.8920904994 2.4471476078    0.826  1.792  3.7366  2.461    4  0.000  0.509     0.00     0.00     0.00     0.00     0.00 -1    -1e-30      0.00 7.379e-01 2.611e-01 1.667e-04 5.612e-05 4.367e-04 -1.000 1.000e-03 0.289 1.502 0.679 0.233 0.093 0.039 0.024
0.001 -1.19029 9.95424 0.8921616077 2.4471669197    0.826  1.792  3.7372  2.464    4  0.000  0.509     0.00     0.00     0.00     0.00     0.00 -1    -1e-30      0.00 7.379e-01 2.611e-01 1.667e-04 5.613e-05 4.367e-04 -1.000 1.000e-03 0.290 1.498 0.678 0.234 0.095 0.042 0.027
0.001 -1.19029 9.95424 0.8922371268 2.4471874237    0.827  1.791  3.7378  2.467    4  0.000  0.509     0.00     0.00     0.00     0.00     0.00 -1    -1e-30      0.00 7.379e-01 2.611e-01 1.667e-04 5.614e-05 4.367e-04 -1.000 1.000e-03 0.292 1.493 0.676 0.235 0.097 0.045 0.030
0.001 -1.19029 9.95424 0.8923135400 2.4472081661    0.827  1.791  3.7384  2.470    4  0.000  0.509     0.00     0.00     0.00     0.00     0.00 -1    -1e-30      0.00 7.379e-01 2.611e-01 1.667e-04 5.615e-05 4.367e-04 -1.000 1.000e-03 0.293 1.488 0.675 0.236 0.099 0.047 0.033
0.001 -1.19029 9.95424 0.8923881054 2.4472284317    0.827  1.790  3.7390  2.473    4  0.000  0.509     0.00     0.00     0.00     0.00     0.00 -1    -1e-30      0.00 7.379e-01 2.611e-01 1.667e-04 5.616e-05 4.367e-04 -1.000 1.000e-03 0.294 1.484 0.674 0.237 0.101 0.050 0.036
0.001 -1.19029 9.95424 0.8924610615 2.4472482204    0.827  1.790  3.7395  2.475    4  0.000  0.509     0.00     0.00     0.00     0.00     0.00 -1    -1e-30      0.00 7.378e-01 2.612e-01 1.667e-04 5.617e-05 4.367e-04 -1.000 1.000e-03 0.294 1.479 0.672 0.237 0.102 0.051 0.038
0.001 -1.19029 9.95424 0.8925322890 2.4472677708    0.827  1.790  3.7399  2.477    4  0.000  0.509     0.00     0.00     0.00     0.00     0.00 -1    -1e-30      0.00 7.378e-01 2.612e-01 1.667e-04 5.618e-05 4.367e-04 -1.000 1.000e-03 0.295 1.475 0.670 0.237 0.103 0.053 0.039
0.001 -1.19029 9.95424 0.8925401568 2.4472699165    0.827  1.790  3.7400  2.477    4  0.000  0.509     0.00     0.00     0.00     0.00     0.00 -1    -1e-30      0.00 7.378e-01 2.612e-01 1.667e-04 5.618e-05 4.367e-04 -1.000 1.000e-03 0.295 1.475 0.670 0.237 0.103 0.053 0.039
0.001 -1.19029 9.95424 0.8926021457 2.4472866058    0.827  1.790  3.7403  2.478    4  0.000  0.509     0.00     0.00     0.00     0.00     0.00 -1    -1e-30      0.00 7.378e-01 2.612e-01 1.667e-04 5.619e-05 4.367e-04 -1.000 1.000e-03 0.294 1.472 0.669 0.237 0.103 0.053 0.040
0.001 -1.19029 9.95424 0.8926765323 2.4473068714    0.827  1.791  3.7406  2.479    4  0.000  0.509     0.00     0.00     0.00     0.00     0.00 -1    -1e-30      0.00 7.378e-01 2.612e-01 1.667e-04 5.620e-05 4.367e-04 -1.000 1.000e-03 0.293 1.469 0.667 0.236 0.103 0.053 0.040
0.001 -1.19029 9.95424 0.8927481174 2.4473264217    0.827  1.791  3.7408  2.479    4  0.000  0.509     0.00     0.00     0.00     0.00     0.00 -1    -1e-30      0.00 7.378e-01 2.612e-01 1.667e-04 5.621e-05 4.367e-04 -1.000 1.000e-03 0.292 1.466 0.665 0.234 0.101 0.052 0.039
0.001 -1.19029 9.95424 0.8928189874 2.4473454952    0.827  1.792  3.7409  2.479    4  0.000  0.509     0.00     0.00     0.00     0.00     0.00 -1    -1e-30      0.00 7.378e-01 2.612e-01 1.666e-04 5.622e-05 4.367e-04 -1.000 1.000e-03 0.290 1.463 0.662 0.232 0.100 0.051 0.037
0.001 -1.19029 9.95424 0.8928947449 2.4473662376    0.827  1.793  3.7409  2.478    4  0.000  0.509     0.00     0.00     0.00     0.00     0.00 -1    -1e-30      0.00 7.378e-01 2.612e-01 1.666e-04 5.623e-05 4.368e-04 -1.000 1.000e-03 0.287 1.460 0.659 0.230 0.097 0.048 0.035
0.001 -1.19029 9.95424 0.8929689527 2.4473862648    0.827  1.794  3.7408  2.477    4  0.000  0.509     0.00     0.00     0.00     0.00     0.00 -1    -1e-30      0.00 7.378e-01 2.612e-01 1.666e-04 5.624e-05 4.368e-04 -1.000 9.999e-04 0.284 1.457 0.656 0.226 0.093 0.044 0.031
0.001 -1.19029 9.95424 0.8930462003 2.4474072456    0.827  1.796  3.7406  2.474    4  0.000  0.509     0.00     0.00     0.00     0.00     0.00 -1    -1e-30      0.00 7.378e-01 2.612e-01 1.666e-04 5.626e-05 4.368e-04 -1.000 1.000e-03 0.279 1.454 0.652 0.221 0.088 0.038 0.025
0.001 -1.19029 9.95424 0.8930535913 2.4474093914    0.827  1.797  3.7406  2.474    4  0.000  0.509     0.00     0.00     0.00     0.00     0.00 -1    -1e-30      0.00 7.378e-01 2.612e-01 1.666e-04 5.626e-05 4.368e-04 -1.000 1.000e-03 0.278 1.453 0.651 0.221 0.087 0.038 0.025
0.001 -1.19029 9.95424 0.8931175470 2.4474267960    0.827  1.799  3.7403  2.470    4  0.000  0.509     0.00     0.00     0.00     0.00     0.00 -1    -1e-30      0.00 7.378e-01 2.612e-01 1.666e-04 5.627e-05 4.368e-04 -1.000 1.000e-03 0.273 1.451 0.648 0.216 0.082 0.032 0.019
0.001 -1.19029 9.95424 0.8931905627 2.4474465847    0.828  1.801  3.7399  2.466    4  0.000  0.509     0.00     0.00     0.00     0.00     0.00 -1    -1e-30      0.00 7.378e-01 2.612e-01 1.666e-04 5.628e-05 4.368e-04 -1.000 1.000e-03 0.267 1.448 0.643 0.209 0.075 0.025 0.011
0.001 -1.19029 9.95424 0.8932600021 2.4474654198    0.828  1.804  3.7394  2.461    4  0.000  0.509     0.00     0.00     0.00     0.00     0.00 -1    -1e-30      0.00 7.378e-01 2.612e-01 1.666e-04 5.629e-05 4.368e-04 -1.000 1.000e-03 0.259 1.445 0.637 0.202 0.067 0.016 0.002
0.001 -1.19029 9.95424 0.8933291435 2.4474840164    0.828  1.807  3.7390  2.456    4  0.000  0.509     0.00     0.00     0.00     0.00     0.00 -1    -1e-30      0.00 7.378e-01 2.612e-01 1.666e-04 5.630e-05 4.368e-04 -1.000 1.000e-03 0.252 1.442 0.631 0.194 0.059 0.007 -0.007
0.001 -1.19029 9.95424 0.8933991790 2.4475030899    0.828  1.812  3.7381  2.449    4  0.000  0.509     0.00     0.00     0.00     0.00     0.00 -1    -1e-30      0.00 7.377e-01 2.613e-01 1.666e-04 5.631e-05 4.368e-04 -1.000 1.000e-03 0.240 1.439 0.623 0.183 0.046 -0.006 -0.021
0.001 -1.19029 9.95424 0.8934684396 2.4475219250    0.828  1.817  3.7372  2.440    4  0.000  0.509     0.00     0.00     0.00     0.00     0.00 -1    -1e-30      0.00 7.377e-01 2.613e-01 1.666e-04 5.632e-05 4.368e-04 -1.000 1.000e-03 0.227 1.435 0.614 0.170 0.031 -0.022 -0.037
0.001 -1.19029 9.95424 0.8935372233 2.4475405216    0.828  1.823  3.7362  2.430    4  0.000  0.509     0.00     0.00     0.00     0.00     0.00 -1    -1e-30      0.00 7.377e-01 2.613e-01 1.666e-04 5.633e-05 4.368e-04 -1.000 1.000e-03 0.212 1.430 0.603 0.156 0.016 -0.039 -0.054
0.001 -1.19029 9.95424 0.8936069608 2.4475593567    0.828  1.830  3.7351  2.419    4  0.000  0.509     0.00     0.00     0.00     0.00     0.00 -1    -1e-30      0.00 7.377e-01 2.613e-01 1.666e-04 5.634e-05 4.368e-04 -1.000 1.000e-03 0.196 1.424 0.591 0.140 -0.003 -0.058 -0.074
0.001 -1.19029 9.95424 0.8936825991 2.4475798607    0.828  1.837  3.7340  2.407    4  0.000  0.508     0.00     0.00     0.00     0.00     0.00 -1    -1e-30      0.00 7.377e-01 2.613e-01 1.666e-04 5.635e-05 4.368e-04 -1.000 1.000e-03 0.177 1.416 0.577 0.121 -0.023 -0.080 -0.096
0.001 -1.19029 9.95424 0.8937514424 2.4475986958    0.828  1.842  3.7336  2.401    4  0.000  0.508     0.00     0.00     0.00     0.00     0.00 -1    -1e-30      0.00 7.377e-01 2.613e-01 1.666e-04 5.636e-05 4.368e-04 -1.000 1.000e-03 0.166 1.410 0.568 0.111 -0.034 -0.091 -0.108
0.001 -1.19029 9.95424 0.8938223720 2.4476177692    0.828  1.853  3.7317  2.382    4  0.000  0.508     0.00     0.00     0.00     0.00     0.00 -1    -1e-30      0.00 7.377e-01 2.613e-01 1.666e-04 5.637e-05 4.368e-04 -1.000 1.000e-03 0.137 1.400 0.547 0.082 -0.066 -0.125 -0.143
0.001 -1.19029 9.95424 0.8938918710 2.4476366043    0.828  1.879  3.7279  2.340    4  0.000  0.508     0.00     0.00     0.00     0.00     0.00 -1    -1e-30      0.00 7.377e-01 2.613e-01 1.666e-04 5.638e-05 4.369e-04 -1.000 1.000e-03 0.072 1.375 0.497 0.018 -0.136 -0.199 -0.219
0.001 -1.19029 9.95424 0.8939400315 2.4476497173    0.828  1.914  3.7233  2.288    4  0.000  0.508     0.00     0.00     0.00     0.00     0.00 -1    -1e-30      0.00 7.377e-01 2.613e-01 1.666e-04 5.639e-05 4.369e-04 -1.000 1.000e-03 -0.015 1.338 0.431 -0.066 -0.227 -0.296 -0.318
0.001 -1.19029 9.95424 0.8939629197 2.4476559162    0.828  1.949  3.7190  2.235    4  0.000  0.508     0.00     0.00     0.00     0.00     0.00 -1    -1e-30      0.00 7.377e-01 2.613e-01 1.666e-04 5.639e-05 4.369e-04 -1.000 1.000e-03 -0.103 1.299 0.363 -0.151 -0.320 -0.393 -0.417
0.001 -1.19029 9.95424 0.8939738274 2.4476590157    0.828  1.986  3.7148  2.182    4  0.000  0.508     0.00     0.00     0.00     0.00     0.00 -1    -1e-30      0.00 7.377e-01 2.613e-01 1.666e-04 5.639e-05 4.369e-04 -1.000 1.000e-03 -0.194 1.259 0.293 -0.239 -0.415 -0.493 -0.519
0.001 -1.19029 9.95424 0.8939785957 2.4476602077    0.828  2.021  3.7110  2.131    4  0.000  0.508     0.00     0.00     0.00     0.00     0.00 -1    -1e-30      0.00 7.377e-01 2.613e-01 1.666e-04 5.639e-05 4.369e-04 -1.000 1.000e-03 -0.282 1.217 0.224 -0.324 -0.506 -0.589 -0.617
0.001 -1.19029 9.95424 0.8939809799 2.4476609230    0.828  2.054  3.7076  2.085    4  0.000  0.508     0.00     0.00     0.00     0.00     0.00 -1    -1e-30      0.00 7.377e-01 2.613e-01 1.666e-04 5.639e-05 4.369e-04 -1.000 1.000e-03 -0.364 1.179 0.160 -0.402 -0.590 -0.677 -0.707
0.001 -1.19029 9.95424 0.8939822912 2.4476611614    0.828  2.079  3.7051  2.049    7  0.000  0.508     0.00     0.00     0.00     0.00     0.00 -1 -8.66e-10      0.00 7.377e-01 2.598e-01 1.666e-04 5.639e-05 4.369e-04 -1.000 2.540e-03 -0.428 1.148 0.110 -0.463 -0.656 -0.746 -0.777
0.001 -1.19029 9.95424 0.8939824700 2.4476611614    0.828  2.085  3.7046  2.042    7  0.000  0.508     0.00     0.00     0.00     0.00     0.00 -1 -8.96e-10      0.00 7.377e-01 2.598e-01 1.666e-04 5.639e-05 4.369e-04 -1.000 2.540e-03 -0.443 1.140 0.098 -0.477 -0.671 -0.761 -0.793
0.001 -1.19029 9.95424 0.8939839005 2.4476616383    0.828  2.128  3.7007  1.983    7  0.000  0.508     0.00     0.00     0.00     0.00     0.00 -1 -1.15e-09      0.00 7.377e-01 2.598e-01 1.666e-04 5.639e-05 4.369e-04 -1.000 2.540e-03 -0.551 1.084 0.011 -0.581 -0.782 -0.877 -0.910
0.001 -1.19029 9.95424 0.8939851522 2.4476618767    0.828  2.163  3.6977  1.936    7  0.000  0.508     0.00     0.00     0.00     0.00     0.00 -1 -1.41e-09      0.00 7.377e-01 2.598e-01 1.666e-04 5.639e-05 4.369e-04 -1.000 2.540e-03 -0.638 1.044 -0.058 -0.664 -0.870 -0.969 -1.004
0.001 -1.19029 9.95424 0.8939882517 2.4476628304    0.828  2.207  3.6939  1.876    7  0.000  0.508     0.00     0.00     0.00     0.00     0.00 -1 -1.82e-09      0.00 7.377e-01 2.598e-01 1.666e-04 5.639e-05 4.369e-04 -1.000 2.540e-03 -0.749 0.993 -0.145 -0.769 -0.982 -1.086 -1.123
0.001 -1.19029 9.95424 0.8939923048 2.4476637840    0.828  2.210  3.6937  1.873    7  0.000  0.508     0.00     0.00     0.00     0.00     0.00 -1 -1.84e-09      0.00 7.377e-01 2.598e-01 1.666e-04 5.639e-05 4.369e-04 -1.000 2.540e-03 -0.754 0.990 -0.149 -0.774 -0.987 -1.092 -1.129
0.001 -1.19029 9.95424 0.8940349817 2.4476754665    0.826  2.194  3.6950  1.893    7  0.000  0.508     0.00     0.00     0.00     0.00     0.00 -1 -1.69e-09      0.00 7.377e-01 2.598e-01 1.665e-04 5.640e-05 4.369e-04 -1.000 2.540e-03 -0.714 1.010 -0.117 -0.736 -0.947 -1.050 -1.087
0.001 -1.19029 9.95424 0.8940635324 2.4476830959    0.824  2.235  3.6914  1.837    7  0.000  0.508     0.00     0.00     0.00     0.00     0.00 -1 -2.16e-09      0.00 7.377e-01 2.598e-01 1.665e-04 5.640e-05 4.369e-04 -1.000 2.540e-03 -0.817 0.964 -0.197 -0.833 -1.051 -1.158 -1.197
0.001 -1.19029 9.95424 0.8940812349 2.4476881027    0.822  2.270  3.6884  1.789    7  0.000  0.508     0.00     0.00     0.00     0.00     0.00 -1 -2.65e-09      0.00 7.377e-01 2.598e-01 1.665e-04 5.641e-05 4.369e-04 -1.000 2.540e-03 -0.904 0.927 -0.265 -0.915 -1.138 -1.250 -1.290
0.001 -1.19029 9.95424 0.8940976858 2.4476923943    0.821  2.305  3.6854  1.741    7  0.000  0.508     0.00     0.00     0.00     0.00     0.00 -1 -3.25e-09      0.00 7.377e-01 2.598e-01 1.665e-04 5.641e-05 4.369e-04 -1.000 2.540e-03 -0.992 0.893 -0.332 -0.997 -1.226 -1.341 -1.384
0.001 -1.19029 9.95424 0.8941164017 2.4476974010    0.818  2.345  3.6820  1.686    7  0.000  0.508     0.00     0.00     0.00     0.00     0.00 -1 -4.12e-09      0.00 7.377e-01 2.598e-01 1.665e-04 5.641e-05 4.369e-04 -1.000 2.538e-03 -1.093 0.867 -0.408 -1.095 -1.329 -1.449 -1.494
0.001 -1.19029 9.95424 0.8941336274 2.4477021694    0.816  2.384  3.6788  1.633    7  0.000  0.508     0.00     0.00     0.00     0.00     0.00 -1  -5.2e-09      0.00 7.377e-01 2.598e-01 1.665e-04 5.641e-05 4.369e-04 -1.000 2.528e-03 -1.191 0.844 -0.480 -1.190 -1.429 -1.553 -1.600
0.001 -1.19029 9.95424 0.8941492438 2.4477064610    0.813  2.423  3.6756  1.579    7  0.000  0.508     0.00     0.00     0.00     0.00     0.00 -1  -6.5e-09      0.00 7.377e-01 2.598e-01 1.665e-04 5.642e-05 4.369e-04 -1.000 2.496e-03 -1.289 0.826 -0.551 -1.284 -1.529 -1.656 -1.705
0.001 -1.19029 9.95424 0.8941633701 2.4477102757    0.809  2.462  3.6724  1.525    7  0.000  0.508     0.00     0.00     0.00     0.00     0.00 -1 -8.16e-09      0.00 7.377e-01 2.599e-01 1.665e-04 5.643e-05 4.369e-04 -1.000 2.454e-03 -1.386 0.812 -0.620 -1.378 -1.628 -1.759 -1.811
0.001 -1.19029 9.95424 0.8941762447 2.4477136135    0.805  2.502  3.6691  1.471    7  0.000  0.508     7.15     5.64     4.00     3.09     2.50  3 -1.03e-08      0.00 7.377e-01 2.599e-01 1.664e-04 5.648e-05 4.369e-04 -1.000 2.440e-03 -1.485 0.805 -0.687 -1.471 -1.727 -1.863 -1.917
0.001 -1.19029 9.95424 0.8941877484 2.4477167130    0.801  2.541  3.6653  1.414    7  0.000  0.506     8.04     6.24     4.41     3.41     2.76  3 -1.29e-08      0.00 7.377e-01 2.599e-01 1.659e-04 5.672e-05 4.369e-04 -1.000 2.430e-03 -1.582 0.822 -0.744 -1.561 -1.824 -1.965 -2.021
0.001 -1.19029 9.95424 0.8941981196 2.4477195740    0.796  2.579  3.6601  1.352    7  0.000  0.503     9.15     6.97     4.89     3.80     3.07  3 -1.63e-08      0.00 7.377e-01 2.600e-01 1.650e-04 5.754e-05 4.369e-04 -1.000 2.379e-03 -1.677 0.884 -0.784 -1.646 -1.919 -2.066 -2.127
0.001 -1.19029 9.95424 0.8942030668 2.4477210045    0.793  2.599  3.6574  1.320    7  0.000  0.501     9.78     7.37     5.17     4.01     3.25  3 -1.85e-08      0.00 7.377e-01 2.600e-01 1.641e-04 5.843e-05 4.369e-04 -1.000 2.360e-03 -1.727 0.918 -0.802 -1.687 -1.966 -2.117 -2.180
0.001 -1.19029 9.95424 0.8942120671 2.4477233887    0.787  2.636  3.6526  1.260    7  0.000  0.495    11.09     8.21     5.72     4.45     3.60  3 -2.33e-08      0.00 7.377e-01 2.600e-01 1.621e-04 6.060e-05 4.369e-04 -1.000 2.336e-03 -1.821 0.950 -0.843 -1.762 -2.052 -2.211 -2.278
0.001 -1.19029 9.95424 0.8942207098 2.4477257729    0.779  2.674  3.6485  1.201    7  0.000  0.488    12.52     9.10     6.32     4.92     3.99  2 -2.94e-08      0.00 7.376e-01 2.601e-01 1.598e-04 6.333e-05 4.369e-04 -1.000 2.316e-03 -1.916 0.968 -0.891 -1.840 -2.140 -2.306 -2.376
0.001 -1.19029 9.95424 0.8942289948 2.4477279186    0.770  2.713  3.6452  1.145    7  0.000  0.481    14.07    10.05     6.94     5.42     4.39  2 -3.71e-08      0.00 7.376e-01 2.601e-01 1.577e-04 6.602e-05 4.370e-04 -1.000 2.287e-03 -2.011 0.968 -0.946 -1.920 -2.230 -2.401 -2.474
0.001 -1.19029 9.95424 0.8942371011 2.4477303028    0.758  2.751  3.6418  1.086    7  0.000  0.475    15.87    11.14     7.65     5.99     4.85  2 -4.73e-08      0.00 7.375e-01 2.602e-01 1.557e-04 6.846e-05 4.370e-04 -1.000 2.259e-03 -2.108 0.973 -1.001 -2.001 -2.320 -2.497 -2.573
0.001 -1.19029 9.95424 0.8942446709 2.4477322102    0.745  2.789  3.6384  1.027    7  0.000  0.470    17.90    12.34     8.43     6.61     5.36  2 -6.07e-08      0.00 7.374e-01 2.603e-01 1.540e-04 7.057e-05 4.370e-04 -1.000 2.238e-03 -2.202 0.981 -1.052 -2.079 -2.406 -2.590 -2.669
0.001 -1.19029 9.95424 0.8942520022 2.4477341175    0.727  2.827  3.6349  0.965    7  0.000  0.465    20.31    13.72     9.33     7.33     5.94  2 -7.91e-08      0.00 7.374e-01 2.604e-01 1.524e-04 7.248e-05 4.370e-04 -1.000 2.222e-03 -2.297 1.000 -1.096 -2.155 -2.493 -2.684 -2.765
0.001 -1.19029 9.95424 0.8942589760 2.4477360249    0.707  2.865  3.6313  0.899    7  0.000  0.461    23.16    15.32    10.36     8.16     6.62  1 -1.04e-07      0.00 7.373e-01 2.605e-01 1.511e-04 7.417e-05 4.369e-04 -1.000 2.206e-03 -2.392 1.027 -1.136 -2.230 -2.580 -2.778 -2.862
0.001 -1.19029 9.95424 0.8942647576 2.4477376938    0.684  2.899  3.6282  0.839    7  0.000  0.458    26.17    16.96    11.41     9.01     7.30  1 -1.37e-07      0.00 7.372e-01 2.605e-01 1.500e-04 7.548e-05 4.369e-04 -1.000 2.236e-03 -2.479 1.050 -1.171 -2.297 -2.658 -2.862 -2.949
0.001 -1.19029 9.95424 0.8942688107 2.4477388859    0.663  2.929  3.6259  0.786    7  0.000  0.455    29.11    18.51    12.40     9.82     7.96  1 -1.76e-07      0.00 7.372e-01 2.606e-01 1.492e-04 7.644e-05 4.369e-04 -1.000 2.234e-03 -2.553 1.063 -1.205 -2.356 -2.725 -2.935 -3.024
0.001 -1.19029 9.95424 0.8942721486 2.4477396011    0.640  2.958  3.6240  0.734    7  0.000  0.453    32.24    20.13    13.41    10.65     8.63  1 -2.26e-07      0.00 7.371e-01 2.607e-01 1.485e-04 7.729e-05 4.368e-04 -1.000 2.199e-03 -2.624 1.067 -1.242 -2.415 -2.792 -3.006 -3.097
0.001 -1.19029 9.95424 0.8942754269 2.4477405548    0.610  2.989  3.6235  0.680    7  0.000  0.452    35.87    21.93    14.55    11.59     9.39  1 -3.02e-07      0.00 7.371e-01 2.607e-01 1.479e-04 7.814e-05 4.367e-04 -1.000 2.176e-03 -2.703 1.039 -1.301 -2.490 -2.871 -3.086 -3.178
0.001 -1.19029 9.95424 0.8942781687 2.4477412701    0.580  3.018  3.6257  0.639    7  0.000  0.450    38.86    23.34    15.42    12.32     9.97  1 -4.02e-07      0.00 7.371e-01 2.608e-01 1.473e-04 7.883e-05 4.366e-04 -1.000 2.181e-03 -2.774 0.951 -1.388 -2.574 -2.951 -3.162 -3.252
0.001 -1.19029 9.95424 0.8942801952 2.4477417469    0.548  3.041  3.6336  0.622    7  0.000  0.449    39.83    23.69    15.62    12.50    10.12  1 -5.13e-07      0.00 7.370e-01 2.608e-01 1.468e-04 7.942e-05 4.365e-04 -1.000 2.189e-03 -2.832 0.736 -1.536 -2.678 -3.034 -3.231 -3.316
0.001 -1.19029 9.95424 0.8942810297 2.4477419853    0.523  3.052  3.6390  0.613    7  0.000  0.448    40.33    23.81    15.68    12.58    10.18  1 -5.76e-07      0.00 7.370e-01 2.608e-01 1.466e-04 7.979e-05 4.364e-04 -1.000 2.183e-03 -2.860 0.598 -1.625 -2.737 -3.080 -3.267 -3.347
0.001 -1.19029 9.95424 1.0934826136 2.4905769825    0.546 -9.999  3.6875  7.953    9  0.546  0.000     0.00     0.00     0.00     0.00     0.00 -1    -1e-30      0.00 7.277e-01 2.714e-01 1.348e-04 1.063e-04 4.391e-04 -1.000 9.461e-04 29.767 31.862 30.447 29.717 29.487 29.381 29.343
#isochrone terminated
