# File generated by CMD 3.6 (http://stev.oapd.inaf.it/cmd) on Thu Apr 21 17:49:35 CEST 2022
# isochrones based on PARSEC release v1.2S +  COLIBRI S_37 + S_35 + PR16
# Basic references: Bressan et al. (2012), MNRAS, 427, 127 + Chen et al. (2014, 2015), MNRAS, 444, 2525 + MNRAS, 452, 1068 + Tang et al. (2014), MNRAS, 445, 4287 + Marigo et al. (2017), ApJ, 835, 77 + Pastorelli al. (2019), MNRAS, 485, 5666 + Pastorelli al. (2020), MNRAS, in press
# Thermal pulse cycles included 
# On RGB, assumed Reimers mass loss with efficiency eta=0.2
# LPV periods and growth rates added cf. Trabucchi et al. (2019)
# but fundamental-mode LPV periods are from Trabucchi et al. (2021)
# Photometric system: DECAM (ABmags)
# Using YBC version of bolometric corrections as in Chen et al. (2019)
# O-rich circumstellar dpmod60alox40 dust from Groenewegen (2006)
# C-rich circumstellar AMCSIC15 dust from Groenewegen (2006)
# IMF: Kroupa (2001, 2002) + Kroupa et al. (2013) canonical two-part-power law IMF corrected for unresolved binaries 
# Kind of output: isochrone tables
# Zini     MH   logAge Mini        int_IMF         Mass   logL    logTe  logg  label   McoreTP C_O  period0  period1  period2  period3  period4  pmode  Mloss  tau1m   X   Y   Xc  Xn  Xo  Cexcess  Z 	 mbolmag  umag    gmag    rmag    imag    zmag    Ymag
0.0001 -2.19174 9.60206 0.1000000015 1.1711064577    0.100 -2.788  3.5575  5.408    1  0.000  0.545     0.00     0.00     0.00     0.00     0.00 -1 -1.28e-16      0.00 7.491e-01 2.508e-01 1.798e-05 4.851e-06 4.400e-05 -1.000 1.000e-04 11.741 15.961 13.684 12.123 11.470 11.172 11.073
0.0001 -2.19174 9.60206 0.1098214313 1.2482755184    0.109 -2.640  3.5729  5.360    1  0.000  0.545     0.00     0.00     0.00     0.00     0.00 -1 -1.82e-16      0.00 7.485e-01 2.514e-01 1.798e-05 4.851e-06 4.400e-05 -1.000 1.000e-04 11.369 15.227 13.099 11.658 11.107 10.832 10.738
0.0001 -2.19174 9.60206 0.1294642836 1.3786746264    0.129 -2.400  3.5954  5.283    1  0.000  0.545     0.00     0.00     0.00     0.00     0.00 -1 -3.18e-16      0.00 7.474e-01 2.525e-01 1.798e-05 4.851e-06 4.400e-05 -1.000 1.001e-04 10.771 14.107 12.222 10.973 10.512 10.271 10.186
0.0001 -2.19174 9.60206 0.1491071582 1.4855960608    0.149 -2.244  3.6068  5.234    1  0.000  0.545     0.00     0.00     0.00     0.00     0.00 -1 -4.48e-16      0.00 7.466e-01 2.533e-01 1.798e-05 4.851e-06 4.400e-05 -1.000 9.999e-05 10.381 13.478 11.707 10.549 10.121 9.896 9.818
0.0001 -2.19174 9.60206 0.1687500030 1.5756140947    0.168 -2.125  3.6142  5.197    1  0.000  0.545     0.00     0.00     0.00     0.00     0.00 -1  -5.8e-16      0.00 7.461e-01 2.538e-01 1.798e-05 4.851e-06 4.400e-05 -1.000 9.993e-05 10.082 13.030 11.331 10.228 9.820 9.606 9.531
0.0001 -2.19174 9.60206 0.2080357224 1.7204496861    0.207 -1.926  3.6254  5.134    1  0.000  0.545     0.00     0.00     0.00     0.00     0.00 -1 -8.86e-16      0.00 7.453e-01 2.546e-01 1.798e-05 4.851e-06 4.400e-05 -1.000 9.996e-05 9.585 12.321 10.724 9.701 9.320 9.122 9.054
0.0001 -2.19174 9.60206 0.2571428716 1.8581268787    0.257 -1.732  3.6355  5.074    1  0.000  0.545     0.00     0.00     0.00     0.00     0.00 -1 -1.33e-15      0.00 7.450e-01 2.549e-01 1.798e-05 4.851e-06 4.400e-05 -1.000 1.000e-04 9.101 11.654 10.147 9.190 8.832 8.649 8.586
0.0001 -2.19174 9.60206 0.3062500358 1.9652637243    0.306 -1.579  3.6438  5.029    1  0.000  0.545     0.00     0.00     0.00     0.00     0.00 -1 -1.83e-15      0.00 7.451e-01 2.548e-01 1.798e-05 4.852e-06 4.400e-05 -1.000 9.999e-05 8.718 11.130 9.693 8.785 8.446 8.274 8.216
0.0001 -2.19174 9.60206 0.3553571403 2.0521113873    0.355 -1.452  3.6513  4.997    1  0.000  0.545     0.00     0.00     0.00     0.00     0.00 -1 -2.36e-15      0.00 7.457e-01 2.542e-01 1.797e-05 4.852e-06 4.400e-05 -1.000 9.987e-05 8.400 10.689 9.314 8.448 8.126 7.964 7.910
0.0001 -2.19174 9.60206 0.4041737914 2.1242144108    0.404 -1.340  3.6592  4.973    1  0.000  0.545     0.00     0.00     0.00     0.00     0.00 -1 -2.95e-15      0.00 7.505e-01 2.494e-01 1.798e-05 4.851e-06 4.400e-05 -1.000 9.984e-05 8.120 10.285 8.975 8.150 7.844 7.693 7.644
0.0001 -2.19174 9.60206 0.4044643044 2.1246092319    0.404 -1.339  3.6592  4.973    1  0.000  0.545     0.00     0.00     0.00     0.00     0.00 -1 -2.95e-15      0.00 7.505e-01 2.494e-01 1.798e-05 4.851e-06 4.400e-05 -1.000 9.993e-05 8.118 10.283 8.973 8.149 7.843 7.692 7.642
0.0001 -2.19174 9.60206 0.4535714388 2.1864814758    0.453 -1.203  3.6710  4.934    1  0.000  0.545     0.00     0.00     0.00     0.00     0.00 -1 -3.99e-15      0.00 7.508e-01 2.491e-01 1.798e-05 4.851e-06 4.400e-05 -1.000 9.999e-05 7.779 9.758 8.549 7.786 7.504 7.369 7.325
0.0001 -2.19174 9.60206 0.4655892849 2.2003061771    0.465 -1.166  3.6744  4.921    1  0.000  0.545     0.00     0.00     0.00     0.00     0.00 -1 -4.36e-15      0.00 7.509e-01 2.490e-01 1.797e-05 4.848e-06 4.398e-05 -1.000 9.996e-05 7.684 9.614 8.433 7.686 7.411 7.280 7.238
0.0001 -2.19174 9.60206 0.5026785731 2.2401986122    0.503 -1.055  3.6843  4.884    1  0.000  0.545     0.00     0.00     0.00     0.00     0.00 -1 -5.65e-15      0.00 7.514e-01 2.485e-01 1.794e-05 4.840e-06 4.390e-05 -1.000 1.000e-04 7.408 9.196 8.095 7.394 7.139 7.020 6.984
0.0001 -2.19174 9.60206 0.5517857671 2.2851314545    0.551 -0.889  3.7006  4.823    1  0.000  0.545     0.00     0.00     0.00     0.00     0.00 -1 -8.45e-15      0.00 7.623e-01 2.376e-01 1.721e-05 4.642e-06 4.211e-05 -1.000 1.000e-04 6.993 8.562 7.588 6.960 6.736 6.638 6.610
0.0001 -2.19174 9.60206 0.5610831976 2.2926263809    0.561 -0.856  3.7046  4.813    1  0.000  0.545     0.00     0.00     0.00     0.00     0.00 -1 -9.16e-15      0.00 7.631e-01 2.368e-01 1.715e-05 4.628e-06 4.198e-05 -1.000 9.999e-05 6.910 8.430 7.484 6.874 6.657 6.564 6.538
0.0001 -2.19174 9.60206 0.6008928418 2.3217256069    0.601 -0.719  3.7210  4.771    1  0.000  0.545     0.00     0.00     0.00     0.00     0.00 -1 -1.27e-14      0.00 7.666e-01 2.333e-01 1.692e-05 4.567e-06 4.143e-05 -1.000 9.988e-05 6.567 7.898 7.065 6.523 6.335 6.261 6.243
0.0001 -2.19174 9.60206 0.6350618005 2.3433847427    0.635 -0.599  3.7369  4.740    1  0.000  0.544     0.00     0.00     0.00     0.00     0.00 -1 -1.69e-14      0.00 7.706e-01 2.293e-01 1.665e-05 4.496e-06 4.079e-05 -1.000 1.000e-04 6.269 7.445 6.705 6.223 6.063 6.006 5.995
0.0001 -2.19174 9.60206 0.6499999762 2.3520355225    0.650 -0.549  3.7437  4.726    1  0.000  0.544     0.00     0.00     0.00     0.00     0.00 -1 -1.91e-14      0.00 7.727e-01 2.272e-01 1.653e-05 4.461e-06 4.048e-05 -1.000 9.999e-05 6.141 7.258 6.554 6.098 5.949 5.899 5.892
0.0001 -2.19174 9.60206 0.6544973254 2.3545510769    0.654 -0.533  3.7459  4.722    1  0.000  0.544     0.00     0.00     0.00     0.00     0.00 -1 -1.98e-14      0.00 7.734e-01 2.265e-01 1.648e-05 4.449e-06 4.038e-05 -1.000 1.000e-04 6.103 7.202 6.508 6.060 5.915 5.868 5.861
0.0001 -2.19174 9.60206 0.6814077497 2.3688089848    0.681 -0.441  3.7586  4.699    1  0.000  0.544     0.00     0.00     0.00     0.00     0.00 -1 -2.46e-14      0.00 7.780e-01 2.219e-01 1.618e-05 4.370e-06 3.966e-05 -1.000 1.000e-04 5.874 6.874 6.240 5.840 5.717 5.683 5.682
0.0001 -2.19174 9.60206 0.6999999881 2.3779268265    0.700 -0.379  3.7670  4.683    1  0.000  0.544     0.00     0.00     0.00     0.00     0.00 -1 -2.86e-14      0.00 7.816e-01 2.183e-01 1.595e-05 4.308e-06 3.910e-05 -1.000 1.000e-04 5.718 6.664 6.063 5.693 5.583 5.559 5.560
0.0001 -2.19174 9.60206 0.7073225975 2.3813669682    0.707 -0.355  3.7703  4.676    1  0.000  0.543     0.00     0.00     0.00     0.00     0.00 -1 -3.03e-14      0.00 7.836e-01 2.163e-01 1.579e-05 4.273e-06 3.880e-05 -1.000 1.000e-04 5.658 6.583 5.995 5.636 5.532 5.510 5.513
0.0001 -2.19174 9.60206 0.7329885364 2.3928031921    0.733 -0.271  3.7812  4.651    1  0.000  0.538     0.00     0.00     0.00     0.00     0.00 -1 -3.71e-14      0.00 7.913e-01 2.086e-01 1.519e-05 4.138e-06 3.761e-05 -1.000 9.999e-05 5.448 6.314 5.761 5.440 5.351 5.340 5.347
0.0001 -2.19174 9.60206 0.7500000000 2.3998889923    0.750 -0.216  3.7882  4.634    1  0.000  0.536     0.00     0.00     0.00     0.00     0.00 -1 -4.25e-14      0.00 7.972e-01 2.027e-01 1.475e-05 4.036e-06 3.672e-05 -1.000 1.000e-04 5.310 6.142 5.608 5.311 5.234 5.230 5.239
0.0001 -2.19174 9.60206 0.7582114339 2.4031789303    0.758 -0.190  3.7913  4.625    1  0.000  0.535     0.00     0.00     0.00     0.00     0.00 -1 -4.53e-14      0.00 7.985e-01 2.014e-01 1.471e-05 4.025e-06 3.662e-05 -1.000 9.528e-05 5.245 6.062 5.536 5.250 5.178 5.177 5.187
0.0001 -2.19174 9.60206 0.7819545865 2.4122457504    0.782 -0.114  3.8003  4.598    1  0.000  0.535     0.00     0.00     0.00     0.00     0.00 -1 -5.48e-14      0.00 8.018e-01 1.982e-01 1.463e-05 4.008e-06 3.649e-05 -1.000 4.953e-05 5.055 5.835 5.328 5.072 5.014 5.022 5.035
0.0001 -2.19174 9.60206 0.8000000119 2.4187245369    0.800 -0.057  3.8070  4.577    1  0.000  0.534     0.00     0.00     0.00     0.00     0.00 -1 -6.33e-14      0.00 8.034e-01 1.965e-01 1.465e-05 4.013e-06 3.656e-05 -1.000 9.994e-05 4.912 5.667 5.170 4.937 4.889 4.904 4.919
0.0001 -2.19174 9.60206 0.8209292889 2.4258298874    0.820  0.010  3.8147  4.553    1  0.000  0.534     0.00     0.00     0.00     0.00     0.00 -1 -7.48e-14      0.00 8.037e-01 1.962e-01 1.466e-05 4.018e-06 3.661e-05 -1.000 1.000e-04 4.746 5.477 4.988 4.780 4.745 4.767 4.784
0.0001 -2.19174 9.60206 0.8409252167 2.4322400093    0.840  0.073  3.8220  4.530    1  0.000  0.533     0.00     0.00     0.00     0.00     0.00 -1 -8.78e-14      0.00 8.037e-01 1.962e-01 1.468e-05 4.025e-06 3.668e-05 -1.000 1.000e-04 4.588 5.298 4.814 4.628 4.604 4.633 4.653
0.0001 -2.19174 9.60206 0.8500000238 2.4350347519    0.849  0.102  3.8253  4.519    1  0.000  0.533     0.00     0.00     0.00     0.00     0.00 -1 -9.45e-14      0.00 8.037e-01 1.962e-01 1.469e-05 4.029e-06 3.672e-05 -1.000 1.000e-04 4.516 5.217 4.735 4.558 4.539 4.572 4.593
0.0001 -2.19174 9.60206 0.8554745913 2.4366879463    0.855  0.119  3.8274  4.513    1  0.000  0.533     0.00     0.00     0.00     0.00     0.00 -1 -9.87e-14      0.00 8.038e-01 1.961e-01 1.469e-05 4.029e-06 3.672e-05 -1.000 1.001e-04 4.474 5.169 4.688 4.517 4.501 4.536 4.558
0.0001 -2.19174 9.60206 0.8748539090 2.4423491955    0.874  0.180  3.8347  4.491    1  0.000  0.534     0.00     0.00     0.00     0.00     0.00 -1 -1.15e-13      0.00 8.037e-01 1.962e-01 1.469e-05 4.029e-06 3.672e-05 -1.000 9.993e-05 4.321 4.999 4.519 4.370 4.366 4.408 4.431
0.0001 -2.19174 9.60206 0.8919118047 2.4470987320    0.891  0.234  3.8411  4.470    1  0.000  0.533     0.00     0.00     0.00     0.00     0.00 -1 -1.32e-13      0.00 8.035e-01 1.964e-01 1.471e-05 4.033e-06 3.675e-05 -1.000 1.000e-04 4.185 4.848 4.368 4.239 4.245 4.293 4.318
0.0001 -2.19174 9.60206 0.8999999762 2.4492788315    0.899  0.260  3.8441  4.460    1  0.000  0.534     0.00     0.00     0.00     0.00     0.00 -1 -1.41e-13      0.00 8.033e-01 1.966e-01 1.472e-05 4.036e-06 3.678e-05 -1.000 9.997e-05 4.120 4.776 4.295 4.176 4.187 4.238 4.263
0.0001 -2.19174 9.60206 0.9008623958 2.4495084286    0.900  0.263  3.8445  4.460    1  0.000  0.534     0.00     0.00     0.00     0.00     0.00 -1 -1.42e-13      0.00 8.033e-01 1.966e-01 1.472e-05 4.035e-06 3.678e-05 -1.000 1.000e-04 4.114 4.768 4.287 4.169 4.181 4.232 4.258
0.0001 -2.19174 9.60206 0.9156214595 2.4533638954    0.915  0.311  3.8507  4.443    1  0.000  0.534     0.00     0.00     0.00     0.00     0.00 -1 -1.61e-13      0.00 8.034e-01 1.966e-01 1.471e-05 4.033e-06 3.676e-05 -1.000 5.993e-05 3.993 4.634 4.152 4.053 4.075 4.132 4.159
0.0001 -2.19174 9.60206 0.9281502962 2.4565262794    0.927  0.352  3.8561  4.429    1  0.000  0.534     0.00     0.00     0.00     0.00     0.00 -1 -1.79e-13      0.00 8.034e-01 1.965e-01 1.470e-05 4.032e-06 3.675e-05 -1.000 7.908e-05 3.889 4.519 4.035 3.952 3.984 4.045 4.074
0.0001 -2.19174 9.60206 0.9447175264 2.4605600834    0.944  0.410  3.8637  4.410    1  0.000  0.533     0.00     0.00     0.00     0.00     0.00 -1 -2.06e-13      0.00 8.033e-01 1.966e-01 1.470e-05 4.032e-06 3.675e-05 -1.000 9.999e-05 3.746 4.361 3.873 3.815 3.860 3.928 3.958
0.0001 -2.19174 9.60206 0.9499999881 2.4618122578    0.949  0.428  3.8662  4.404    1  0.000  0.534     0.00     0.00     0.00     0.00     0.00 -1 -2.16e-13      0.00 8.033e-01 1.966e-01 1.470e-05 4.032e-06 3.675e-05 -1.000 1.001e-04 3.700 4.310 3.821 3.771 3.820 3.890 3.920
0.0001 -2.19174 9.60206 0.9512413740 2.4621043205    0.950  0.432  3.8669  4.403    1  0.000  0.534     0.00     0.00     0.00     0.00     0.00 -1 -2.18e-13      0.00 8.034e-01 1.965e-01 1.470e-05 4.032e-06 3.674e-05 -1.000 1.001e-04 3.689 4.298 3.809 3.760 3.811 3.882 3.912
0.0001 -2.19174 9.60206 0.9644509554 2.4651575089    0.964  0.480  3.8745  4.393    1  0.000  0.533     0.00     0.00     0.00     0.00     0.00 -1 -2.45e-13      0.00 8.038e-01 1.961e-01 1.468e-05 4.026e-06 3.669e-05 -1.000 1.000e-04 3.571 4.167 3.673 3.649 3.713 3.790 3.821
0.0001 -2.19174 9.60206 0.9764209390 2.4678423405    0.976  0.524  3.8817  4.382    1  0.000  0.533     0.00     0.00     0.00     0.00     0.00 -1 -2.73e-13      0.00 8.041e-01 1.958e-01 1.466e-05 4.022e-06 3.665e-05 -1.000 1.000e-04 3.460 4.044 3.546 3.544 3.621 3.704 3.736
0.0001 -2.19174 9.60206 0.9874222279 2.4702441692    0.987  0.566  3.8885  4.372    1  0.000  0.533     0.00     0.00     0.00     0.00     0.00 -1 -3.02e-13      0.00 8.043e-01 1.956e-01 1.465e-05 4.019e-06 3.662e-05 -1.000 1.000e-04 3.355 3.928 3.425 3.445 3.535 3.622 3.655
0.0001 -2.19174 9.60206 0.9979714155 2.4724898338    0.997  0.608  3.8952  4.362    1  0.000  0.533     0.00     0.00     0.00     0.00     0.00 -1 -3.35e-13      0.00 8.045e-01 1.954e-01 1.464e-05 4.017e-06 3.661e-05 -1.000 9.836e-05 3.250 3.813 3.306 3.348 3.450 3.541 3.574
0.0001 -2.19174 9.60206 1.0000000000 2.4729156494    0.999  0.616  3.8965  4.359    1  0.000  0.533     0.00     0.00     0.00     0.00     0.00 -1 -3.42e-13      0.00 8.046e-01 1.953e-01 1.464e-05 4.016e-06 3.660e-05 -1.000 1.000e-04 3.229 3.790 3.282 3.328 3.433 3.525 3.558
0.0001 -2.19174 9.60206 1.0038033724 2.4737081528    1.003  0.632  3.8990  4.355    1  0.000  0.533     0.00     0.00     0.00     0.00     0.00 -1 -3.54e-13      0.00 8.047e-01 1.952e-01 1.464e-05 4.015e-06 3.659e-05 -1.000 9.997e-05 3.190 3.748 3.238 3.293 3.402 3.495 3.529
0.0001 -2.19174 9.60206 1.0138149261 2.4757621288    1.013  0.675  3.9055  4.343    1  0.000  0.533     0.00     0.00     0.00     0.00     0.00 -1 -3.87e-13      0.00 8.049e-01 1.950e-01 1.462e-05 4.011e-06 3.657e-05 -1.000 9.999e-05 3.084 3.633 3.121 3.196 3.317 3.414 3.448
0.0001 -2.19174 9.60206 1.0232665539 2.4776589870    1.022  0.716  3.9116  4.330    1  0.000  0.533     0.00     0.00     0.00     0.00     0.00 -1 -4.25e-13      0.00 8.051e-01 1.948e-01 1.461e-05 4.009e-06 3.654e-05 -1.000 1.000e-04 2.979 3.521 3.007 3.102 3.234 3.334 3.368
0.0001 -2.19174 9.60206 1.0328648090 2.4795441628    1.032  0.760  3.9174  4.313    1  0.000  0.533     0.00     0.00     0.00     0.00     0.00 -1  -4.7e-13      0.00 8.053e-01 1.947e-01 1.461e-05 4.008e-06 3.652e-05 -1.000 3.369e-05 2.870 3.405 2.890 3.005 3.148 3.250 3.284
0.0001 -2.19174 9.60206 1.0421172380 2.4813239574    1.041  0.804  3.9226  4.294    1  0.000  0.533     0.00     0.00     0.00     0.00     0.00 -1 -5.23e-13      0.00 8.054e-01 1.945e-01 1.460e-05 4.005e-06 3.651e-05 -1.000 8.896e-05 2.760 3.289 2.774 2.907 3.058 3.162 3.197
0.0001 -2.19174 9.60206 1.0499999523 2.4828116894    1.049  0.845  3.9267  4.272    1  0.000  0.533     0.00     0.00     0.00     0.00     0.00 -1  -5.8e-13      0.00 8.044e-01 1.955e-01 1.466e-05 4.021e-06 3.665e-05 -1.000 9.991e-05 2.657 3.181 2.668 2.815 2.973 3.077 3.113
0.0001 -2.19174 9.60206 1.0532845259 2.4834239483    1.052  0.862  3.9283  4.263    1  0.000  0.533     0.00     0.00     0.00     0.00     0.00 -1 -6.05e-13      0.00 8.040e-01 1.959e-01 1.468e-05 4.027e-06 3.671e-05 -1.000 1.000e-04 2.615 3.138 2.625 2.778 2.938 3.043 3.079
0.0001 -2.19174 9.60206 1.0581575632 2.4843244553    1.057  0.889  3.9300  4.245    1  0.000  0.533     0.00     0.00     0.00     0.00     0.00 -1 -6.53e-13      0.00 8.034e-01 1.965e-01 1.472e-05 4.036e-06 3.679e-05 -1.000 9.996e-05 2.547 3.067 2.555 2.715 2.878 2.983 3.019
0.0001 -2.19174 9.60206 1.0584470034 2.4843776226    1.057  0.891  3.9301  4.243    1  0.000  0.533     0.00     0.00     0.00     0.00     0.00 -1 -6.56e-13      0.00 8.034e-01 1.965e-01 1.472e-05 4.037e-06 3.679e-05 -1.000 1.000e-04 2.543 3.063 2.551 2.711 2.875 2.979 3.015
0.0001 -2.19174 9.60206 1.0602198839 2.4847025871    1.059  0.901  3.9305  4.236    1  0.000  0.533     0.00     0.00     0.00     0.00     0.00 -1 -6.77e-13      0.00 8.032e-01 1.967e-01 1.473e-05 4.040e-06 3.682e-05 -1.000 9.997e-05 2.517 3.036 2.525 2.687 2.851 2.956 2.992
0.0001 -2.19174 9.60206 1.0604225397 2.4847397804    1.059  0.902  3.9306  4.235    1  0.000  0.533     0.00     0.00     0.00     0.00     0.00 -1  -6.8e-13      0.00 8.032e-01 1.967e-01 1.473e-05 4.040e-06 3.682e-05 -1.000 9.997e-05 2.514 3.033 2.522 2.684 2.849 2.953 2.989
0.0001 -2.19174 9.60206 1.0626538992 2.4851469994    1.061  0.916  3.9310  4.224    1  0.000  0.533     0.00     0.00     0.00     0.00     0.00 -1 -7.06e-13      0.00 8.029e-01 1.970e-01 1.475e-05 4.044e-06 3.686e-05 -1.000 9.999e-05 2.481 2.998 2.488 2.652 2.817 2.921 2.957
0.0001 -2.19174 9.60206 1.0726242065 2.4869422913    1.071  0.982  3.9303  4.159    2  0.000  0.534     0.00     0.00     0.00     0.00     0.00 -1 -8.61e-13      0.00 8.017e-01 1.982e-01 1.482e-05 4.063e-06 3.703e-05 -1.000 9.993e-05 2.316 2.826 2.317 2.484 2.650 2.751 2.787
0.0001 -2.19174 9.60206 1.0782092810 2.4879314899    1.076  1.026  3.9260  4.100    2  0.000  0.534     0.00     0.00     0.00     0.00     0.00 -1 -1.01e-12      0.00 8.011e-01 1.988e-01 1.485e-05 4.073e-06 3.712e-05 -1.000 9.997e-05 2.206 2.711 2.203 2.361 2.522 2.620 2.656
0.0001 -2.19174 9.60206 1.0822082758 2.4886324406    1.080  1.063  3.9178  4.032    2  0.000  0.534     0.00     0.00     0.00     0.00     0.00 -1 -1.18e-12      0.00 8.006e-01 1.993e-01 1.488e-05 4.080e-06 3.718e-05 -1.000 9.999e-05 2.112 2.615 2.106 2.243 2.394 2.486 2.521
0.0001 -2.19174 9.60206 1.0844556093 2.4890236855    1.083  1.088  3.9095  3.975    2  0.000  0.534     0.00     0.00     0.00     0.00     0.00 -1 -1.33e-12      0.00 8.004e-01 1.995e-01 1.490e-05 4.084e-06 3.722e-05 -1.000 9.997e-05 2.051 2.556 2.046 2.160 2.299 2.387 2.420
0.0001 -2.19174 9.60206 1.0861506462 2.4893176556    1.084  1.108  3.9002  3.918    2  0.000  0.534     0.00     0.00     0.00     0.00     0.00 -1 -1.48e-12      0.00 8.002e-01 1.997e-01 1.491e-05 4.087e-06 3.725e-05 -1.000 9.999e-05 2.000 2.510 2.002 2.089 2.214 2.297 2.329
0.0001 -2.19174 9.60206 1.0873148441 2.4895188808    1.085  1.124  3.8906  3.865    2  0.000  0.534     0.00     0.00     0.00     0.00     0.00 -1 -1.63e-12      0.00 8.000e-01 1.999e-01 1.492e-05 4.089e-06 3.727e-05 -1.000 9.993e-05 1.961 2.481 1.975 2.033 2.142 2.219 2.250
0.0001 -2.19174 9.60206 1.0881668329 2.4896659851    1.086  1.136  3.8816  3.816    2  0.000  0.534     0.00     0.00     0.00     0.00     0.00 -1 -1.77e-12      0.00 7.999e-01 2.000e-01 1.492e-05 4.091e-06 3.728e-05 -1.000 9.991e-05 1.931 2.463 1.960 1.990 2.083 2.154 2.185
0.0001 -2.19174 9.60206 1.0890231133 2.4898133278    1.087  1.149  3.8695  3.755    2  0.000  0.534     0.00     0.00     0.00     0.00     0.00 -1 -1.96e-12      0.00 7.999e-01 2.000e-01 1.493e-05 4.092e-06 3.729e-05 -1.000 1.000e-04 1.898 2.450 1.949 1.943 2.015 2.078 2.106
0.0001 -2.19174 9.60206 1.0896869898 2.4899275303    1.088  1.160  3.8575  3.697    2  0.000  0.534     0.00     0.00     0.00     0.00     0.00 -1 -2.14e-12      0.00 7.998e-01 2.001e-01 1.493e-05 4.094e-06 3.730e-05 -1.000 9.990e-05 1.871 2.447 1.946 1.903 1.954 2.009 2.036
0.0001 -2.19174 9.60206 1.0902278423 2.4900202751    1.088  1.169  3.8451  3.638    2  0.000  0.534     0.00     0.00     0.00     0.00     0.00 -1 -2.34e-12      0.00 7.997e-01 2.002e-01 1.493e-05 4.095e-06 3.731e-05 -1.000 1.000e-04 1.847 2.452 1.951 1.870 1.899 1.945 1.969
0.0001 -2.19174 9.60206 1.0906921625 2.4901001453    1.089  1.177  3.8331  3.582    2  0.000  0.534     0.00     0.00     0.00     0.00     0.00 -1 -2.54e-12      0.00 7.997e-01 2.002e-01 1.494e-05 4.095e-06 3.732e-05 -1.000 9.999e-05 1.827 2.463 1.960 1.841 1.850 1.886 1.907
0.0001 -2.19174 9.60206 1.0911349058 2.4901759624    1.089  1.185  3.8214  3.528    2  0.000  0.534     0.00     0.00     0.00     0.00     0.00 -1 -2.75e-12      0.00 7.996e-01 2.003e-01 1.494e-05 4.096e-06 3.733e-05 -1.000 9.999e-05 1.808 2.478 1.969 1.815 1.804 1.830 1.848
0.0001 -2.19174 9.60206 1.0915945768 2.4902546406    1.089  1.193  3.8098  3.473    2  0.000  0.534     0.00     0.00     0.00     0.00     0.00 -1 -2.98e-12      0.00 7.996e-01 2.003e-01 1.494e-05 4.097e-06 3.733e-05 -1.000 9.987e-05 1.788 2.497 1.980 1.788 1.758 1.774 1.788
0.0001 -2.19174 9.60206 1.0920994282 2.4903409481    1.090  1.201  3.7978  3.418    2  0.000  0.534     0.00     0.00     0.00     0.00     0.00 -1 -3.23e-12      0.00 7.995e-01 2.004e-01 1.495e-05 4.098e-06 3.734e-05 -1.000 1.000e-04 1.768 2.524 1.994 1.762 1.712 1.717 1.727
0.0001 -2.19174 9.60206 1.0926241875 2.4904305935    1.090  1.208  3.7859  3.363    2  0.000  0.534     0.00     0.00     0.00     0.00     0.00 -1  -3.5e-12      0.00 7.994e-01 2.005e-01 1.495e-05 4.099e-06 3.735e-05 -1.000 9.999e-05 1.750 2.558 2.011 1.739 1.669 1.663 1.669
0.0001 -2.19174 9.60206 1.0931935310 2.4905276299    1.091  1.213  3.7743  3.312    2  0.000  0.534     0.00     0.00     0.00     0.00     0.00 -1 -3.75e-12      0.00 7.965e-01 2.034e-01 1.511e-05 4.142e-06 3.774e-05 -1.000 1.000e-04 1.737 2.602 2.033 1.722 1.633 1.615 1.617
0.0001 -2.19174 9.60206 1.0938229561 2.4906349182    1.092  1.217  3.7639  3.266    2  0.000  0.535     0.00     0.00     0.00     0.00     0.00 -1 -3.99e-12      0.00 7.803e-01 2.196e-01 1.602e-05 4.386e-06 3.991e-05 -1.000 1.001e-04 1.727 2.649 2.054 1.708 1.602 1.574 1.572
0.0001 -2.19174 9.60206 1.0946221352 2.4907710552    1.092  1.227  3.7533  3.214    2  0.000  0.537     0.00     0.00     0.00     0.00     0.00 -1 -4.33e-12      0.00 7.650e-01 2.349e-01 1.690e-05 4.621e-06 4.201e-05 -1.000 1.000e-04 1.702 2.689 2.064 1.680 1.557 1.518 1.511
0.0001 -2.19174 9.60206 1.0950623751 2.4908459187    1.093  1.245  3.7497  3.182    3  0.000  0.537     0.00     0.00     0.00     0.00     0.00 -1 -4.66e-12      0.00 7.625e-01 2.374e-01 1.705e-05 4.660e-06 4.235e-05 -1.000 1.000e-04 1.658 2.668 2.032 1.635 1.506 1.463 1.456
0.0001 -2.19174 9.60206 1.0958141088 2.4909734726    1.093  1.281  3.7445  3.126    3  0.000  0.537     0.00     0.00     0.00     0.00     0.00 -1 -5.39e-12      0.00 7.590e-01 2.409e-01 1.723e-05 4.709e-06 4.279e-05 -1.000 1.001e-04 1.567 2.614 1.959 1.544 1.406 1.358 1.348
0.0001 -2.19174 9.60206 1.0964320898 2.4910781384    1.094  1.319  3.7414  3.075    3  0.000  0.537     0.00     0.00     0.00     0.00     0.00 -1 -6.22e-12      0.00 7.571e-01 2.428e-01 1.731e-05 4.731e-06 4.298e-05 -1.000 9.999e-05 1.472 2.541 1.875 1.449 1.306 1.254 1.242
0.0001 -2.19174 9.60206 1.0970387459 2.4911808968    1.095  1.361  3.7389  3.024    3  0.000  0.537     0.00     0.00     0.00     0.00     0.00 -1 -7.26e-12      0.00 7.554e-01 2.445e-01 1.736e-05 4.747e-06 4.311e-05 -1.000 1.000e-04 1.367 2.454 1.779 1.345 1.198 1.143 1.131
0.0001 -2.19174 9.60206 1.0976346731 2.4912815094    1.095  1.405  3.7368  2.972    3  0.000  0.535     0.00     0.00     0.00     0.00     0.00 -1 -8.51e-12      0.00 7.536e-01 2.463e-01 1.734e-05 4.771e-06 4.320e-05 -1.000 1.000e-04 1.258 2.361 1.677 1.236 1.086 1.029 1.015
0.0001 -2.19174 9.60206 1.0981967449 2.4913766384    1.096  1.448  3.7349  2.921    3  0.000  0.529     0.00     0.00     0.00     0.00     0.00 -1 -9.96e-12      0.00 7.517e-01 2.482e-01 1.717e-05 4.889e-06 4.328e-05 -1.000 9.996e-05 1.150 2.266 1.575 1.128 0.975 0.915 0.901
0.0001 -2.19174 9.60206 1.0987418890 2.4914684296    1.096  1.492  3.7332  2.870    3  0.000  0.514     0.00     0.00     0.00     0.00     0.00 -1 -1.17e-11      0.00 7.498e-01 2.501e-01 1.671e-05 5.320e-06 4.334e-05 -1.000 1.000e-04 1.039 2.168 1.470 1.018 0.862 0.800 0.785
0.0001 -2.19174 9.60206 1.0992496014 2.4915540218    1.097  1.536  3.7316  2.821    3  0.000  0.492     0.00     0.00     0.00     0.00     0.00 -1 -1.37e-11      0.00 7.478e-01 2.521e-01 1.602e-05 6.107e-06 4.338e-05 -1.000 9.999e-05 0.930 2.070 1.366 0.909 0.751 0.688 0.672
0.0001 -2.19174 9.60206 1.0997232199 2.4916336536    1.097  1.579  3.7301  2.772    3  0.000  0.473     0.00     0.00     0.00     0.00     0.00 -1 -1.59e-11      0.00 7.460e-01 2.539e-01 1.540e-05 6.873e-06 4.342e-05 -1.000 1.000e-04 0.824 1.975 1.265 0.803 0.642 0.577 0.561
0.0001 -2.19174 9.60206 1.1000000238 2.4916803837    1.097  1.605  3.7291  2.742    3  0.000  0.463     0.00     0.00     0.00     0.00     0.00 -1 -1.75e-11      0.00 7.449e-01 2.550e-01 1.510e-05 7.257e-06 4.344e-05 -1.000 1.001e-04 0.759 1.917 1.203 0.739 0.576 0.510 0.493
0.0001 -2.19174 9.60206 1.1003545523 2.4917397499    1.098  1.639  3.7280  2.704    3  0.000  0.452     0.00     0.00     0.00     0.00     0.00 -1 -1.98e-11      0.00 7.436e-01 2.563e-01 1.475e-05 7.702e-06 4.346e-05 -1.000 9.993e-05 0.674 1.842 1.123 0.654 0.490 0.423 0.405
0.0001 -2.19174 9.60206 1.1007809639 2.4918115139    1.098  1.682  3.7265  2.655    3  0.000  0.441     0.00     0.00     0.00     0.00     0.00 -1 -2.31e-11      0.00 7.420e-01 2.579e-01 1.439e-05 8.147e-06 4.348e-05 -1.000 1.000e-04 0.565 1.745 1.020 0.547 0.380 0.311 0.293
0.0001 -2.19174 9.60206 1.1011953354 2.4918808937    1.098  1.727  3.7248  2.603    3  0.000  0.435     0.00     0.00     0.00     0.00     0.00 -1 -2.71e-11      0.00 7.408e-01 2.591e-01 1.418e-05 8.430e-06 4.349e-05 -1.000 1.000e-04 0.454 1.647 0.914 0.436 0.267 0.196 0.176
0.0001 -2.19174 9.60206 1.1015549898 2.4919412136    1.098  1.768  3.7233  2.556    3  0.000  0.428     0.00     0.00     0.00     0.00     0.00 -1 -3.15e-11      0.00 7.396e-01 2.603e-01 1.397e-05 8.683e-06 4.351e-05 -1.000 9.999e-05 0.350 1.554 0.816 0.333 0.161 0.089 0.069
0.0001 -2.19174 9.60206 1.1019110680 2.4920008183    1.099  1.812  3.7219  2.506    3  0.000  0.424     0.00     0.00     0.00     0.00     0.00 -1 -3.69e-11      0.00 7.387e-01 2.612e-01 1.383e-05 8.865e-06 4.351e-05 -1.000 1.001e-04 0.240 1.455 0.711 0.223 0.050 -0.024 -0.045
0.0001 -2.19174 9.60206 1.1022312641 2.4920544624    1.099  1.855  3.7202  2.457    3  0.000  0.421     0.00     0.00     0.00     0.00     0.00 -1 -4.31e-11      0.00 7.381e-01 2.618e-01 1.374e-05 8.981e-06 4.352e-05 -1.000 1.000e-04 0.133 1.364 0.611 0.117 -0.059 -0.135 -0.157
0.0001 -2.19174 9.60206 1.1025233269 2.4921033382    1.099  1.896  3.7186  2.409    3  0.000  0.419     0.00     0.00     0.00     0.00     0.00 -1 -5.01e-11      0.00 7.377e-01 2.622e-01 1.367e-05 9.067e-06 4.352e-05 -1.000 9.999e-05 0.029 1.275 0.513 0.013 -0.165 -0.243 -0.266
0.0001 -2.19174 9.60206 1.1028110981 2.4921514988    1.099  1.941  3.7171  2.359    3  0.000  0.418     0.00     0.00     0.00     0.00     0.00 -1 -5.87e-11      0.00 7.374e-01 2.625e-01 1.363e-05 9.121e-06 4.353e-05 -1.000 1.000e-04 -0.082 1.180 0.409 -0.097 -0.278 -0.358 -0.381
0.0001 -2.19174 9.60206 1.1030679941 2.4921944141    1.099  1.983  3.7154  2.310    3  0.000  0.417     0.00     0.00     0.00     0.00     0.00 -1 -6.85e-11      0.00 7.372e-01 2.627e-01 1.361e-05 9.150e-06 4.353e-05 -1.000 9.862e-05 -0.187 1.093 0.310 -0.201 -0.386 -0.468 -0.492
0.0001 -2.19174 9.60206 1.1033022404 2.4922335148    1.099  2.024  3.7138  2.262    3  0.000  0.416     0.00     0.00     0.00     0.00     0.00 -1 -7.97e-11      0.00 7.371e-01 2.628e-01 1.360e-05 9.167e-06 4.353e-05 -1.000 9.611e-05 -0.291 1.006 0.214 -0.304 -0.491 -0.575 -0.600
0.0001 -2.19174 9.60206 1.1035271883 2.4922711849    1.099  2.067  3.7122  2.213    3  0.000  0.416     0.00     0.00     0.00     0.00     0.00 -1 -9.29e-11      0.00 7.371e-01 2.628e-01 1.359e-05 9.172e-06 4.353e-05 -1.000 9.820e-05 -0.397 0.916 0.114 -0.410 -0.599 -0.685 -0.711
0.0001 -2.19174 9.60206 1.1037402153 2.4923067093    1.099  2.110  3.7105  2.163    3  0.000  0.416     0.00     0.00     0.00     0.00     0.00 -1 -1.09e-10      0.00 7.371e-01 2.628e-01 1.358e-05 9.174e-06 4.353e-05 -1.000 1.000e-04 -0.504 0.827 0.015 -0.516 -0.709 -0.796 -0.823
0.0001 -2.19174 9.60206 1.1039316654 2.4923386574    1.099  2.151  3.7088  2.115    3  0.000  0.416     0.00     0.00     0.00     0.00     0.00 -1 -1.26e-10      0.00 7.371e-01 2.628e-01 1.358e-05 9.177e-06 4.353e-05 -1.000 1.000e-04 -0.608 0.742 -0.081 -0.619 -0.815 -0.904 -0.932
0.0001 -2.19174 9.60206 1.1041165590 2.4923694134    1.099  2.194  3.7072  2.065    3  0.000  0.416     0.00     0.00     0.00     0.00     0.00 -1 -1.48e-10      0.00 7.370e-01 2.629e-01 1.358e-05 9.179e-06 4.354e-05 -1.000 1.000e-04 -0.716 0.653 -0.181 -0.725 -0.924 -1.015 -1.044
0.0001 -2.19174 9.60206 1.1042805910 2.4923968315    1.099  2.235  3.7055  2.018    3  0.000  0.416     0.00     0.00     0.00     0.00     0.00 -1 -1.72e-10      0.00 7.370e-01 2.629e-01 1.358e-05 9.181e-06 4.354e-05 -1.000 1.000e-04 -0.818 0.571 -0.274 -0.826 -1.027 -1.121 -1.150
0.0001 -2.19174 9.60206 1.1044373512 2.4924228191    1.099  2.277  3.7038  1.969    3  0.000  0.416     0.00     0.00     0.00     0.00     0.00 -1    -2e-10      0.00 7.370e-01 2.629e-01 1.358e-05 9.183e-06 4.354e-05 -1.000 9.999e-05 -0.923 0.488 -0.370 -0.929 -1.134 -1.230 -1.260
0.0001 -2.19174 9.60206 1.1045871973 2.4924478531    1.098  2.320  3.7021  1.920    3  0.000  0.416     0.00     0.00     0.00     0.00     0.00 -1 -2.33e-10      0.00 7.370e-01 2.629e-01 1.358e-05 9.185e-06 4.354e-05 -1.000 9.999e-05 -1.029 0.402 -0.469 -1.035 -1.243 -1.341 -1.372
0.0001 -2.19174 9.60206 1.1047247648 2.4924707413    1.098  2.361  3.7003  1.871    3  0.000  0.416     0.00     0.00     0.00     0.00     0.00 -1 -2.71e-10      0.00 7.370e-01 2.629e-01 1.357e-05 9.187e-06 4.354e-05 -1.000 9.999e-05 -1.132 0.324 -0.562 -1.136 -1.347 -1.447 -1.480
0.0001 -2.19174 9.60206 1.1048656702 2.4924941063    1.098  2.401  3.6986  1.824    3  0.000  0.416     0.00     0.00     0.00     0.00     0.00 -1 -3.15e-10      0.00 7.370e-01 2.629e-01 1.357e-05 9.189e-06 4.354e-05 -1.000 9.996e-05 -1.233 0.246 -0.653 -1.236 -1.450 -1.552 -1.585
0.0001 -2.19174 9.60206 1.1049934626 2.4925153255    1.097  2.424  3.6978  1.797    3  0.000  0.416     0.00     0.00     0.00     0.00     0.00 -1 -3.44e-10      0.00 7.370e-01 2.629e-01 1.357e-05 9.190e-06 4.354e-05 -1.000 9.999e-05 -1.290 0.201 -0.706 -1.292 -1.508 -1.611 -1.645
0.0001 -2.19174 9.60206 1.1050509214 2.4925248623    1.097  2.406  3.6986  1.819    3  0.000  0.416     0.00     0.00     0.00     0.00     0.00 -1 -3.24e-10      0.00 7.370e-01 2.629e-01 1.357e-05 9.191e-06 4.354e-05 -1.000 1.000e-04 -1.244 0.235 -0.665 -1.247 -1.462 -1.564 -1.597
0.0001 -2.19174 9.60206 1.1051235199 2.4925370216    1.097  2.379  3.6999  1.851    3  0.000  0.416     0.00     0.00     0.00     0.00     0.00 -1 -2.95e-10      0.00 7.370e-01 2.629e-01 1.357e-05 9.192e-06 4.354e-05 -1.000 9.999e-05 -1.177 0.284 -0.604 -1.181 -1.393 -1.493 -1.526
0.0001 -2.19174 9.60206 1.1051365137 2.4925391674    1.097  2.372  3.7002  1.860    3  0.000  0.416     0.00     0.00     0.00     0.00     0.00 -1 -2.88e-10      0.00 7.370e-01 2.629e-01 1.357e-05 9.192e-06 4.354e-05 -1.000 9.999e-05 -1.159 0.297 -0.589 -1.164 -1.375 -1.475 -1.507
0.0001 -2.19174 9.60206 1.1051646471 2.4925439358    1.097  2.383  3.6998  1.846    3  0.000  0.416     0.00     0.00     0.00     0.00     0.00 -1 -2.98e-10      0.00 7.370e-01 2.629e-01 1.357e-05 9.193e-06 4.354e-05 -1.000 1.001e-04 -1.187 0.276 -0.614 -1.192 -1.404 -1.504 -1.537
0.0001 -2.19174 9.60206 1.1052656174 2.4925606251    1.097  2.422  3.6981  1.800    3  0.000  0.416     0.00     0.00     0.00     0.00     0.00 -1 -3.41e-10      0.00 7.370e-01 2.629e-01 1.357e-05 9.194e-06 4.354e-05 -1.000 9.999e-05 -1.285 0.201 -0.703 -1.288 -1.503 -1.606 -1.639
0.0001 -2.19174 9.60206 1.1053670645 2.4925775528    1.096  2.462  3.6965  1.754    3  0.000  0.416     0.00     0.00     0.00     0.00     0.00 -1 -3.94e-10      0.00 7.370e-01 2.629e-01 1.357e-05 9.195e-06 4.354e-05 -1.000 9.999e-05 -1.385 0.125 -0.793 -1.386 -1.604 -1.709 -1.743
0.0001 -2.19174 9.60206 1.1054614782 2.4925932884    1.096  2.501  3.6947  1.708    3  0.000  0.415     4.88     3.97     2.88     2.19     1.78  4 -4.54e-10      0.00 7.370e-01 2.629e-01 1.357e-05 9.196e-06 4.354e-05 -1.000 9.996e-05 -1.481 0.053 -0.880 -1.481 -1.703 -1.809 -1.845
0.0001 -2.19174 9.60206 1.1055508852 2.4926080704    1.095  2.539  3.6931  1.663    3  0.000  0.415     5.36     4.31     3.12     2.37     1.92  4 -5.23e-10      0.00 7.370e-01 2.629e-01 1.357e-05 9.197e-06 4.354e-05 -1.000 1.000e-04 -1.578 -0.020 -0.967 -1.576 -1.801 -1.910 -1.946
0.0001 -2.19174 9.60206 1.1056352854 2.4926221371    1.095  2.578  3.6914  1.617    3  0.000  0.415     5.89     4.68     3.37     2.57     2.08  4 -6.03e-10      0.00 7.370e-01 2.629e-01 1.356e-05 9.199e-06 4.354e-05 -1.000 1.000e-04 -1.675 -0.093 -1.053 -1.671 -1.899 -2.010 -2.047
0.0001 -2.19174 9.60206 1.1057119370 2.4926347733    1.094  2.615  3.6897  1.573    3  0.000  0.415     6.45     5.07     3.64     2.78     2.25  4 -6.92e-10      0.00 7.370e-01 2.629e-01 1.356e-05 9.199e-06 4.354e-05 -1.000 9.993e-05 -1.768 -0.161 -1.136 -1.762 -1.993 -2.106 -2.144
0.0001 -2.19174 9.60206 1.1057845354 2.4926469326    1.094  2.652  3.6881  1.529    3  0.000  0.415     7.07     5.49     3.93     3.00     2.43  4 -7.94e-10      0.00 7.370e-01 2.629e-01 1.356e-05 9.200e-06 4.354e-05 -1.000 9.990e-05 -1.861 -0.228 -1.218 -1.853 -2.087 -2.203 -2.242
0.0001 -2.19174 9.60206 1.1058540344 2.4926583767    1.093  2.690  3.6864  1.484    3  0.000  0.415     7.75     5.95     4.24     3.24     2.63  4 -9.14e-10      0.00 7.370e-01 2.629e-01 1.356e-05 9.201e-06 4.354e-05 -1.000 9.999e-05 -1.956 -0.295 -1.302 -1.945 -2.183 -2.301 -2.341
0.0001 -2.19174 9.60206 1.1059173346 2.4926688671    1.093  2.727  3.6846  1.440    3  0.000  0.415     8.49     6.44     4.58     3.50     2.84  4 -1.05e-09      0.00 7.370e-01 2.629e-01 1.356e-05 9.202e-06 4.354e-05 -1.000 9.999e-05 -2.047 -0.346 -1.380 -2.035 -2.277 -2.397 -2.438
0.0001 -2.19174 9.60206 1.1059775352 2.4926788807    1.092  2.764  3.6829  1.396    3  0.000  0.415     9.31     6.98     4.94     3.79     3.07  4  -1.2e-09      0.00 7.370e-01 2.629e-01 1.356e-05 9.203e-06 4.354e-05 -1.000 9.993e-05 -2.140 -0.392 -1.457 -2.127 -2.373 -2.495 -2.537
0.0001 -2.19174 9.60206 1.1060309410 2.4926879406    1.091  2.799  3.6814  1.355    3  0.000  0.415    10.14     7.52     5.30     4.07     3.30  3 -1.37e-09      0.00 7.370e-01 2.629e-01 1.356e-05 9.204e-06 4.354e-05 -1.000 1.000e-04 -2.227 -0.433 -1.530 -2.214 -2.463 -2.587 -2.630
0.0001 -2.19174 9.60206 1.1060833931 2.4926965237    1.090  2.835  3.6795  1.310    3  0.000  0.415    11.11     8.15     5.72     4.40     3.57  3 -1.57e-09      0.00 7.370e-01 2.629e-01 1.356e-05 9.204e-06 4.354e-05 -1.000 9.993e-05 -2.318 -0.465 -1.602 -2.304 -2.558 -2.684 -2.728
0.0001 -2.19174 9.60206 1.1061313152 2.4927046299    1.089  2.870  3.6779  1.268    3  0.000  0.415    12.12     8.79     6.15     4.73     3.84  3 -1.79e-09      0.00 7.370e-01 2.629e-01 1.356e-05 9.205e-06 4.354e-05 -1.000 1.000e-04 -2.406 -0.497 -1.672 -2.390 -2.648 -2.777 -2.822
0.0001 -2.19174 9.60206 1.1061762571 2.4927120209    1.089  2.905  3.6762  1.226    3  0.000  0.415    13.21     9.48     6.61     5.09     4.14  3 -2.04e-09      0.00 7.370e-01 2.629e-01 1.356e-05 9.205e-06 4.354e-05 -1.000 1.000e-04 -2.493 -0.523 -1.739 -2.475 -2.738 -2.869 -2.915
0.0001 -2.19174 9.60206 1.1062188148 2.4927189350    1.087  2.940  3.6745  1.184    3  0.000  0.415    14.42    10.23     7.11     5.48     4.45  3 -2.32e-09      0.00 7.370e-01 2.629e-01 1.356e-05 9.206e-06 4.354e-05 -1.000 9.996e-05 -2.580 -0.543 -1.805 -2.561 -2.828 -2.962 -3.009
0.0001 -2.19174 9.60206 1.1062670946 2.4927270412    1.086  2.982  3.6724  1.133    3  0.000  0.415    16.01    11.21     7.76     5.99     4.87  3 -2.72e-09      0.00 7.370e-01 2.629e-01 1.356e-05 9.206e-06 4.354e-05 -1.000 9.996e-05 -2.685 -0.565 -1.882 -2.663 -2.937 -3.074 -3.121
0.0001 -2.19174 9.60206 1.1063036919 2.4927330017    1.085  3.016  3.6707  1.092    3  0.000  0.415    17.44    12.07     8.33     6.44     5.23  3 -3.09e-09      0.00 7.370e-01 2.629e-01 1.356e-05 9.207e-06 4.354e-05 -1.000 9.996e-05 -2.770 -0.575 -1.942 -2.745 -3.024 -3.164 -3.213
0.0001 -2.19174 9.60206 1.1063451767 2.4927399158    1.083  3.056  3.6685  1.042    3  0.000  0.415    19.33    13.20     9.07     7.02     5.71  3 -3.61e-09      0.00 7.370e-01 2.629e-01 1.356e-05 9.207e-06 4.354e-05 -1.000 9.996e-05 -2.871 -0.579 -2.010 -2.843 -3.129 -3.272 -3.322
0.0001 -2.19174 9.60206 1.1063771248 2.4927453995    1.082  3.089  3.6669  1.003    3  0.000  0.415    20.98    14.18     9.72     7.53     6.12  2 -4.08e-09      0.00 7.370e-01 2.629e-01 1.356e-05 9.208e-06 4.354e-05 -1.000 9.999e-05 -2.953 -0.580 -2.065 -2.921 -3.213 -3.359 -3.410
0.0001 -2.19174 9.60206 1.1064138412 2.4927513599    1.080  3.129  3.6647  0.953    3  0.000  0.415    23.22    15.49    10.57     8.20     6.67  2 -4.75e-09      0.00 7.370e-01 2.629e-01 1.356e-05 9.208e-06 4.354e-05 -1.000 1.000e-04 -3.052 -0.564 -2.123 -3.015 -3.315 -3.465 -3.518
0.0001 -2.19174 9.60206 1.1064478159 2.4927570820    1.078  3.167  3.6628  0.907    3  0.000  0.415    25.56    16.84    11.45     8.90     7.23  2  -5.5e-09      0.00 7.370e-01 2.629e-01 1.356e-05 9.209e-06 4.354e-05 -1.000 9.996e-05 -3.147 -0.549 -2.178 -3.104 -3.414 -3.567 -3.621
0.0001 -2.19174 9.60206 1.1064794064 2.4927623272    1.076  3.201  3.6610  0.865    3  0.000  0.415    27.89    18.17    12.31     9.57     7.79  2 -6.27e-09      0.00 7.370e-01 2.629e-01 1.356e-05 9.209e-06 4.354e-05 -1.000 9.999e-05 -3.232 -0.523 -2.221 -3.183 -3.501 -3.659 -3.714
0.0001 -2.19174 9.60206 1.1064794064 2.4927623272    1.076  1.878  3.7773  2.653    4  0.000  0.426     0.00     0.00     0.00     0.00     0.00 -1    -1e-30      0.00 7.383e-01 2.616e-01 1.389e-05 8.775e-06 4.348e-05 -1.000 9.990e-05 0.076 0.902 0.329 0.046 -0.031 -0.047 -0.045
0.0001 -2.19174 9.60206 1.1066904068 2.4927973747    1.076  1.892  3.7709  2.613    4  0.000  0.426     0.00     0.00     0.00     0.00     0.00 -1    -1e-30      0.00 7.383e-01 2.616e-01 1.389e-05 8.778e-06 4.348e-05 -1.000 9.996e-05 0.040 0.903 0.316 0.010 -0.078 -0.101 -0.101
0.0001 -2.19174 9.60206 1.1068954468 2.4928312302    1.076  1.897  3.7693  2.603    4  0.000  0.426     0.00     0.00     0.00     0.00     0.00 -1    -1e-30      0.00 7.383e-01 2.616e-01 1.389e-05 8.781e-06 4.348e-05 -1.000 9.999e-05 0.029 0.901 0.310 -0.001 -0.092 -0.116 -0.117
0.0001 -2.19174 9.60206 1.1071046591 2.4928658009    1.076  1.900  3.7686  2.597    4  0.000  0.426     0.00     0.00     0.00     0.00     0.00 -1    -1e-30      0.00 7.383e-01 2.616e-01 1.389e-05 8.785e-06 4.348e-05 -1.000 9.996e-05 0.020 0.896 0.304 -0.010 -0.101 -0.126 -0.127
0.0001 -2.19174 9.60206 1.1073137522 2.4929006100    1.077  1.903  3.7687  2.594    4  0.000  0.426     0.00     0.00     0.00     0.00     0.00 -1    -1e-30      0.00 7.383e-01 2.616e-01 1.388e-05 8.788e-06 4.348e-05 -1.000 9.993e-05 0.013 0.888 0.296 -0.017 -0.109 -0.134 -0.135
0.0001 -2.19174 9.60206 1.1075252295 2.4929356575    1.077  1.905  3.7693  2.594    4  0.000  0.426     0.00     0.00     0.00     0.00     0.00 -1    -1e-30      0.00 7.383e-01 2.616e-01 1.388e-05 8.792e-06 4.348e-05 -1.000 9.996e-05 0.007 0.878 0.288 -0.023 -0.114 -0.138 -0.139
0.0001 -2.19174 9.60206 1.1077398062 2.4929709435    1.077  1.907  3.7705  2.597    4  0.000  0.426     0.00     0.00     0.00     0.00     0.00 -1    -1e-30      0.00 7.383e-01 2.616e-01 1.388e-05 8.795e-06 4.348e-05 -1.000 9.990e-05 0.001 0.866 0.278 -0.029 -0.117 -0.140 -0.141
0.0001 -2.19174 9.60206 1.1079504490 2.4930059910    1.077  1.909  3.7720  2.601    4  0.000  0.425     0.00     0.00     0.00     0.00     0.00 -1    -1e-30      0.00 7.383e-01 2.616e-01 1.387e-05 8.798e-06 4.349e-05 -1.000 9.993e-05 -0.003 0.852 0.268 -0.034 -0.119 -0.141 -0.140
0.0001 -2.19174 9.60206 1.1081583500 2.4930403233    1.078  1.911  3.7739  2.607    4  0.000  0.425     0.00     0.00     0.00     0.00     0.00 -1    -1e-30      0.00 7.382e-01 2.617e-01 1.387e-05 8.802e-06 4.349e-05 -1.000 9.996e-05 -0.007 0.838 0.257 -0.038 -0.120 -0.140 -0.139
0.0001 -2.19174 9.60206 1.1083741188 2.4930758476    1.078  1.912  3.7761  2.615    4  0.000  0.425     0.00     0.00     0.00     0.00     0.00 -1    -1e-30      0.00 7.382e-01 2.617e-01 1.387e-05 8.805e-06 4.349e-05 -1.000 1.000e-04 -0.011 0.821 0.245 -0.042 -0.120 -0.138 -0.136
0.0001 -2.19174 9.60206 1.1085839272 2.4931106567    1.078  1.914  3.7784  2.622    4  0.000  0.425     0.00     0.00     0.00     0.00     0.00 -1    -1e-30      0.00 7.382e-01 2.617e-01 1.387e-05 8.809e-06 4.349e-05 -1.000 1.000e-04 -0.015 0.804 0.233 -0.046 -0.120 -0.136 -0.133
0.0001 -2.19174 9.60206 1.1087774038 2.4931426048    1.078  1.915  3.7806  2.630    4  0.000  0.425     0.00     0.00     0.00     0.00     0.00 -1    -1e-30      0.00 7.382e-01 2.617e-01 1.386e-05 8.812e-06 4.349e-05 -1.000 9.990e-05 -0.018 0.788 0.222 -0.049 -0.119 -0.133 -0.129
0.0001 -2.19174 9.60206 1.1089842319 2.4931766987    1.078  1.917  3.7831  2.639    4  0.000  0.425     0.00     0.00     0.00     0.00     0.00 -1    -1e-30      0.00 7.382e-01 2.617e-01 1.386e-05 8.815e-06 4.349e-05 -1.000 9.993e-05 -0.022 0.772 0.209 -0.053 -0.119 -0.130 -0.125
0.0001 -2.19174 9.60206 1.1091952324 2.4932115078    1.079  1.918  3.7855  2.647    4  0.000  0.425     0.00     0.00     0.00     0.00     0.00 -1    -1e-30      0.00 7.382e-01 2.617e-01 1.386e-05 8.819e-06 4.349e-05 -1.000 9.993e-05 -0.025 0.756 0.197 -0.057 -0.118 -0.128 -0.122
0.0001 -2.19174 9.60206 1.1093918085 2.4932439327    1.079  1.920  3.7877  2.654    4  0.000  0.425     0.00     0.00     0.00     0.00     0.00 -1    -1e-30      0.00 7.382e-01 2.617e-01 1.386e-05 8.822e-06 4.349e-05 -1.000 9.993e-05 -0.029 0.741 0.185 -0.060 -0.118 -0.125 -0.119
0.0001 -2.19174 9.60206 1.1094545126 2.4932541847    1.079  1.920  3.7883  2.656    4  0.000  0.425     0.00     0.00     0.00     0.00     0.00 -1    -1e-30      0.00 7.382e-01 2.617e-01 1.386e-05 8.823e-06 4.349e-05 -1.000 9.993e-05 -0.030 0.737 0.182 -0.061 -0.118 -0.125 -0.118
0.0001 -2.19174 9.60206 1.1094763279 2.4932577610    1.079  1.920  3.7886  2.657    4  0.000  0.425     0.00     0.00     0.00     0.00     0.00 -1    -1e-30      0.00 7.382e-01 2.617e-01 1.386e-05 8.823e-06 4.349e-05 -1.000 9.993e-05 -0.030 0.735 0.180 -0.062 -0.118 -0.124 -0.118
0.0001 -2.19174 9.60206 1.1096707582 2.4932899475    1.079  1.922  3.7905  2.663    4  0.000  0.425     0.00     0.00     0.00     0.00     0.00 -1    -1e-30      0.00 7.382e-01 2.617e-01 1.385e-05 8.826e-06 4.349e-05 -1.000 1.000e-04 -0.034 0.722 0.170 -0.065 -0.118 -0.123 -0.116
0.0001 -2.19174 9.60206 1.1098586321 2.4933207035    1.079  1.923  3.7921  2.668    4  0.000  0.425     0.00     0.00     0.00     0.00     0.00 -1    -1e-30      0.00 7.382e-01 2.617e-01 1.385e-05 8.829e-06 4.349e-05 -1.000 9.996e-05 -0.038 0.710 0.160 -0.069 -0.119 -0.122 -0.114
0.0001 -2.19174 9.60206 1.1100511551 2.4933524132    1.080  1.925  3.7934  2.672    4  0.000  0.425     0.00     0.00     0.00     0.00     0.00 -1    -1e-30      0.00 7.382e-01 2.617e-01 1.385e-05 8.832e-06 4.349e-05 -1.000 9.999e-05 -0.042 0.699 0.151 -0.073 -0.120 -0.123 -0.114
0.0001 -2.19174 9.60206 1.1102427244 2.4933841228    1.080  1.926  3.7944  2.674    4  0.000  0.424     0.00     0.00     0.00     0.00     0.00 -1    -1e-30      0.00 7.381e-01 2.618e-01 1.385e-05 8.835e-06 4.349e-05 -1.000 9.993e-05 -0.046 0.691 0.144 -0.077 -0.123 -0.124 -0.116
0.0001 -2.19174 9.60206 1.1104424000 2.4934167862    1.080  1.928  3.7948  2.674    4  0.000  0.424     0.00     0.00     0.00     0.00     0.00 -1    -1e-30      0.00 7.381e-01 2.618e-01 1.384e-05 8.839e-06 4.349e-05 -1.000 9.990e-05 -0.051 0.683 0.137 -0.082 -0.127 -0.128 -0.119
0.0001 -2.19174 9.60206 1.1106406450 2.4934494495    1.080  1.930  3.7948  2.672    4  0.000  0.424     0.00     0.00     0.00     0.00     0.00 -1    -1e-30      0.00 7.381e-01 2.618e-01 1.384e-05 8.842e-06 4.349e-05 -1.000 9.996e-05 -0.056 0.678 0.132 -0.087 -0.132 -0.133 -0.124
0.0001 -2.19174 9.60206 1.1108371019 2.4934818745    1.080  1.933  3.7943  2.668    4  0.000  0.424     0.00     0.00     0.00     0.00     0.00 -1    -1e-30      0.00 7.381e-01 2.618e-01 1.384e-05 8.845e-06 4.349e-05 -1.000 9.996e-05 -0.062 0.675 0.128 -0.092 -0.138 -0.140 -0.131
0.0001 -2.19174 9.60206 1.1108914614 2.4934906960    1.081  1.933  3.7941  2.667    4  0.000  0.424     0.00     0.00     0.00     0.00     0.00 -1    -1e-30      0.00 7.381e-01 2.618e-01 1.384e-05 8.846e-06 4.349e-05 -1.000 9.996e-05 -0.063 0.674 0.127 -0.094 -0.140 -0.142 -0.133
0.0001 -2.19174 9.60206 1.1110697985 2.4935200214    1.081  1.936  3.7929  2.660    4  0.000  0.424     0.00     0.00     0.00     0.00     0.00 -1    -1e-30      0.00 7.381e-01 2.618e-01 1.384e-05 8.849e-06 4.349e-05 -1.000 1.000e-04 -0.069 0.675 0.126 -0.100 -0.148 -0.151 -0.143
0.0001 -2.19174 9.60206 1.1112790108 2.4935543537    1.081  1.938  3.7909  2.649    4  0.000  0.424     0.00     0.00     0.00     0.00     0.00 -1    -1e-30      0.00 7.381e-01 2.618e-01 1.383e-05 8.852e-06 4.349e-05 -1.000 9.996e-05 -0.076 0.677 0.125 -0.108 -0.159 -0.164 -0.157
0.0001 -2.19174 9.60206 1.1114771366 2.4935870171    1.081  1.942  3.7883  2.636    4  0.000  0.424     0.00     0.00     0.00     0.00     0.00 -1    -1e-30      0.00 7.381e-01 2.618e-01 1.383e-05 8.855e-06 4.349e-05 -1.000 9.996e-05 -0.084 0.682 0.127 -0.116 -0.172 -0.179 -0.172
0.0001 -2.19174 9.60206 1.1116895676 2.4936218262    1.081  1.945  3.7850  2.619    4  0.000  0.424     0.00     0.00     0.00     0.00     0.00 -1    -1e-30      0.00 7.381e-01 2.618e-01 1.383e-05 8.859e-06 4.349e-05 -1.000 9.993e-05 -0.093 0.690 0.129 -0.125 -0.187 -0.197 -0.192
0.0001 -2.19174 9.60206 1.1118931770 2.4936552048    1.082  1.949  3.7814  2.601    4  0.000  0.424     0.00     0.00     0.00     0.00     0.00 -1    -1e-30      0.00 7.381e-01 2.618e-01 1.383e-05 8.862e-06 4.349e-05 -1.000 9.993e-05 -0.103 0.698 0.132 -0.135 -0.204 -0.217 -0.213
0.0001 -2.19174 9.60206 1.1120938063 2.4936881065    1.082  1.954  3.7776  2.581    4  0.000  0.424     0.00     0.00     0.00     0.00     0.00 -1    -1e-30      0.00 7.380e-01 2.619e-01 1.382e-05 8.865e-06 4.349e-05 -1.000 9.999e-05 -0.114 0.708 0.135 -0.146 -0.221 -0.238 -0.235
0.0001 -2.19174 9.60206 1.1122921705 2.4937205315    1.082  1.958  3.7737  2.561    4  0.000  0.424     0.00     0.00     0.00     0.00     0.00 -1    -1e-30      0.00 7.380e-01 2.619e-01 1.382e-05 8.869e-06 4.349e-05 -1.000 9.999e-05 -0.126 0.719 0.137 -0.158 -0.240 -0.260 -0.259
0.0001 -2.19174 9.60206 1.1124937534 2.4937536716    1.082  1.963  3.7704  2.543    4  0.000  0.424     0.00     0.00     0.00     0.00     0.00 -1    -1e-30      0.00 7.380e-01 2.619e-01 1.382e-05 8.872e-06 4.350e-05 -1.000 9.990e-05 -0.138 0.725 0.136 -0.170 -0.258 -0.281 -0.281
0.0001 -2.19174 9.60206 1.1126984358 2.4937872887    1.082  1.969  3.7668  2.523    4  0.000  0.424     0.00     0.00     0.00     0.00     0.00 -1    -1e-30      0.00 7.380e-01 2.619e-01 1.382e-05 8.875e-06 4.350e-05 -1.000 9.999e-05 -0.152 0.732 0.135 -0.183 -0.278 -0.305 -0.306
0.0001 -2.19174 9.60206 1.1127837896 2.4938011169    1.083  1.965  3.7729  2.550    4  0.000  0.423     0.00     0.00     0.00     0.00     0.00 -1    -1e-30      0.00 7.380e-01 2.619e-01 1.381e-05 8.877e-06 4.350e-05 -1.000 9.996e-05 -0.143 0.706 0.122 -0.175 -0.259 -0.280 -0.279
0.0001 -2.19174 9.60206 1.1129839420 2.4938340187    1.083  1.972  3.7662  2.517    4  0.000  0.423     0.00     0.00     0.00     0.00     0.00 -1    -1e-30      0.00 7.380e-01 2.619e-01 1.381e-05 8.880e-06 4.350e-05 -1.000 9.996e-05 -0.159 0.729 0.131 -0.190 -0.286 -0.313 -0.315
0.0001 -2.19174 9.60206 1.1131922007 2.4938678741    1.083  1.987  3.7571  2.466    4  0.000  0.423     0.00     0.00     0.00     0.00     0.00 -1    -1e-30      0.00 7.380e-01 2.619e-01 1.381e-05 8.883e-06 4.350e-05 -1.000 9.993e-05 -0.197 0.748 0.127 -0.226 -0.338 -0.374 -0.380
0.0001 -2.19174 9.60206 1.1133513451 2.4938941002    1.083  2.006  3.7484  2.413    4  0.000  0.423     0.00     0.00     0.00     0.00     0.00 -1    -1e-30      0.00 7.380e-01 2.619e-01 1.381e-05 8.886e-06 4.350e-05 -1.000 9.990e-05 -0.244 0.758 0.114 -0.271 -0.397 -0.443 -0.452
0.0001 -2.19174 9.60206 1.1134638786 2.4939124584    1.083  2.030  3.7397  2.354    4  0.000  0.423     0.00     0.00     0.00     0.00     0.00 -1    -1e-30      0.00 7.380e-01 2.619e-01 1.381e-05 8.888e-06 4.350e-05 -1.000 9.993e-05 -0.304 0.759 0.087 -0.329 -0.470 -0.524 -0.537
0.0001 -2.19174 9.60206 1.1135178804 2.4939212799    1.083  2.058  3.7321  2.295    4  0.000  0.423     0.00     0.00     0.00     0.00     0.00 -1    -1e-30      0.00 7.380e-01 2.619e-01 1.380e-05 8.888e-06 4.350e-05 -1.000 9.996e-05 -0.374 0.751 0.047 -0.397 -0.551 -0.614 -0.631
0.0001 -2.19174 9.60206 1.1135369539 2.4939243793    1.083  2.090  3.7261  2.239    4  0.000  0.423     0.00     0.00     0.00     0.00     0.00 -1    -1e-30      0.00 7.380e-01 2.619e-01 1.380e-05 8.889e-06 4.350e-05 -1.000 9.993e-05 -0.456 0.722 -0.010 -0.477 -0.642 -0.711 -0.731
0.0001 -2.19174 9.60206 1.1135395765 2.4939248562    1.083  2.103  3.7245  2.220    4  0.000  0.423     0.00     0.00     0.00     0.00     0.00 -1    -1e-30      0.00 7.380e-01 2.619e-01 1.380e-05 8.889e-06 4.350e-05 -1.000 9.996e-05 -0.487 0.706 -0.034 -0.507 -0.674 -0.745 -0.765
0.0001 -2.19174 9.60206 1.1135396957 2.4939248562    1.083  2.103  3.7245  2.220    7  0.000  0.423     0.00     0.00     0.00     0.00     0.00 -1    -1e-30      0.00 7.380e-01 2.619e-01 1.380e-05 8.889e-06 4.350e-05 -1.000 9.996e-05 -0.487 0.705 -0.034 -0.507 -0.675 -0.746 -0.766
0.0001 -2.19174 9.60206 1.1135432720 2.4939253330    1.083  2.133  3.7218  2.179    7  0.000  0.423     0.00     0.00     0.00     0.00     0.00 -1    -1e-30      0.00 7.380e-01 2.619e-01 1.380e-05 8.889e-06 4.350e-05 -1.000 9.996e-05 -0.562 0.655 -0.098 -0.581 -0.753 -0.828 -0.849
0.0001 -2.19174 9.60206 1.1135469675 2.4939260483    1.083  2.170  3.7190  2.131    7  0.000  0.423     0.00     0.00     0.00     0.00     0.00 -1    -1e-30      0.00 7.380e-01 2.619e-01 1.380e-05 8.889e-06 4.350e-05 -1.000 9.996e-05 -0.654 0.590 -0.178 -0.672 -0.848 -0.926 -0.949
0.0001 -2.19174 9.60206 1.1135507822 2.4939265251    1.083  2.200  3.7170  2.093    7  0.000  0.423     0.00     0.00     0.00     0.00     0.00 -1    -1e-30      0.00 7.380e-01 2.619e-01 1.380e-05 8.889e-06 4.350e-05 -1.000 9.993e-05 -0.729 0.536 -0.243 -0.746 -0.926 -1.006 -1.030
0.0001 -2.19174 9.60206 1.1135606766 2.4939281940    1.083  2.219  3.7159  2.070    7  0.000  0.423     0.00     0.00     0.00     0.00     0.00 -1    -1e-30      0.00 7.380e-01 2.619e-01 1.380e-05 8.889e-06 4.350e-05 -1.000 9.996e-05 -0.777 0.499 -0.286 -0.793 -0.975 -1.056 -1.081
0.0001 -2.19174 9.60206 1.1136317253 2.4939398766    1.084  2.222  3.7156  2.065    7  0.000  0.423     0.00     0.00     0.00     0.00     0.00 -1    -1e-30      0.00 7.380e-01 2.619e-01 1.380e-05 8.890e-06 4.350e-05 -1.000 9.996e-05 -0.786 0.493 -0.294 -0.802 -0.984 -1.066 -1.090
0.0001 -2.19174 9.60206 1.1137073040 2.4939522743    1.084  2.251  3.7136  2.028    7  0.000  0.423     0.00     0.00     0.00     0.00     0.00 -1    -1e-30      0.00 7.380e-01 2.619e-01 1.380e-05 8.891e-06 4.350e-05 -1.000 9.999e-05 -0.858 0.442 -0.357 -0.873 -1.059 -1.143 -1.168
0.0001 -2.19174 9.60206 1.1137619019 2.4939610958    1.084  2.292  3.7111  1.978    7  0.000  0.423     0.00     0.00     0.00     0.00     0.00 -1    -1e-30      0.00 7.380e-01 2.619e-01 1.380e-05 8.892e-06 4.350e-05 -1.000 9.993e-05 -0.959 0.368 -0.446 -0.973 -1.163 -1.250 -1.277
0.0001 -2.19174 9.60206 1.1137986183 2.4939670563    1.084  2.330  3.7088  1.931    7  0.000  0.423     0.00     0.00     0.00     0.00     0.00 -1    -1e-30      0.00 7.380e-01 2.619e-01 1.380e-05 8.893e-06 4.350e-05 -1.000 9.996e-05 -1.054 0.300 -0.530 -1.066 -1.261 -1.351 -1.379
0.0001 -2.19174 9.60206 1.1138540506 2.4939761162    1.084  2.380  3.7060  1.869    7  0.000  0.423     0.00     0.00     0.00     0.00     0.00 -1    -1e-30      0.00 7.380e-01 2.619e-01 1.380e-05 8.894e-06 4.350e-05 -1.000 9.996e-05 -1.180 0.209 -0.642 -1.191 -1.391 -1.484 -1.513
0.0001 -2.19174 9.60206 1.1139017344 2.4939839840    1.084  2.423  3.7037  1.817    7  0.000  0.423     0.00     0.00     0.00     0.00     0.00 -1    -1e-30      0.00 7.380e-01 2.619e-01 1.380e-05 8.895e-06 4.350e-05 -1.000 9.996e-05 -1.287 0.131 -0.736 -1.296 -1.500 -1.596 -1.627
0.0001 -2.19174 9.60206 1.1139452457 2.4939911366    1.084  2.464  3.7016  1.767    7  0.000  0.423     0.00     0.00     0.00     0.00     0.00 -1    -1e-30      0.00 7.380e-01 2.619e-01 1.379e-05 8.899e-06 4.350e-05 -1.000 9.990e-05 -1.390 0.055 -0.828 -1.398 -1.606 -1.704 -1.736
0.0001 -2.19174 9.60206 1.1139854193 2.4939975739    1.084  2.505  3.6994  1.717    7  0.000  0.422     4.76     3.90     2.83     2.15     1.74  4    -1e-30      0.00 7.379e-01 2.620e-01 1.376e-05 8.920e-06 4.350e-05 -1.000 9.993e-05 -1.493 -0.020 -0.920 -1.499 -1.711 -1.812 -1.845
0.0001 -2.19174 9.60206 1.1140222549 2.4940035343    1.084  2.547  3.6973  1.668    7  0.000  0.418     5.28     4.26     3.08     2.35     1.90  4    -1e-30      0.00 7.379e-01 2.620e-01 1.365e-05 9.007e-06 4.350e-05 -1.000 9.996e-05 -1.597 -0.094 -1.011 -1.600 -1.817 -1.921 -1.954
0.0001 -2.19174 9.60206 1.1140556335 2.4940090179    1.084  2.588  3.6952  1.618    7  0.000  0.412     5.86     4.67     3.36     2.56     2.08  4    -1e-30      0.00 7.379e-01 2.620e-01 1.343e-05 9.245e-06 4.350e-05 -1.000 9.996e-05 -1.700 -0.168 -1.102 -1.702 -1.922 -2.029 -2.064
0.0001 -2.19174 9.60206 1.1140855551 2.4940140247    1.084  2.630  3.6931  1.568    7  0.000  0.403     6.50     5.11     3.66     2.80     2.27  4    -1e-30      0.00 7.378e-01 2.621e-01 1.315e-05 9.585e-06 4.350e-05 -1.000 9.993e-05 -1.804 -0.242 -1.194 -1.803 -2.028 -2.137 -2.173
0.0001 -2.19174 9.60206 1.1141123772 2.4940183163    1.084  2.671  3.6910  1.519    7  0.000  0.395     7.20     5.58     3.99     3.05     2.47  4    -1e-30      0.00 7.378e-01 2.621e-01 1.289e-05 9.902e-06 4.350e-05 -1.000 9.996e-05 -1.907 -0.315 -1.284 -1.903 -2.132 -2.244 -2.281
0.0001 -2.19174 9.60206 1.1141371727 2.4940223694    1.084  2.711  3.6890  1.470    7  0.000  0.388     7.97     6.10     4.34     3.32     2.69  4    -1e-30      0.00 7.377e-01 2.622e-01 1.267e-05 1.018e-05 4.350e-05 -1.000 9.996e-05 -2.008 -0.384 -1.372 -2.003 -2.236 -2.350 -2.388
0.0001 -2.19174 9.60206 1.1141604185 2.4940261841    1.084  2.752  3.6869  1.420    7  0.000  0.382     8.82     6.67     4.72     3.62     2.94  4    -1e-30      0.00 7.376e-01 2.623e-01 1.248e-05 1.042e-05 4.350e-05 -1.000 9.996e-05 -2.110 -0.451 -1.459 -2.101 -2.339 -2.456 -2.496
0.0001 -2.19174 9.60206 1.1141828299 2.4940297604    1.084  2.793  3.6848  1.371    7  0.000  0.377     9.78     7.29     5.15     3.95     3.21  3    -1e-30      0.00 7.375e-01 2.624e-01 1.231e-05 1.063e-05 4.349e-05 -1.000 9.999e-05 -2.214 -0.508 -1.546 -2.203 -2.445 -2.565 -2.606
0.0001 -2.19174 9.60206 1.1142040491 2.4940333366    1.084  2.835  3.6826  1.320    7  0.000  0.373    10.87     7.99     5.62     4.32     3.50  3    -1e-30      0.00 7.374e-01 2.625e-01 1.216e-05 1.082e-05 4.346e-05 -1.000 1.000e-04 -2.319 -0.551 -1.631 -2.307 -2.554 -2.676 -2.718
0.0001 -2.19174 9.60206 1.1142232418 2.4940364361    1.084  2.875  3.6805  1.272    7  0.000  0.370    12.01     8.72     6.11     4.70     3.81  3    -1e-30      0.00 7.373e-01 2.626e-01 1.204e-05 1.098e-05 4.340e-05 -1.000 9.999e-05 -2.418 -0.587 -1.711 -2.405 -2.657 -2.783 -2.826
0.0001 -2.19174 9.60206 1.1142423153 2.4940395355    1.084  2.915  3.6784  1.223    7  0.000  0.367    13.29     9.52     6.64     5.12     4.15  3    -1e-30      0.00 7.371e-01 2.628e-01 1.193e-05 1.117e-05 4.331e-05 -1.000 9.996e-05 -2.519 -0.615 -1.788 -2.504 -2.761 -2.890 -2.934
0.0001 -2.19174 9.60206 1.1142611504 2.4940426350    1.084  2.956  3.6762  1.174    7  0.000  0.366    14.72    10.41     7.23     5.58     4.53  3    -1e-30      0.00 7.370e-01 2.629e-01 1.184e-05 1.138e-05 4.318e-05 -1.000 1.000e-04 -2.620 -0.638 -1.864 -2.603 -2.866 -2.998 -3.043
0.0001 -2.19174 9.60206 1.1142789125 2.4940454960    1.084  2.997  3.6740  1.124    7  0.000  0.364    16.33    11.40     7.89     6.09     4.95  3    -1e-30      0.00 7.368e-01 2.631e-01 1.176e-05 1.162e-05 4.302e-05 -1.000 9.996e-05 -2.723 -0.654 -1.938 -2.703 -2.973 -3.108 -3.155
0.0001 -2.19174 9.60206 1.1142942905 2.4940481186    1.084  3.039  3.6717  1.073    7  0.000  0.364    18.14    12.49     8.61     6.66     5.41  3    -1e-30      0.00 7.366e-01 2.633e-01 1.169e-05 1.187e-05 4.283e-05 -1.000 1.000e-04 -2.827 -0.662 -2.010 -2.804 -3.081 -3.219 -3.267
0.0001 -2.19174 9.60206 1.1143068075 2.4940500259    1.084  3.079  3.6694  1.024    7  0.000  0.364    20.08    13.65     9.37     7.25     5.89  2    -1e-30      0.00 7.365e-01 2.634e-01 1.163e-05 1.209e-05 4.265e-05 -1.000 1.000e-04 -2.927 -0.661 -2.076 -2.900 -3.184 -3.326 -3.375
0.0001 -2.19174 9.60206 1.1143213511 2.4940524101    1.084  3.129  3.6666  0.963    7  0.000  0.364    22.80    15.24    10.41     8.08     6.56  2    -1e-30      0.00 7.363e-01 2.636e-01 1.158e-05 1.232e-05 4.247e-05 -1.000 9.996e-05 -3.051 -0.647 -2.152 -3.018 -3.313 -3.460 -3.511
0.0001 -2.19174 9.60206 1.1143316031 2.4940540791    1.084  3.172  3.6641  0.909    7  0.000  0.364    25.50    16.80    11.43     8.88     7.22  2    -1e-30      0.00 7.362e-01 2.637e-01 1.154e-05 1.248e-05 4.234e-05 -1.000 9.999e-05 -3.161 -0.619 -2.212 -3.121 -3.426 -3.578 -3.631
0.0001 -2.19174 9.60206 1.1143413782 2.4940557480    1.084  3.221  3.6611  0.848    7  0.000  0.363    28.92    18.75    12.69     9.87     8.03  2    -1e-30      0.00 7.361e-01 2.638e-01 1.151e-05 1.263e-05 4.222e-05 -1.000 6.646e-05 -3.283 -0.571 -2.271 -3.234 -3.553 -3.710 -3.765
0.0001 -2.19174 9.60206 1.1143425703 2.4940559864    1.084  3.217  3.6614  0.854    7  0.000  0.363    28.56    18.55    12.56     9.77     7.94  2    -1e-30      0.00 7.361e-01 2.638e-01 1.150e-05 1.265e-05 4.220e-05 -1.000 1.001e-04 -3.271 -0.577 -2.266 -3.224 -3.540 -3.697 -3.752
0.0001 -2.19174 9.60206 1.1143432856 2.4940559864    1.084  3.234  3.6604  0.833    7  0.000  0.363    29.87    19.29    13.03    10.15     8.25  2    -1e-30      0.00 7.360e-01 2.639e-01 1.150e-05 1.266e-05 4.220e-05 -1.000 9.999e-05 -3.315 -0.556 -2.285 -3.263 -3.585 -3.744 -3.800
0.0001 -2.19174 9.60206 1.1143440008 2.4940562248    1.084  3.252  3.6592  0.810    7  0.000  0.363    31.33    20.11    13.56    10.56     8.59  2    -1e-30      0.00 7.360e-01 2.639e-01 1.148e-05 1.274e-05 4.213e-05 -1.000 1.000e-04 -3.361 -0.533 -2.305 -3.305 -3.633 -3.794 -3.851
0.0001 -2.19174 9.60206 1.1143449545 2.4940562248    1.084  3.279  3.6575  0.776    7  0.543  0.363    33.59    21.37    14.37    11.20     9.12  2    -1e-30      0.00 7.358e-01 2.641e-01 1.145e-05 1.286e-05 4.203e-05 -1.000 1.001e-04 -3.428 -0.506 -2.335 -3.365 -3.700 -3.866 -3.923
0.0001 -2.19174 9.60206 1.1143457890 2.4940564632    1.084  3.302  3.6561  0.748    7  0.542  0.363    35.62    22.48    15.09    11.77     9.58  2    -1e-30      0.00 7.357e-01 2.642e-01 1.143e-05 1.296e-05 4.195e-05 -1.000 1.000e-04 -3.484 -0.508 -2.366 -3.415 -3.756 -3.924 -3.983
0.0001 -2.19174 9.60206 1.1143462658 2.4940564632    1.084  3.310  3.6556  0.738    7  0.542  0.363    36.39    22.91    15.36    11.99     9.75  2    -1e-30      0.00 7.356e-01 2.643e-01 1.142e-05 1.300e-05 4.192e-05 -1.000 1.000e-04 -3.505 -0.508 -2.377 -3.433 -3.776 -3.945 -4.005
0.0001 -2.19174 9.60206 1.1143463850 2.4940564632    1.084  3.310  3.6545  0.733    8  0.542  0.382    36.72    23.09    15.48    12.08     9.83  2 -3.55e-07      0.00 7.356e-01 2.642e-01 1.209e-05 1.301e-05 4.216e-05 -1.000 1.228e-04 -3.505 -0.478 -2.363 -3.428 -3.775 -3.946 -4.006
0.0001 -2.19174 9.60206 1.1143465042 2.4940564632    1.083  3.167  3.6633  0.911    8  0.542  0.382    25.40    16.75    11.39     8.85     7.19  2 -2.04e-07      0.00 7.356e-01 2.642e-01 1.209e-05 1.301e-05 4.216e-05 -1.000 1.228e-04 -3.147 -0.571 -2.186 -3.106 -3.413 -3.566 -3.620
0.0001 -2.19174 9.60206 1.1143467426 2.4940567017    1.082  3.051  3.6701  1.054    8  0.542  0.382    18.86    12.92     8.89     6.88     5.59  3 -1.33e-07      0.00 7.356e-01 2.642e-01 1.209e-05 1.301e-05 4.216e-05 -1.000 1.227e-04 -2.857 -0.629 -2.018 -2.832 -3.113 -3.254 -3.303
0.0001 -2.19174 9.60206 1.1143471003 2.4940567017    1.080  2.795  3.6852  1.369    8  0.542  0.382     9.81     7.31     5.16     3.96     3.21  3 -5.71e-08      0.00 7.356e-01 2.642e-01 1.209e-05 1.301e-05 4.216e-05 -1.000 1.228e-04 -2.219 -0.524 -1.555 -2.208 -2.449 -2.569 -2.609
0.0001 -2.19174 9.60206 1.1143476963 2.4940567017    1.077  2.799  3.6849  1.363    8  0.542  0.382     9.91     7.38     5.21     4.00     3.24  3 -5.77e-08      0.00 7.356e-01 2.642e-01 1.209e-05 1.301e-05 4.216e-05 -1.000 1.228e-04 -2.227 -0.523 -1.560 -2.216 -2.458 -2.578 -2.618
0.0001 -2.19174 9.60206 1.1143485308 2.4940569401    1.074  2.846  3.6819  1.302    8  0.543  0.382    11.23     8.23     5.78     4.44     3.61  3 -6.72e-08      0.00 7.356e-01 2.642e-01 1.209e-05 1.301e-05 4.216e-05 -1.000 1.227e-04 -2.345 -0.557 -1.651 -2.333 -2.581 -2.705 -2.747
0.0001 -2.19174 9.60206 1.1143494844 2.4940571785    1.069  3.002  3.6724  1.106    8  0.543  0.382    16.85    11.72     8.10     6.26     5.08  3 -1.13e-07      0.00 7.356e-01 2.642e-01 1.209e-05 1.301e-05 4.216e-05 -1.000 1.228e-04 -2.736 -0.607 -1.930 -2.713 -2.988 -3.125 -3.173
0.0001 -2.19174 9.60206 1.1143506765 2.4940571785    1.064  3.157  3.6630  0.912    8  0.543  0.382    25.19    16.63    11.31     8.79     7.14  2 -1.99e-07      0.00 7.356e-01 2.642e-01 1.209e-05 1.301e-05 4.216e-05 -1.000 1.228e-04 -3.122 -0.534 -2.156 -3.079 -3.387 -3.541 -3.595
0.0001 -2.19174 9.60206 1.1143519878 2.4940574169    1.057  3.262  3.6564  0.778    8  0.543  0.382    33.25    21.17    14.24    11.11     9.03  2 -3.01e-07      0.00 7.356e-01 2.642e-01 1.209e-05 1.301e-05 4.216e-05 -1.000 1.228e-04 -3.385 -0.437 -2.279 -3.318 -3.657 -3.824 -3.882
0.0001 -2.19174 9.60206 1.1143534184 2.4940576553    1.050  3.319  3.6527  0.703    8  0.543  0.382    38.77    24.19    16.17    12.64    10.29  2 -3.82e-07      0.00 7.356e-01 2.642e-01 1.209e-05 1.301e-05 4.216e-05 -1.000 1.228e-04 -3.528 -0.434 -2.355 -3.443 -3.797 -3.972 -4.034
0.0001 -2.19174 9.60206 1.1143550873 2.4940578938    1.042  3.345  3.6508  0.666    8  0.544  0.382    41.79    25.81    17.20    13.47    10.96  1 -4.29e-07      0.00 7.356e-01 2.642e-01 1.209e-05 1.301e-05 4.216e-05 -1.000 1.228e-04 -3.593 -0.423 -2.385 -3.500 -3.861 -4.040 -4.103
0.0001 -2.19174 9.60206 1.1143569946 2.4940583706    1.034  3.359  3.6497  0.644    8  0.544  0.382    43.61    26.78    17.81    13.96    11.36  1 -4.57e-07      0.00 7.356e-01 2.642e-01 1.209e-05 1.301e-05 4.216e-05 -1.000 1.228e-04 -3.626 -0.411 -2.397 -3.527 -3.893 -4.074 -4.139
0.0001 -2.19174 9.60206 1.1143571138 2.4940583706    1.033  3.273  3.6547  0.750    8  0.544  0.382    35.03    22.14    14.85    11.60     9.44  2 -3.22e-07      0.00 7.356e-01 2.642e-01 1.209e-05 1.301e-05 4.216e-05 -1.000 1.228e-04 -3.413 -0.401 -2.277 -3.337 -3.683 -3.853 -3.913
0.0001 -2.19174 9.60206 1.1143574715 2.4940583706    1.030  3.106  3.6645  0.955    8  0.544  0.382    22.83    15.27    10.41     8.09     6.58  2 -1.69e-07      0.00 7.356e-01 2.642e-01 1.209e-05 1.301e-05 4.216e-05 -1.000 1.228e-04 -2.995 -0.499 -2.063 -2.957 -3.259 -3.409 -3.462
0.0001 -2.19174 9.60206 1.1143581867 2.4940583706    1.026  2.851  3.6795  1.268    8  0.544  0.382    11.88     8.66     6.06     4.67     3.79  3 -7.04e-08      0.00 7.356e-01 2.642e-01 1.209e-05 1.301e-05 4.216e-05 -1.000 1.228e-04 -2.358 -0.498 -1.641 -2.345 -2.599 -2.726 -2.769
0.0001 -2.19174 9.60206 1.1143590212 2.4940586090    1.020  2.855  3.6791  1.260    8  0.545  0.382    12.06     8.77     6.13     4.73     3.84  3 -7.16e-08      0.00 7.356e-01 2.642e-01 1.209e-05 1.301e-05 4.216e-05 -1.000 1.229e-04 -2.368 -0.493 -1.646 -2.353 -2.609 -2.736 -2.780
0.0001 -2.19174 9.60206 1.1143602133 2.4940588474    1.012  2.903  3.6760  1.196    8  0.545  0.382    13.74     9.83     6.84     5.28     4.29  3 -8.43e-08      0.00 7.356e-01 2.642e-01 1.209e-05 1.301e-05 4.216e-05 -1.000 1.228e-04 -2.488 -0.503 -1.730 -2.470 -2.734 -2.866 -2.911
0.0001 -2.19174 9.60206 1.1143616438 2.4940590858    1.003  3.058  3.6664  0.999    8  0.545  0.382    20.67    14.01     9.58     7.45     6.05  2 -1.46e-07      0.00 7.356e-01 2.642e-01 1.209e-05 1.301e-05 4.216e-05 -1.000 1.228e-04 -2.875 -0.479 -1.978 -2.841 -3.135 -3.282 -3.334
0.0001 -2.19174 9.60206 1.1143633127 2.4940593243    0.992  3.210  3.6568  0.803    8  0.546  0.382    30.98    19.88    13.39    10.46     8.51  2 -2.62e-07      0.00 7.356e-01 2.642e-01 1.209e-05 1.301e-05 4.216e-05 -1.000 1.228e-04 -3.256 -0.335 -2.161 -3.191 -3.526 -3.692 -3.751
0.0001 -2.19174 9.60206 1.1143653393 2.4940595627    0.979  3.315  3.6501  0.666    8  0.546  0.382    41.10    25.38    16.90    13.26    10.78  1 -4.05e-07      0.00 7.356e-01 2.642e-01 1.209e-05 1.301e-05 4.216e-05 -1.000 1.228e-04 -3.517 -0.327 -2.298 -3.419 -3.783 -3.963 -4.027
0.0001 -2.19174 9.60206 1.1143676043 2.4940600395    0.965  3.371  3.6461  0.588    8  0.546  0.382    48.28    29.16    19.29    15.17    12.34  1 -5.24e-07      0.00 7.356e-01 2.642e-01 1.209e-05 1.301e-05 4.216e-05 -1.000 1.228e-04 -3.658 -0.313 -2.364 -3.539 -3.920 -4.109 -4.176
0.0001 -2.19174 9.60206 1.1143701077 2.4940605164    0.949  3.398  3.6439  0.545    8  0.547  0.382    52.53    31.34    20.66    16.27    13.24  1 -5.99e-07      0.00 7.356e-01 2.642e-01 1.209e-05 1.301e-05 4.216e-05 -1.000 1.228e-04 -3.724 -0.292 -2.386 -3.592 -3.983 -4.176 -4.246
0.0001 -2.19174 9.60206 1.1143728495 2.4940607548    0.932  3.411  3.6425  0.518    8  0.548  0.382    55.42    32.78    21.56    17.01    13.83  1 -6.52e-07      0.00 7.356e-01 2.642e-01 1.209e-05 1.301e-05 4.216e-05 -1.000 1.228e-04 -3.758 -0.268 -2.391 -3.617 -4.015 -4.212 -4.283
0.0001 -2.19174 9.60206 1.1143729687 2.4940609932    0.930  3.336  3.6470  0.611    8  0.548  0.382    45.58    27.69    18.35    14.44    11.74  1 -4.72e-07      0.00 7.356e-01 2.642e-01 1.209e-05 1.301e-05 4.216e-05 -1.000 1.228e-04 -3.570 -0.264 -2.295 -3.456 -3.832 -4.019 -4.085
0.0001 -2.19174 9.60206 1.1143733263 2.4940609932    0.927  3.170  3.6570  0.815    8  0.548  0.382    29.68    19.13    12.89    10.09     8.19  2 -2.41e-07      0.00 7.356e-01 2.642e-01 1.209e-05 1.301e-05 4.216e-05 -1.000 1.228e-04 -3.155 -0.248 -2.066 -3.091 -3.426 -3.591 -3.649
0.0001 -2.19174 9.60206 1.1143740416 2.4940609932    0.922  2.915  3.6725  1.129    8  0.548  0.382    15.33    10.82     7.48     5.81     4.71  3 -9.57e-08      0.00 7.356e-01 2.642e-01 1.209e-05 1.301e-05 4.216e-05 -1.000 1.228e-04 -2.518 -0.398 -1.715 -2.496 -2.770 -2.907 -2.954
0.0001 -2.19174 9.60206 1.1143749952 2.4940612316    0.915  2.919  3.6721  1.121    8  0.548  0.382    15.56    10.96     7.57     5.88     4.77  2 -9.76e-08      0.00 7.356e-01 2.642e-01 1.209e-05 1.301e-05 4.216e-05 -1.000 1.228e-04 -2.526 -0.391 -1.718 -2.504 -2.778 -2.916 -2.964
0.0001 -2.19174 9.60206 1.1143763065 2.4940614700    0.906  2.966  3.6690  1.057    8  0.549  0.382    17.75    12.28     8.43     6.56     5.33  2 -1.16e-07      0.00 7.356e-01 2.642e-01 1.209e-05 1.301e-05 4.216e-05 -1.000 1.228e-04 -2.645 -0.375 -1.792 -2.617 -2.902 -3.044 -3.094
0.0001 -2.19174 9.60206 1.1143778563 2.4940617085    0.895  3.117  3.6595  0.863    8  0.549  0.382    26.58    17.38    11.75     9.20     7.47  2 -2.05e-07      0.00 7.356e-01 2.642e-01 1.209e-05 1.301e-05 4.216e-05 -1.000 1.228e-04 -3.021 -0.242 -1.984 -2.968 -3.291 -3.451 -3.507
0.0001 -2.19174 9.60206 1.1143796444 2.4940619469    0.882  3.264  3.6501  0.672    8  0.549  0.382    39.60    24.47    16.28    12.82    10.41  1 -3.75e-07      0.00 7.356e-01 2.642e-01 1.209e-05 1.301e-05 4.216e-05 -1.000 1.228e-04 -3.390 -0.204 -2.173 -3.292 -3.656 -3.836 -3.900
0.0001 -2.19174 9.60206 1.1143816710 2.4940624237    0.867  3.364  3.6435  0.538    8  0.550  0.382    52.28    31.03    20.42    16.14    13.12  1 -5.86e-07      0.00 7.356e-01 2.642e-01 1.209e-05 1.301e-05 4.216e-05 -1.000 1.228e-04 -3.640 -0.191 -2.294 -3.505 -3.898 -4.093 -4.162
0.0001 -2.19174 9.60206 1.1143841743 2.4940626621    0.850  3.417  3.6397  0.461    8  0.551  0.382    61.21    35.47    23.19    18.38    14.94  1 -7.63e-07      0.00 7.356e-01 2.642e-01 1.209e-05 1.301e-05 4.216e-05 -1.000 1.228e-04 -3.773 -0.171 -2.344 -3.614 -4.026 -4.230 -4.303
0.0001 -2.19174 9.60206 1.1143867970 2.4940631390    0.832  3.441  3.6378  0.420    8  0.551  0.382    66.45    37.99    24.75    19.65    15.98  1 -8.77e-07      0.00 7.356e-01 2.642e-01 1.209e-05 1.301e-05 4.216e-05 -1.000 1.228e-04 -3.833 -0.153 -2.357 -3.659 -4.082 -4.291 -4.366
0.0001 -2.19174 9.60206 1.1143897772 2.4940636158    0.812  3.453  3.6367  0.394    8  0.552  0.382    69.98    39.62    25.75    20.48    16.65  1 -9.59e-07      0.00 7.356e-01 2.642e-01 1.209e-05 1.301e-05 4.216e-05 -1.000 1.228e-04 -3.862 -0.135 -2.356 -3.679 -4.109 -4.321 -4.397
0.0001 -2.19174 9.60206 1.1144109964 2.4940671921    0.558 -9.999  4.0000  1.679    9  0.558  0.000     0.00     0.00     0.00     0.00     0.00 -1    -1e-30      0.00 7.356e-01 2.642e-01 1.209e-05 1.301e-05 4.216e-05 -1.000 1.228e-04 29.767 30.114 29.975 30.253 30.481 30.559 30.648
#isochrone terminated
