# File generated by CMD 3.6 (http://stev.oapd.inaf.it/cmd) on Thu Apr 21 17:53:14 CEST 2022
# isochrones based on PARSEC release v1.2S +  COLIBRI S_37 + S_35 + PR16
# Basic references: Bressan et al. (2012), MNRAS, 427, 127 + Chen et al. (2014, 2015), MNRAS, 444, 2525 + MNRAS, 452, 1068 + Tang et al. (2014), MNRAS, 445, 4287 + Marigo et al. (2017), ApJ, 835, 77 + Pastorelli al. (2019), MNRAS, 485, 5666 + Pastorelli al. (2020), MNRAS, in press
# Thermal pulse cycles included 
# On RGB, assumed Reimers mass loss with efficiency eta=0.2
# LPV periods and growth rates added cf. Trabucchi et al. (2019)
# but fundamental-mode LPV periods are from Trabucchi et al. (2021)
# Photometric system: DECAM (ABmags)
# Using YBC version of bolometric corrections as in Chen et al. (2019)
# O-rich circumstellar dpmod60alox40 dust from Groenewegen (2006)
# C-rich circumstellar AMCSIC15 dust from Groenewegen (2006)
# IMF: Kroupa (2001, 2002) + Kroupa et al. (2013) canonical two-part-power law IMF corrected for unresolved binaries 
# Kind of output: isochrone tables
# Zini     MH   logAge Mini        int_IMF         Mass   logL    logTe  logg  label   McoreTP C_O  period0  period1  period2  period3  period4  pmode  Mloss  tau1m   X   Y   Xc  Xn  Xo  Cexcess  Z 	 mbolmag  umag    gmag    rmag    imag    zmag    Ymag
0.0001 -2.19174 10.07918 0.1000000015 1.1711064577    0.100 -2.780  3.5588  5.405    1  0.000  0.545     0.00     0.00     0.00     0.00     0.00 -1 -1.31e-16      0.00 7.453e-01 2.546e-01 1.798e-05 4.851e-06 4.400e-05 -1.000 1.000e-04 11.721 15.913 13.646 12.094 11.451 11.155 11.056
0.0001 -2.19174 10.07918 0.1098214313 1.2482755184    0.109 -2.632  3.5741  5.357    1  0.000  0.545     0.00     0.00     0.00     0.00     0.00 -1 -1.86e-16      0.00 7.435e-01 2.564e-01 1.798e-05 4.851e-06 4.400e-05 -1.000 1.000e-04 11.349 15.179 13.063 11.632 11.087 10.814 10.720
0.0001 -2.19174 10.07918 0.1294642836 1.3786746264    0.129 -2.390  3.5965  5.277    1  0.000  0.545     0.00     0.00     0.00     0.00     0.00 -1 -3.28e-16      0.00 7.405e-01 2.594e-01 1.798e-05 4.851e-06 4.400e-05 -1.000 1.000e-04 10.744 14.056 12.182 10.943 10.485 10.245 10.162
0.0001 -2.19174 10.07918 0.1491071582 1.4855960608    0.149 -2.227  3.6079  5.220    1  0.000  0.545     0.00     0.00     0.00     0.00     0.00 -1 -4.75e-16      0.00 7.387e-01 2.612e-01 1.798e-05 4.851e-06 4.400e-05 -1.000 9.990e-05 10.336 13.410 11.650 10.501 10.076 9.853 9.775
0.0001 -2.19174 10.07918 0.1687500030 1.5756140947    0.168 -2.100  3.6152  5.176    1  0.000  0.545     0.00     0.00     0.00     0.00     0.00 -1 -6.29e-16      0.00 7.378e-01 2.621e-01 1.798e-05 4.851e-06 4.400e-05 -1.000 9.990e-05 10.020 12.948 11.259 10.165 9.759 9.546 9.472
0.0001 -2.19174 10.07918 0.2080357224 1.7204496861    0.207 -1.896  3.6261  5.108    1  0.000  0.545     0.00     0.00     0.00     0.00     0.00 -1 -9.79e-16      0.00 7.374e-01 2.625e-01 1.798e-05 4.851e-06 4.400e-05 -1.000 9.999e-05 9.511 12.231 10.643 9.626 9.246 9.049 8.982
0.0001 -2.19174 10.07918 0.2571428716 1.8581268787    0.257 -1.708  3.6362  5.052    1  0.000  0.545     0.00     0.00     0.00     0.00     0.00 -1 -1.45e-15      0.00 7.377e-01 2.622e-01 1.798e-05 4.852e-06 4.400e-05 -1.000 9.996e-05 9.041 11.581 10.081 9.128 8.773 8.590 8.528
0.0001 -2.19174 10.07918 0.3062500358 1.9652637243    0.306 -1.563  3.6446  5.017    1  0.000  0.545     0.00     0.00     0.00     0.00     0.00 -1 -1.93e-15      0.00 7.377e-01 2.622e-01 1.797e-05 4.852e-06 4.400e-05 -1.000 9.996e-05 8.677 11.075 9.645 8.743 8.406 8.235 8.177
0.0001 -2.19174 10.07918 0.3553571403 2.0521113873    0.355 -1.440  3.6525  4.990    1  0.000  0.544     0.00     0.00     0.00     0.00     0.00 -1 -2.45e-15      0.00 7.387e-01 2.612e-01 1.796e-05 4.853e-06 4.400e-05 -1.000 1.000e-04 8.371 10.641 9.276 8.417 8.097 7.937 7.884
0.0001 -2.19174 10.07918 0.4044643044 2.1246092319    0.404 -1.319  3.6608  4.959    1  0.000  0.545     0.00     0.00     0.00     0.00     0.00 -1 -3.14e-15      0.00 7.500e-01 2.499e-01 1.798e-05 4.851e-06 4.400e-05 -1.000 9.996e-05 8.068 10.206 8.910 8.095 7.793 7.644 7.595
0.0001 -2.19174 10.07918 0.4535714388 2.1864814758    0.453 -1.173  3.6741  4.916    1  0.000  0.545     0.00     0.00     0.00     0.00     0.00 -1 -4.37e-15      0.00 7.507e-01 2.492e-01 1.798e-05 4.851e-06 4.400e-05 -1.000 9.999e-05 7.702 9.636 8.453 7.704 7.429 7.297 7.256
0.0001 -2.19174 10.07918 0.5026785731 2.2401986122    0.503 -1.009  3.6887  4.855    1  0.000  0.545     0.00     0.00     0.00     0.00     0.00 -1 -6.48e-15      0.00 7.526e-01 2.473e-01 1.786e-05 4.818e-06 4.370e-05 -1.000 1.000e-04 7.293 9.019 7.954 7.274 7.027 6.914 6.880
0.0001 -2.19174 10.07918 0.5517857671 2.2851314545    0.551 -0.809  3.7080  4.772    1  0.000  0.544     0.00     0.00     0.00     0.00     0.00 -1 -1.08e-14      0.00 7.851e-01 2.148e-01 1.566e-05 4.228e-06 3.837e-05 -1.000 9.948e-05 6.792 8.269 7.350 6.755 6.544 6.454 6.430
0.0001 -2.19174 10.07918 0.6008928418 2.3217256069    0.600 -0.603  3.7325  4.701    1  0.000  0.544     0.00     0.00     0.00     0.00     0.00 -1  -1.8e-14      0.00 7.980e-01 2.020e-01 1.482e-05 4.004e-06 3.635e-05 -1.000 5.256e-05 6.277 7.492 6.730 6.232 6.064 6.003 5.990
0.0001 -2.19174 10.07918 0.6072366834 2.3259589672    0.607 -0.575  3.7362  4.693    1  0.000  0.544     0.00     0.00     0.00     0.00     0.00 -1 -1.93e-14      0.00 8.001e-01 1.999e-01 1.469e-05 3.968e-06 3.603e-05 -1.000 1.489e-05 6.207 7.387 6.646 6.162 6.000 5.943 5.932
0.0001 -2.19174 10.07918 0.6183252931 2.3331196308    0.618 -0.525  3.7428  4.677    1  0.000  0.543     0.00     0.00     0.00     0.00     0.00 -1 -2.18e-14      0.00 8.038e-01 1.961e-01 1.444e-05 3.903e-06 3.544e-05 -1.000 1.000e-04 6.083 7.206 6.499 6.039 5.889 5.838 5.830
0.0001 -2.19174 10.07918 0.6282081604 2.3392572403    0.628 -0.480  3.7486  4.663    1  0.000  0.543     0.00     0.00     0.00     0.00     0.00 -1 -2.44e-14      0.00 8.074e-01 1.925e-01 1.421e-05 3.841e-06 3.489e-05 -1.000 5.597e-05 5.971 7.046 6.368 5.931 5.791 5.746 5.741
0.0001 -2.19174 10.07918 0.6378048062 2.3450081348    0.638 -0.437  3.7541  4.648    1  0.000  0.543     0.00     0.00     0.00     0.00     0.00 -1 -2.73e-14      0.00 8.111e-01 1.889e-01 1.398e-05 3.779e-06 3.433e-05 -1.000 2.368e-05 5.862 6.894 6.242 5.826 5.695 5.657 5.653
0.0001 -2.19174 10.07918 0.6491133571 2.3515348434    0.649 -0.385  3.7606  4.629    1  0.000  0.543     0.00     0.00     0.00     0.00     0.00 -1 -1.64e-14      0.00 8.156e-01 1.844e-01 1.369e-05 3.702e-06 3.363e-05 -1.000 5.880e-05 5.731 6.716 6.092 5.701 5.581 5.549 5.548
0.0001 -2.19174 10.07918 0.6499999762 2.3520355225    0.650 -0.380  3.7611  4.627    1  0.000  0.543     0.00     0.00     0.00     0.00     0.00 -1 -3.14e-14      0.00 8.159e-01 1.840e-01 1.367e-05 3.695e-06 3.358e-05 -1.000 1.000e-04 5.721 6.702 6.081 5.691 5.572 5.541 5.540
0.0001 -2.19174 10.07918 0.6585742235 2.3567974567    0.658 -0.340  3.7657  4.612    1  0.000  0.542     0.00     0.00     0.00     0.00     0.00 -1 -3.49e-14      0.00 8.203e-01 1.796e-01 1.338e-05 3.619e-06 3.290e-05 -1.000 1.000e-04 5.620 6.572 5.968 5.595 5.483 5.457 5.458
0.0001 -2.19174 10.07918 0.6688095927 2.3622982502    0.669 -0.291  3.7713  4.591    1  0.000  0.542     0.00     0.00     0.00     0.00     0.00 -1 -3.97e-14      0.00 8.259e-01 1.740e-01 1.302e-05 3.523e-06 3.204e-05 -1.000 1.001e-04 5.498 6.415 5.832 5.478 5.376 5.355 5.358
0.0001 -2.19174 10.07918 0.6785455346 2.3673541546    0.678 -0.243  3.7764  4.570    1  0.000  0.541     0.00     0.00     0.00     0.00     0.00 -1  -4.5e-14      0.00 8.316e-01 1.683e-01 1.265e-05 3.426e-06 3.116e-05 -1.000 9.993e-05 5.378 6.268 5.701 5.365 5.270 5.254 5.259
0.0001 -2.19174 10.07918 0.6878397465 2.3720273972    0.688 -0.196  3.7813  4.549    1  0.000  0.541     0.00     0.00     0.00     0.00     0.00 -1 -5.11e-14      0.00 8.374e-01 1.625e-01 1.228e-05 3.327e-06 3.027e-05 -1.000 9.997e-05 5.261 6.124 5.573 5.254 5.166 5.155 5.162
0.0001 -2.19174 10.07918 0.6960875988 2.3760545254    0.696 -0.153  3.7856  4.528    1  0.000  0.540     0.00     0.00     0.00     0.00     0.00 -1 -3.18e-15      0.00 8.429e-01 1.571e-01 1.193e-05 3.234e-06 2.943e-05 -1.000 3.627e-05 5.153 5.995 5.455 5.152 5.071 5.064 5.072
0.0001 -2.19174 10.07918 0.6999999881 2.3779268265    0.700 -0.132  3.7876  4.518    1  0.000  0.540     0.00     0.00     0.00     0.00     0.00 -1 -6.08e-14      0.00 8.456e-01 1.544e-01 1.176e-05 3.188e-06 2.902e-05 -1.000 9.090e-07 5.101 5.933 5.398 5.102 5.025 5.020 5.028
0.0001 -2.19174 10.07918 0.7090166807 2.3821511269    0.709 -0.082  3.7920  4.490    1  0.000  0.538     0.00     0.00     0.00     0.00     0.00 -1    -7e-14      0.00 8.505e-01 1.495e-01 1.145e-05 3.115e-06 2.838e-05 -1.000 1.347e-05 4.975 5.787 5.263 4.982 4.912 4.911 4.921
0.0001 -2.19174 10.07918 0.7175090313 2.3860185146    0.717 -0.032  3.7961  4.462    1  0.000  0.536     0.00     0.00     0.00     0.00     0.00 -1 -8.06e-14      0.00 8.545e-01 1.454e-01 1.122e-05 3.060e-06 2.791e-05 -1.000 6.422e-05 4.850 5.645 5.128 4.862 4.798 4.802 4.813
0.0001 -2.19174 10.07918 0.7258906364 2.3897333145    0.725  0.020  3.8001  4.431    1  0.000  0.534     0.00     0.00     0.00     0.00     0.00 -1 -9.36e-14      0.00 8.581e-01 1.419e-01 1.103e-05 3.016e-06 2.753e-05 -1.000 3.716e-05 4.720 5.497 4.988 4.736 4.679 4.686 4.699
0.0001 -2.19174 10.07918 0.7330866456 2.3928451538    0.733  0.067  3.8034  4.401    1  0.000  0.533     0.00     0.00     0.00     0.00     0.00 -1 -1.07e-13      0.00 8.608e-01 1.391e-01 1.089e-05 2.984e-06 2.726e-05 -1.000 4.674e-05 4.601 5.366 4.861 4.620 4.569 4.580 4.594
0.0001 -2.19174 10.07918 0.7400557995 2.3957924843    0.739  0.117  3.8065  4.368    1  0.000  0.531     0.00     0.00     0.00     0.00     0.00 -1 -8.97e-14      0.00 8.632e-01 1.367e-01 1.077e-05 2.957e-06 2.703e-05 -1.000 1.000e-04 4.478 5.231 4.730 4.500 4.454 4.468 4.483
0.0001 -2.19174 10.07918 0.7470233440 2.3986759186    0.746  0.170  3.8095  4.331    1  0.000  0.530     0.00     0.00     0.00     0.00     0.00 -1 -1.94e-14      0.00 8.654e-01 1.345e-01 1.066e-05 2.934e-06 2.683e-05 -1.000 1.000e-04 4.345 5.086 4.588 4.369 4.328 4.345 4.361
0.0001 -2.19174 10.07918 0.7500000000 2.3998889923    0.749  0.193  3.8108  4.314    1  0.000  0.529     0.00     0.00     0.00     0.00     0.00 -1 -1.57e-13      0.00 8.663e-01 1.336e-01 1.061e-05 2.925e-06 2.675e-05 -1.000 1.000e-04 4.286 5.023 4.526 4.311 4.272 4.291 4.307
0.0001 -2.19174 10.07918 0.7512725592 2.4004042149    0.751  0.204  3.8114  4.307    1  0.000  0.529     0.00     0.00     0.00     0.00     0.00 -1 -1.61e-13      0.00 8.663e-01 1.336e-01 1.062e-05 2.927e-06 2.677e-05 -1.000 1.000e-04 4.261 4.996 4.499 4.287 4.249 4.267 4.284
0.0001 -2.19174 10.07918 0.7593882084 2.4036436081    0.759  0.276  3.8149  4.254    1  0.000  0.529     0.00     0.00     0.00     0.00     0.00 -1 -2.01e-13      0.00 8.666e-01 1.334e-01 1.067e-05 2.941e-06 2.691e-05 -1.000 3.412e-06 4.081 4.803 4.307 4.108 4.076 4.098 4.115
0.0001 -2.19174 10.07918 0.7647736669 2.4057495594    0.764  0.328  3.8169  4.212    1  0.000  0.528     0.00     0.00     0.00     0.00     0.00 -1 -2.38e-13      0.00 8.666e-01 1.334e-01 1.070e-05 2.951e-06 2.701e-05 -1.000 9.060e-05 3.949 4.664 4.169 3.976 3.948 3.972 3.990
0.0001 -2.19174 10.07918 0.7698798180 2.4077150822    0.769  0.381  3.8184  4.168    1  0.000  0.528     0.00     0.00     0.00     0.00     0.00 -1 -2.81e-13      0.00 8.655e-01 1.344e-01 1.080e-05 2.978e-06 2.726e-05 -1.000 9.999e-05 3.817 4.526 4.031 3.845 3.819 3.845 3.863
0.0001 -2.19174 10.07918 0.7740544677 2.4092998505    0.773  0.428  3.8189  4.126    1  0.000  0.528     0.00     0.00     0.00     0.00     0.00 -1 -3.29e-13      0.00 8.642e-01 1.357e-01 1.091e-05 3.007e-06 2.753e-05 -1.000 1.000e-04 3.701 4.407 3.911 3.727 3.704 3.730 3.748
0.0001 -2.19174 10.07918 0.7755149603 2.4098496437    0.774  0.446  3.8185  4.107    1  0.000  0.528     0.00     0.00     0.00     0.00     0.00 -1 -3.51e-13      0.00 8.638e-01 1.361e-01 1.094e-05 3.017e-06 2.762e-05 -1.000 1.000e-04 3.654 4.361 3.864 3.680 3.656 3.681 3.699
0.0001 -2.19174 10.07918 0.7794836164 2.4113318920    0.778  0.501  3.8165  4.047    1  0.000  0.528     0.00     0.00     0.00     0.00     0.00 -1 -4.24e-13      0.00 8.626e-01 1.373e-01 1.104e-05 3.044e-06 2.787e-05 -1.000 1.000e-04 3.519 4.230 3.730 3.541 3.515 3.538 3.555
0.0001 -2.19174 10.07918 0.7822609544 2.4123587608    0.781  0.543  3.8136  3.994    1  0.000  0.528     0.00     0.00     0.00     0.00     0.00 -1 -4.96e-13      0.00 8.617e-01 1.382e-01 1.111e-05 3.063e-06 2.804e-05 -1.000 9.994e-05 3.412 4.130 3.628 3.432 3.401 3.422 3.438
0.0001 -2.19174 10.07918 0.7828532457 2.4125766754    0.781  0.553  3.8129  3.982    1  0.000  0.528     0.00     0.00     0.00     0.00     0.00 -1 -5.15e-13      0.00 8.616e-01 1.383e-01 1.112e-05 3.067e-06 2.808e-05 -1.000 1.000e-04 3.388 4.108 3.605 3.407 3.375 3.395 3.411
0.0001 -2.19174 10.07918 0.7834342718 2.4127900600    0.782  0.564  3.8115  3.966    1  0.000  0.528     0.00     0.00     0.00     0.00     0.00 -1 -5.37e-13      0.00 8.614e-01 1.385e-01 1.114e-05 3.071e-06 2.811e-05 -1.000 9.999e-05 3.360 4.084 3.580 3.378 3.344 3.363 3.378
0.0001 -2.19174 10.07918 0.7853887677 2.4135050774    0.784  0.604  3.8057  3.903    2  0.000  0.528     0.00     0.00     0.00     0.00     0.00 -1 -6.32e-13      0.00 8.608e-01 1.391e-01 1.119e-05 3.084e-06 2.823e-05 -1.000 9.994e-05 3.260 4.003 3.491 3.272 3.229 3.242 3.256
0.0001 -2.19174 10.07918 0.7868847847 2.4140498638    0.785  0.640  3.7986  3.840    2  0.000  0.528     0.00     0.00     0.00     0.00     0.00 -1 -7.37e-13      0.00 8.604e-01 1.395e-01 1.122e-05 3.094e-06 2.833e-05 -1.000 9.996e-05 3.171 3.939 3.418 3.176 3.123 3.129 3.140
0.0001 -2.19174 10.07918 0.7880567312 2.4144747257    0.786  0.672  3.7902  3.774    2  0.000  0.528     0.00     0.00     0.00     0.00     0.00 -1 -8.57e-13      0.00 8.600e-01 1.399e-01 1.125e-05 3.102e-06 2.840e-05 -1.000 9.811e-05 3.089 3.890 3.356 3.088 3.021 3.019 3.027
0.0001 -2.19174 10.07918 0.7890018225 2.4148166180    0.787  0.702  3.7811  3.708    2  0.000  0.528     0.00     0.00     0.00     0.00     0.00 -1  -9.9e-13      0.00 8.564e-01 1.436e-01 1.150e-05 3.170e-06 2.902e-05 -1.000 4.868e-05 3.014 3.855 3.305 3.007 2.925 2.914 2.919
0.0001 -2.19174 10.07918 0.7897948027 2.4151024818    0.788  0.731  3.7722  3.645    2  0.000  0.530     0.00     0.00     0.00     0.00     0.00 -1 -1.14e-12      0.00 8.391e-01 1.608e-01 1.253e-05 3.449e-06 3.152e-05 -1.000 2.539e-05 2.943 3.828 3.256 2.929 2.835 2.815 2.816
0.0001 -2.19174 10.07918 0.7904944420 2.4153542519    0.789  0.761  3.7641  3.583    2  0.000  0.533     0.00     0.00     0.00     0.00     0.00 -1 -1.31e-12      0.00 8.120e-01 1.879e-01 1.411e-05 3.872e-06 3.531e-05 -1.000 5.311e-05 2.869 3.797 3.204 2.851 2.743 2.716 2.714
0.0001 -2.19174 10.07918 0.7911152244 2.4155771732    0.789  0.793  3.7572  3.523    2  0.000  0.535     0.00     0.00     0.00     0.00     0.00 -1 -1.51e-12      0.00 7.927e-01 2.073e-01 1.524e-05 4.174e-06 3.800e-05 -1.000 9.003e-05 2.787 3.757 3.143 2.766 2.648 2.613 2.609
0.0001 -2.19174 10.07918 0.7917300463 2.4157977104    0.790  0.834  3.7510  3.457    2  0.000  0.536     0.00     0.00     0.00     0.00     0.00 -1 -1.78e-12      0.00 7.810e-01 2.189e-01 1.592e-05 4.356e-06 3.963e-05 -1.000 1.001e-04 2.685 3.694 3.060 2.662 2.533 2.492 2.485
0.0001 -2.19174 10.07918 0.7922153473 2.4159712791    0.790  0.874  3.7470  3.402    2  0.000  0.536     0.00     0.00     0.00     0.00     0.00 -1 -2.08e-12      0.00 7.756e-01 2.243e-01 1.624e-05 4.441e-06 4.039e-05 -1.000 1.000e-04 2.585 3.622 2.973 2.561 2.426 2.381 2.372
0.0001 -2.19174 10.07918 0.7925471067 2.4160900116    0.791  0.904  3.7446  3.362    2  0.000  0.536     0.00     0.00     0.00     0.00     0.00 -1 -2.34e-12      0.00 7.728e-01 2.271e-01 1.640e-05 4.484e-06 4.077e-05 -1.000 1.000e-04 2.510 3.563 2.906 2.486 2.347 2.298 2.289
0.0001 -2.19174 10.07918 0.7928423285 2.4161953926    0.791  0.934  3.7430  3.326    3  0.000  0.537     0.00     0.00     0.00     0.00     0.00 -1 -2.61e-12      0.00 7.710e-01 2.289e-01 1.650e-05 4.509e-06 4.100e-05 -1.000 1.001e-04 2.434 3.498 2.835 2.410 2.268 2.218 2.208
0.0001 -2.19174 10.07918 0.7932294011 2.4163334370    0.791  0.976  3.7409  3.276    3  0.000  0.537     0.00     0.00     0.00     0.00     0.00 -1 -3.04e-12      0.00 7.690e-01 2.310e-01 1.660e-05 4.538e-06 4.125e-05 -1.000 6.101e-05 2.331 3.409 2.739 2.306 2.161 2.109 2.098
0.0001 -2.19174 10.07918 0.7936193347 2.4164724350    0.792  1.020  3.7390  3.225    3  0.000  0.537     0.00     0.00     0.00     0.00     0.00 -1 -3.57e-12      0.00 7.671e-01 2.329e-01 1.669e-05 4.562e-06 4.146e-05 -1.000 3.588e-05 2.221 3.312 2.635 2.196 2.048 1.994 1.982
0.0001 -2.19174 10.07918 0.7939928174 2.4166054726    0.792  1.065  3.7374  3.174    3  0.000  0.537     0.00     0.00     0.00     0.00     0.00 -1  -4.2e-12      0.00 7.654e-01 2.346e-01 1.676e-05 4.581e-06 4.164e-05 -1.000 9.646e-05 2.109 3.212 2.529 2.085 1.935 1.878 1.865
0.0001 -2.19174 10.07918 0.7943897247 2.4167466164    0.792  1.115  3.7356  3.116    3  0.000  0.537     0.00     0.00     0.00     0.00     0.00 -1 -5.04e-12      0.00 7.637e-01 2.362e-01 1.683e-05 4.599e-06 4.180e-05 -1.000 9.997e-05 1.982 3.099 2.408 1.959 1.806 1.747 1.734
0.0001 -2.19174 10.07918 0.7947227955 2.4168648720    0.792  1.161  3.7341  3.065    3  0.000  0.537     0.00     0.00     0.00     0.00     0.00 -1 -5.94e-12      0.00 7.624e-01 2.375e-01 1.687e-05 4.611e-06 4.191e-05 -1.000 1.000e-04 1.868 2.996 2.299 1.846 1.690 1.630 1.615
0.0001 -2.19174 10.07918 0.7950597405 2.4169845581    0.793  1.211  3.7326  3.009    3  0.000  0.537     0.00     0.00     0.00     0.00     0.00 -1  -7.1e-12      0.00 7.611e-01 2.388e-01 1.691e-05 4.623e-06 4.200e-05 -1.000 5.375e-05 1.743 2.882 2.180 1.722 1.564 1.502 1.487
0.0001 -2.19174 10.07918 0.7953903079 2.4171016216    0.793  1.264  3.7309  2.949    3  0.000  0.537     0.00     0.00     0.00     0.00     0.00 -1 -8.59e-12      0.00 7.598e-01 2.401e-01 1.694e-05 4.634e-06 4.209e-05 -1.000 6.506e-05 1.611 2.761 2.052 1.589 1.429 1.365 1.349
0.0001 -2.19174 10.07918 0.7956570983 2.4171962738    0.793  1.311  3.7295  2.896    3  0.000  0.536     0.00     0.00     0.00     0.00     0.00 -1 -1.02e-11      0.00 7.588e-01 2.411e-01 1.696e-05 4.642e-06 4.215e-05 -1.000 9.477e-05 1.493 2.655 1.940 1.473 1.310 1.245 1.228
0.0001 -2.19174 10.07918 0.7959144711 2.4172873497    0.793  1.360  3.7280  2.841    3  0.000  0.536     0.00     0.00     0.00     0.00     0.00 -1 -1.21e-11      0.00 7.579e-01 2.420e-01 1.697e-05 4.651e-06 4.221e-05 -1.000 9.994e-05 1.371 2.544 1.822 1.351 1.186 1.118 1.101
0.0001 -2.19174 10.07918 0.7961456180 2.4173691273    0.793  1.408  3.7265  2.787    3  0.000  0.535     0.00     0.00     0.00     0.00     0.00 -1 -1.44e-11      0.00 7.571e-01 2.428e-01 1.696e-05 4.661e-06 4.225e-05 -1.000 9.999e-05 1.251 2.435 1.707 1.231 1.064 0.995 0.976
0.0001 -2.19174 10.07918 0.7963551283 2.4174430370    0.793  1.455  3.7249  2.734    3  0.000  0.535     0.00     0.00     0.00     0.00     0.00 -1 -1.71e-11      0.00 7.565e-01 2.434e-01 1.696e-05 4.671e-06 4.228e-05 -1.000 1.000e-04 1.132 2.328 1.594 1.113 0.943 0.872 0.853
0.0001 -2.19174 10.07918 0.7965425253 2.4175093174    0.793  1.502  3.7235  2.681    3  0.000  0.534     0.00     0.00     0.00     0.00     0.00 -1 -2.03e-11      0.00 7.559e-01 2.440e-01 1.695e-05 4.681e-06 4.231e-05 -1.000 1.000e-04 1.015 2.223 1.482 0.997 0.825 0.752 0.732
0.0001 -2.19174 10.07918 0.7967199087 2.4175720215    0.793  1.551  3.7219  2.626    3  0.000  0.533     0.00     0.00     0.00     0.00     0.00 -1 -2.41e-11      0.00 7.555e-01 2.444e-01 1.693e-05 4.692e-06 4.233e-05 -1.000 1.000e-04 0.893 2.113 1.367 0.876 0.702 0.628 0.607
0.0001 -2.19174 10.07918 0.7968773842 2.4176275730    0.793  1.598  3.7203  2.573    3  0.000  0.533     0.00     0.00     0.00     0.00     0.00 -1 -2.86e-11      0.00 7.552e-01 2.447e-01 1.692e-05 4.702e-06 4.235e-05 -1.000 9.994e-05 0.776 2.008 1.255 0.759 0.583 0.507 0.485
0.0001 -2.19174 10.07918 0.7970173359 2.4176769257    0.793  1.643  3.7188  2.521    3  0.000  0.532     0.00     0.00     0.00     0.00     0.00 -1 -3.37e-11      0.00 7.550e-01 2.449e-01 1.691e-05 4.710e-06 4.235e-05 -1.000 1.000e-04 0.661 1.906 1.147 0.646 0.467 0.389 0.367
0.0001 -2.19174 10.07918 0.7971441150 2.4177217484    0.793  1.689  3.7173  2.470    3  0.000  0.532     0.00     0.00     0.00     0.00     0.00 -1 -3.97e-11      0.00 7.548e-01 2.451e-01 1.690e-05 4.715e-06 4.236e-05 -1.000 9.450e-05 0.549 1.808 1.040 0.534 0.353 0.273 0.250
0.0001 -2.19174 10.07918 0.7972629666 2.4177634716    0.793  1.735  3.7157  2.417    3  0.000  0.532     0.00     0.00     0.00     0.00     0.00 -1 -4.69e-11      0.00 7.547e-01 2.452e-01 1.690e-05 4.718e-06 4.237e-05 -1.000 1.000e-04 0.434 1.710 0.932 0.420 0.235 0.154 0.130
0.0001 -2.19174 10.07918 0.7973679304 2.4178006649    0.792  1.779  3.7141  2.366    3  0.000  0.532     0.00     0.00     0.00     0.00     0.00 -1 -5.51e-11      0.00 7.547e-01 2.452e-01 1.690e-05 4.719e-06 4.237e-05 -1.000 1.001e-04 0.322 1.615 0.827 0.309 0.122 0.039 0.014
0.0001 -2.19174 10.07918 0.7974649072 2.4178347588    0.792  1.824  3.7125  2.315    3  0.000  0.532     0.00     0.00     0.00     0.00     0.00 -1 -6.47e-11      0.00 7.547e-01 2.452e-01 1.690e-05 4.719e-06 4.237e-05 -1.000 1.001e-04 0.211 1.520 0.722 0.199 0.009 -0.076 -0.102
0.0001 -2.19174 10.07918 0.7975539565 2.4178659916    0.792  1.868  3.7109  2.264    3  0.000  0.532     0.00     0.00     0.00     0.00     0.00 -1 -7.61e-11      0.00 7.547e-01 2.452e-01 1.690e-05 4.719e-06 4.237e-05 -1.000 1.001e-04 0.100 1.426 0.619 0.089 -0.104 -0.191 -0.217
0.0001 -2.19174 10.07918 0.7976330519 2.4178938866    0.792  1.911  3.7093  2.215    3  0.000  0.532     0.00     0.00     0.00     0.00     0.00 -1 -8.88e-11      0.00 7.547e-01 2.452e-01 1.690e-05 4.719e-06 4.237e-05 -1.000 1.000e-04 -0.006 1.337 0.520 -0.017 -0.212 -0.301 -0.328
0.0001 -2.19174 10.07918 0.7977061272 2.4179196358    0.792  1.953  3.7078  2.167    3  0.000  0.532     0.00     0.00     0.00     0.00     0.00 -1 -1.04e-10      0.00 7.547e-01 2.452e-01 1.690e-05 4.719e-06 4.237e-05 -1.000 1.000e-04 -0.113 1.249 0.421 -0.122 -0.320 -0.411 -0.439
0.0001 -2.19174 10.07918 0.7977763414 2.4179444313    0.791  1.997  3.7061  2.116    3  0.000  0.532     0.00     0.00     0.00     0.00     0.00 -1 -1.22e-10      0.00 7.547e-01 2.452e-01 1.690e-05 4.720e-06 4.237e-05 -1.000 1.000e-04 -0.223 1.158 0.318 -0.231 -0.432 -0.525 -0.554
0.0001 -2.19174 10.07918 0.7978364825 2.4179656506    0.791  2.038  3.7045  2.068    3  0.000  0.532     0.00     0.00     0.00     0.00     0.00 -1 -1.41e-10      0.00 7.547e-01 2.452e-01 1.690e-05 4.720e-06 4.237e-05 -1.000 9.999e-05 -0.325 1.074 0.224 -0.332 -0.536 -0.631 -0.660
0.0001 -2.19174 10.07918 0.7978920341 2.4179852009    0.790  2.079  3.7030  2.021    3  0.000  0.532     0.00     0.00     0.00     0.00     0.00 -1 -1.64e-10      0.00 7.547e-01 2.452e-01 1.690e-05 4.720e-06 4.237e-05 -1.000 1.001e-04 -0.428 0.990 0.130 -0.433 -0.639 -0.736 -0.767
0.0001 -2.19174 10.07918 0.7979452014 2.4180037975    0.790  2.121  3.7014  1.972    3  0.000  0.532     0.00     0.00     0.00     0.00     0.00 -1 -1.91e-10      0.00 7.547e-01 2.452e-01 1.690e-05 4.720e-06 4.237e-05 -1.000 1.000e-04 -0.533 0.905 0.032 -0.538 -0.747 -0.845 -0.877
0.0001 -2.19174 10.07918 0.7979915142 2.4180200100    0.790  2.161  3.6998  1.925    3  0.000  0.532     0.00     0.00     0.00     0.00     0.00 -1 -2.21e-10      0.00 7.547e-01 2.452e-01 1.690e-05 4.720e-06 4.237e-05 -1.000 1.001e-04 -0.632 0.827 -0.059 -0.636 -0.848 -0.949 -0.981
0.0001 -2.19174 10.07918 0.7980349660 2.4180355072    0.789  2.200  3.6982  1.880    3  0.000  0.532     0.00     0.00     0.00     0.00     0.00 -1 -2.55e-10      0.00 7.547e-01 2.452e-01 1.690e-05 4.720e-06 4.237e-05 -1.000 1.000e-04 -0.731 0.750 -0.149 -0.733 -0.948 -1.051 -1.084
0.0001 -2.19174 10.07918 0.7980801463 2.4180512428    0.788  2.238  3.6968  1.836    3  0.000  0.532     0.00     0.00     0.00     0.00     0.00 -1 -2.93e-10      0.00 7.547e-01 2.452e-01 1.690e-05 4.720e-06 4.237e-05 -1.000 1.001e-04 -0.824 0.677 -0.234 -0.825 -1.042 -1.147 -1.181
0.0001 -2.19174 10.07918 0.7981302142 2.4180688858    0.788  2.268  3.6956  1.800    3  0.000  0.532     0.00     0.00     0.00     0.00     0.00 -1 -3.29e-10      0.00 7.547e-01 2.452e-01 1.690e-05 4.720e-06 4.237e-05 -1.000 9.999e-05 -0.901 0.617 -0.304 -0.901 -1.121 -1.227 -1.261
0.0001 -2.19174 10.07918 0.7981535792 2.4180769920    0.787  2.263  3.6960  1.807    3  0.000  0.532     0.00     0.00     0.00     0.00     0.00 -1 -3.25e-10      0.00 7.547e-01 2.452e-01 1.690e-05 4.720e-06 4.237e-05 -1.000 1.000e-04 -0.887 0.625 -0.293 -0.888 -1.107 -1.212 -1.246
0.0001 -2.19174 10.07918 0.7981594205 2.4180791378    0.787  2.270  3.6957  1.799    3  0.000  0.532     0.00     0.00     0.00     0.00     0.00 -1 -3.32e-10      0.00 7.547e-01 2.452e-01 1.690e-05 4.720e-06 4.237e-05 -1.000 1.000e-04 -0.904 0.612 -0.308 -0.904 -1.124 -1.230 -1.264
0.0001 -2.19174 10.07918 0.7981916666 2.4180905819    0.787  2.310  3.6940  1.752    3  0.000  0.532     0.00     0.00     0.00     0.00     0.00 -1 -3.81e-10      0.00 7.547e-01 2.452e-01 1.690e-05 4.720e-06 4.237e-05 -1.000 1.001e-04 -1.004 0.536 -0.398 -1.002 -1.225 -1.333 -1.369
0.0001 -2.19174 10.07918 0.7982242703 2.4181020260    0.786  2.352  3.6924  1.703    3  0.000  0.532     0.00     0.00     0.00     0.00     0.00 -1 -4.45e-10      0.00 7.547e-01 2.452e-01 1.690e-05 4.720e-06 4.237e-05 -1.000 1.000e-04 -1.111 0.453 -0.495 -1.107 -1.334 -1.443 -1.480
0.0001 -2.19174 10.07918 0.7982519865 2.4181118011    0.785  2.391  3.6907  1.657    3  0.000  0.532     0.00     0.00     0.00     0.00     0.00 -1 -5.13e-10      0.00 7.546e-01 2.453e-01 1.690e-05 4.721e-06 4.237e-05 -1.000 9.997e-05 -1.207 0.381 -0.581 -1.202 -1.431 -1.543 -1.581
0.0001 -2.19174 10.07918 0.7982791662 2.4181213379    0.785  2.431  3.6889  1.609    3  0.000  0.532     0.00     0.00     0.00     0.00     0.00 -1 -5.95e-10      0.00 7.546e-01 2.453e-01 1.690e-05 4.721e-06 4.237e-05 -1.000 1.000e-04 -1.308 0.308 -0.671 -1.301 -1.534 -1.648 -1.686
0.0001 -2.19174 10.07918 0.7983045578 2.4181301594    0.784  2.472  3.6873  1.562    3  0.000  0.532     0.00     0.00     0.00     0.00     0.00 -1  -6.9e-10      0.00 7.546e-01 2.453e-01 1.690e-05 4.721e-06 4.238e-05 -1.000 9.999e-05 -1.409 0.233 -0.761 -1.400 -1.636 -1.752 -1.792
0.0001 -2.19174 10.07918 0.7983267903 2.4181380272    0.783  2.510  3.6856  1.516    3  0.000  0.532     6.42     5.16     3.67     2.84     2.29  3 -7.94e-10      0.00 7.546e-01 2.453e-01 1.690e-05 4.721e-06 4.238e-05 -1.000 1.000e-04 -1.504 0.168 -0.844 -1.492 -1.732 -1.850 -1.891
0.0001 -2.19174 10.07918 0.7983488441 2.4181456566    0.782  2.550  3.6837  1.468    3  0.000  0.532     7.11     5.62     3.99     3.08     2.49  3 -9.21e-10      0.00 7.546e-01 2.453e-01 1.690e-05 4.721e-06 4.238e-05 -1.000 1.001e-04 -1.604 0.115 -0.930 -1.592 -1.835 -1.956 -1.997
0.0001 -2.19174 10.07918 0.7983683944 2.4181525707    0.781  2.588  3.6821  1.423    3  0.000  0.532     7.82     6.09     4.31     3.34     2.70  3 -1.06e-09      0.00 7.546e-01 2.453e-01 1.690e-05 4.721e-06 4.238e-05 -1.000 1.000e-04 -1.699 0.066 -1.010 -1.686 -1.933 -2.056 -2.098
0.0001 -2.19174 10.07918 0.7983866334 2.4181590080    0.780  2.625  3.6804  1.378    3  0.000  0.532     8.60     6.61     4.65     3.61     2.92  3 -1.22e-09      0.00 7.546e-01 2.453e-01 1.690e-05 4.721e-06 4.238e-05 -1.000 9.997e-05 -1.793 0.024 -1.088 -1.779 -2.030 -2.156 -2.199
0.0001 -2.19174 10.07918 0.7984039783 2.4181652069    0.779  2.664  3.6786  1.332    3  0.000  0.532     9.48     7.18     5.04     3.91     3.17  3  -1.4e-09      0.00 7.546e-01 2.453e-01 1.690e-05 4.721e-06 4.238e-05 -1.000 1.000e-04 -1.889 -0.014 -1.165 -1.873 -2.129 -2.257 -2.301
0.0001 -2.19174 10.07918 0.7984226942 2.4181716442    0.777  2.708  3.6767  1.279    3  0.000  0.532    10.60     7.90     5.51     4.29     3.47  3 -1.65e-09      0.00 7.546e-01 2.453e-01 1.690e-05 4.721e-06 4.238e-05 -1.000 9.993e-05 -2.000 -0.057 -1.254 -1.982 -2.243 -2.374 -2.419
0.0001 -2.19174 10.07918 0.7984377146 2.4181768894    0.776  2.746  3.6747  1.233    3  0.000  0.532    11.69     8.59     5.97     4.65     3.77  3  -1.9e-09      0.00 7.546e-01 2.453e-01 1.690e-05 4.721e-06 4.238e-05 -1.000 1.000e-04 -2.095 -0.079 -1.325 -2.075 -2.341 -2.475 -2.521
0.0001 -2.19174 10.07918 0.7984532118 2.4181823730    0.774  2.788  3.6728  1.182    3  0.000  0.532    13.01     9.41     6.52     5.08     4.12  2 -2.23e-09      0.00 7.546e-01 2.453e-01 1.690e-05 4.721e-06 4.238e-05 -1.000 1.000e-04 -2.200 -0.107 -1.405 -2.178 -2.450 -2.586 -2.634
0.0001 -2.19174 10.07918 0.7984660268 2.4181869030    0.773  2.825  3.6711  1.137    3  0.000  0.532    14.31    10.20     7.04     5.50     4.45  2 -2.56e-09      0.00 7.546e-01 2.453e-01 1.690e-05 4.721e-06 4.238e-05 -1.000 9.994e-05 -2.294 -0.126 -1.474 -2.269 -2.547 -2.685 -2.734
0.0001 -2.19174 10.07918 0.7984790802 2.4181914330    0.771  2.866  3.6689  1.087    3  0.000  0.532    15.91    11.16     7.67     6.00     4.86  2 -2.98e-09      0.00 7.546e-01 2.453e-01 1.690e-05 4.721e-06 4.238e-05 -1.000 1.001e-04 -2.395 -0.132 -1.543 -2.367 -2.651 -2.793 -2.843
0.0001 -2.19174 10.07918 0.7984898686 2.4181952477    0.769  2.902  3.6673  1.044    3  0.000  0.532    17.42    12.06     8.26     6.47     5.24  2  -3.4e-09      0.00 7.546e-01 2.453e-01 1.690e-05 4.721e-06 4.238e-05 -1.000 1.000e-04 -2.484 -0.144 -1.606 -2.453 -2.742 -2.887 -2.938
0.0001 -2.19174 10.07918 0.7985012531 2.4181993008    0.767  2.942  3.6652  0.994    3  0.000  0.532    19.34    13.18     8.99     7.05     5.71  2 -3.95e-09      0.00 7.546e-01 2.453e-01 1.690e-05 4.721e-06 4.238e-05 -1.000 1.000e-04 -2.584 -0.139 -1.670 -2.548 -2.845 -2.994 -3.046
0.0001 -2.19174 10.07918 0.7985127568 2.4182033539    0.764  2.985  3.6630  0.941    3  0.000  0.532    21.64    14.50     9.85     7.73     6.27  2 -4.65e-09      0.00 7.546e-01 2.453e-01 1.690e-05 4.721e-06 4.238e-05 -1.000 1.001e-04 -2.692 -0.124 -1.733 -2.650 -2.956 -3.109 -3.163
0.0001 -2.19174 10.07918 0.7985221744 2.4182066917    0.762  3.022  3.6611  0.894    3  0.000  0.532    23.87    15.77    10.67     8.39     6.80  1 -5.36e-09      0.00 7.546e-01 2.453e-01 1.690e-05 4.721e-06 4.238e-05 -1.000 1.000e-04 -2.785 -0.103 -1.784 -2.737 -3.053 -3.210 -3.265
0.0001 -2.19174 10.07918 0.7985301614 2.4182093143    0.760  3.056  3.6593  0.852    3  0.000  0.532    26.10    17.01    11.47     9.03     7.32  1 -6.09e-09      0.00 7.546e-01 2.453e-01 1.690e-05 4.721e-06 4.238e-05 -1.000 9.999e-05 -2.869 -0.072 -1.825 -2.815 -3.140 -3.300 -3.357
0.0001 -2.19174 10.07918 0.7985384464 2.4182124138    0.757  3.093  3.6575  0.806    3  0.000  0.532    28.73    18.45    12.39     9.77     7.92  1    -7e-09      0.00 7.546e-01 2.453e-01 1.690e-05 4.721e-06 4.238e-05 -1.000 1.001e-04 -2.962 -0.059 -1.875 -2.899 -3.233 -3.398 -3.456
0.0001 -2.19174 10.07918 0.7985469103 2.4182152748    0.753  3.132  3.6552  0.756    3  0.000  0.532    31.96    20.20    13.51    10.66     8.65  1 -8.14e-09      0.00 7.546e-01 2.453e-01 1.690e-05 4.721e-06 4.238e-05 -1.000 1.000e-04 -3.061 -0.067 -1.933 -2.988 -3.331 -3.501 -3.560
0.0001 -2.19174 10.07918 0.7985540628 2.4182178974    0.750  3.168  3.6533  0.711    3  0.000  0.532    35.14    21.89    14.59    11.53     9.35  1 -9.33e-09      0.00 7.546e-01 2.453e-01 1.690e-05 4.721e-06 4.238e-05 -1.000 1.000e-04 -3.150 -0.076 -1.986 -3.068 -3.419 -3.593 -3.654
0.0001 -2.19174 10.07918 0.7985612154 2.4182202816    0.746  3.205  3.6513  0.663    3  0.000  0.532    38.81    23.81    15.81    12.51    10.15  1 -1.08e-08      0.00 7.546e-01 2.453e-01 1.690e-05 4.721e-06 4.238e-05 -1.000 1.000e-04 -3.242 -0.083 -2.039 -3.151 -3.511 -3.689 -3.752
0.0001 -2.19174 10.07918 0.7985678911 2.4182226658    0.743  3.239  3.6494  0.620    3  0.000  0.532    42.51    25.72    17.01    13.48    10.94  1 -1.23e-08      0.00 7.546e-01 2.453e-01 1.690e-05 4.721e-06 4.238e-05 -1.000 1.001e-04 -3.326 -0.088 -2.087 -3.225 -3.594 -3.776 -3.840
0.0001 -2.19174 10.07918 0.7985697389 2.4182233810    0.741  3.247  3.6490  0.609    3  0.000  0.532    43.54    26.24    17.34    13.75    11.16  1 -1.27e-08      0.00 7.546e-01 2.453e-01 1.690e-05 4.721e-06 4.238e-05 -1.000 1.000e-04 -3.348 -0.089 -2.099 -3.244 -3.615 -3.798 -3.863
0.0001 -2.19174 10.07918 0.7985697389 2.4182233810    0.741  1.658  3.9482  3.395    4  0.000  0.533     0.00     0.00     0.00     0.00     0.00 -1    -1e-30      0.00 7.562e-01 2.437e-01 1.688e-05 4.684e-06 4.222e-05 -1.000 1.000e-04 0.626 1.015 0.614 0.858 1.060 1.134 1.181
0.0001 -2.19174 10.07918 0.7985704541 2.4182236195    0.741  1.664  3.9443  3.373    4  0.000  0.533     0.00     0.00     0.00     0.00     0.00 -1    -1e-30      0.00 7.562e-01 2.437e-01 1.688e-05 4.684e-06 4.222e-05 -1.000 9.999e-05 0.609 0.995 0.587 0.826 1.024 1.096 1.142
0.0001 -2.19174 10.07918 0.7986187339 2.4182405472    0.741  1.685  3.9336  3.309    4  0.000  0.533     0.00     0.00     0.00     0.00     0.00 -1    -1e-30      0.00 7.562e-01 2.437e-01 1.688e-05 4.684e-06 4.222e-05 -1.000 9.991e-05 0.558 0.940 0.514 0.735 0.923 0.989 1.032
0.0001 -2.19174 10.07918 0.7986656427 2.4182569981    0.741  1.685  3.9337  3.310    4  0.000  0.533     0.00     0.00     0.00     0.00     0.00 -1    -1e-30      0.00 7.562e-01 2.437e-01 1.688e-05 4.684e-06 4.222e-05 -1.000 1.001e-04 0.557 0.939 0.514 0.735 0.923 0.989 1.032
0.0001 -2.19174 10.07918 0.7987126708 2.4182734489    0.741  1.685  3.9339  3.311    4  0.000  0.533     0.00     0.00     0.00     0.00     0.00 -1    -1e-30      0.00 7.562e-01 2.437e-01 1.688e-05 4.684e-06 4.222e-05 -1.000 9.993e-05 0.557 0.940 0.514 0.736 0.924 0.990 1.033
0.0001 -2.19174 10.07918 0.7987601757 2.4182901382    0.741  1.685  3.9339  3.311    4  0.000  0.533     0.00     0.00     0.00     0.00     0.00 -1    -1e-30      0.00 7.562e-01 2.437e-01 1.688e-05 4.684e-06 4.222e-05 -1.000 9.993e-05 0.557 0.939 0.514 0.736 0.924 0.990 1.033
0.0001 -2.19174 10.07918 0.7988089919 2.4183073044    0.741  1.685  3.9337  3.309    4  0.000  0.533     0.00     0.00     0.00     0.00     0.00 -1    -1e-30      0.00 7.562e-01 2.437e-01 1.688e-05 4.684e-06 4.222e-05 -1.000 9.999e-05 0.557 0.939 0.513 0.734 0.922 0.988 1.031
0.0001 -2.19174 10.07918 0.7988574505 2.4183242321    0.741  1.686  3.9331  3.307    4  0.000  0.533     0.00     0.00     0.00     0.00     0.00 -1    -1e-30      0.00 7.562e-01 2.437e-01 1.688e-05 4.684e-06 4.222e-05 -1.000 1.000e-04 0.556 0.938 0.511 0.731 0.919 0.984 1.027
0.0001 -2.19174 10.07918 0.7989027500 2.4183402061    0.741  1.686  3.9323  3.303    4  0.000  0.533     0.00     0.00     0.00     0.00     0.00 -1    -1e-30      0.00 7.562e-01 2.437e-01 1.688e-05 4.684e-06 4.222e-05 -1.000 1.000e-04 0.555 0.937 0.508 0.727 0.913 0.979 1.022
0.0001 -2.19174 10.07918 0.7989516258 2.4183573723    0.741  1.687  3.9311  3.298    4  0.000  0.533     0.00     0.00     0.00     0.00     0.00 -1    -1e-30      0.00 7.562e-01 2.437e-01 1.688e-05 4.684e-06 4.222e-05 -1.000 9.999e-05 0.553 0.935 0.504 0.721 0.906 0.971 1.014
0.0001 -2.19174 10.07918 0.7989966869 2.4183731079    0.742  1.688  3.9297  3.291    4  0.000  0.533     0.00     0.00     0.00     0.00     0.00 -1    -1e-30      0.00 7.562e-01 2.437e-01 1.688e-05 4.684e-06 4.222e-05 -1.000 9.993e-05 0.550 0.933 0.499 0.713 0.897 0.961 1.004
0.0001 -2.19174 10.07918 0.7990423441 2.4183890820    0.742  1.689  3.9278  3.282    4  0.000  0.533     0.00     0.00     0.00     0.00     0.00 -1    -1e-30      0.00 7.562e-01 2.437e-01 1.688e-05 4.684e-06 4.222e-05 -1.000 9.999e-05 0.547 0.931 0.494 0.704 0.886 0.949 0.991
0.0001 -2.19174 10.07918 0.7990902662 2.4184060097    0.742  1.691  3.9254  3.271    4  0.000  0.533     0.00     0.00     0.00     0.00     0.00 -1    -1e-30      0.00 7.562e-01 2.437e-01 1.688e-05 4.684e-06 4.222e-05 -1.000 9.997e-05 0.543 0.927 0.488 0.693 0.871 0.933 0.975
0.0001 -2.19174 10.07918 0.7991400957 2.4184234142    0.742  1.693  3.9225  3.257    4  0.000  0.533     0.00     0.00     0.00     0.00     0.00 -1    -1e-30      0.00 7.562e-01 2.437e-01 1.688e-05 4.684e-06 4.222e-05 -1.000 9.999e-05 0.538 0.923 0.479 0.678 0.853 0.914 0.955
0.0001 -2.19174 10.07918 0.7991865873 2.4184398651    0.742  1.695  3.9192  3.242    4  0.000  0.533     0.00     0.00     0.00     0.00     0.00 -1    -1e-30      0.00 7.562e-01 2.437e-01 1.688e-05 4.684e-06 4.222e-05 -1.000 1.000e-04 0.532 0.919 0.471 0.663 0.833 0.893 0.933
0.0001 -2.19174 10.07918 0.7992334962 2.4184560776    0.742  1.698  3.9154  3.224    4  0.000  0.533     0.00     0.00     0.00     0.00     0.00 -1    -1e-30      0.00 7.562e-01 2.437e-01 1.688e-05 4.684e-06 4.222e-05 -1.000 9.997e-05 0.526 0.915 0.462 0.645 0.811 0.869 0.908
0.0001 -2.19174 10.07918 0.7992828488 2.4184734821    0.742  1.701  3.9109  3.203    4  0.000  0.533     0.00     0.00     0.00     0.00     0.00 -1    -1e-30      0.00 7.562e-01 2.437e-01 1.688e-05 4.684e-06 4.222e-05 -1.000 9.993e-05 0.518 0.911 0.452 0.624 0.784 0.840 0.878
0.0001 -2.19174 10.07918 0.7993294001 2.4184896946    0.742  1.704  3.9062  3.181    4  0.000  0.533     0.00     0.00     0.00     0.00     0.00 -1    -1e-30      0.00 7.562e-01 2.437e-01 1.688e-05 4.684e-06 4.222e-05 -1.000 9.997e-05 0.509 0.908 0.444 0.603 0.756 0.810 0.847
0.0001 -2.19174 10.07918 0.7993761301 2.4185061455    0.742  1.708  3.9008  3.155    4  0.000  0.533     0.00     0.00     0.00     0.00     0.00 -1    -1e-30      0.00 7.562e-01 2.437e-01 1.688e-05 4.684e-06 4.222e-05 -1.000 9.999e-05 0.500 0.905 0.435 0.580 0.724 0.777 0.813
0.0001 -2.19174 10.07918 0.7994243503 2.4185230732    0.742  1.712  3.8947  3.127    4  0.000  0.533     0.00     0.00     0.00     0.00     0.00 -1    -1e-30      0.00 7.562e-01 2.437e-01 1.688e-05 4.684e-06 4.222e-05 -1.000 1.000e-04 0.489 0.905 0.429 0.555 0.690 0.741 0.776
0.0001 -2.19174 10.07918 0.7994737029 2.4185402393    0.742  1.717  3.8879  3.095    4  0.000  0.533     0.00     0.00     0.00     0.00     0.00 -1    -1e-30      0.00 7.562e-01 2.437e-01 1.688e-05 4.684e-06 4.222e-05 -1.000 9.991e-05 0.478 0.906 0.424 0.528 0.652 0.701 0.734
0.0001 -2.19174 10.07918 0.7995197177 2.4185564518    0.742  1.722  3.8810  3.063    4  0.000  0.533     0.00     0.00     0.00     0.00     0.00 -1    -1e-30      0.00 7.562e-01 2.437e-01 1.688e-05 4.684e-06 4.222e-05 -1.000 9.997e-05 0.466 0.909 0.423 0.503 0.615 0.662 0.694
0.0001 -2.19174 10.07918 0.7995240688 2.4185578823    0.742  1.722  3.8803  3.059    4  0.000  0.533     0.00     0.00     0.00     0.00     0.00 -1    -1e-30      0.00 7.562e-01 2.437e-01 1.688e-05 4.684e-06 4.222e-05 -1.000 9.997e-05 0.464 0.910 0.423 0.500 0.612 0.658 0.690
0.0001 -2.19174 10.07918 0.7995317578 2.4185607433    0.742  1.723  3.8792  3.054    4  0.000  0.533     0.00     0.00     0.00     0.00     0.00 -1    -1e-30      0.00 7.562e-01 2.437e-01 1.688e-05 4.684e-06 4.222e-05 -1.000 1.000e-04 0.462 0.910 0.423 0.496 0.606 0.652 0.683
0.0001 -2.19174 10.07918 0.7995770574 2.4185764790    0.742  1.728  3.8726  3.023    4  0.000  0.533     0.00     0.00     0.00     0.00     0.00 -1    -1e-30      0.00 7.562e-01 2.437e-01 1.688e-05 4.684e-06 4.222e-05 -1.000 1.000e-04 0.451 0.915 0.423 0.474 0.572 0.616 0.646
0.0001 -2.19174 10.07918 0.7996212244 2.4185919762    0.742  1.733  3.8655  2.990    4  0.000  0.533     0.00     0.00     0.00     0.00     0.00 -1    -1e-30      0.00 7.562e-01 2.437e-01 1.688e-05 4.684e-06 4.222e-05 -1.000 9.993e-05 0.438 0.921 0.426 0.452 0.537 0.578 0.607
0.0001 -2.19174 10.07918 0.7996684313 2.4186084270    0.742  1.738  3.8575  2.952    4  0.000  0.533     0.00     0.00     0.00     0.00     0.00 -1    -1e-30      0.00 7.562e-01 2.437e-01 1.688e-05 4.684e-06 4.222e-05 -1.000 1.000e-04 0.424 0.928 0.430 0.428 0.498 0.537 0.563
0.0001 -2.19174 10.07918 0.7997133732 2.4186241627    0.742  1.744  3.8492  2.913    4  0.000  0.533     0.00     0.00     0.00     0.00     0.00 -1    -1e-30      0.00 7.562e-01 2.437e-01 1.688e-05 4.684e-06 4.222e-05 -1.000 1.001e-04 0.410 0.937 0.436 0.406 0.461 0.495 0.520
0.0001 -2.19174 10.07918 0.7997564077 2.4186394215    0.742  1.750  3.8408  2.874    4  0.000  0.533     0.00     0.00     0.00     0.00     0.00 -1    -1e-30      0.00 7.562e-01 2.437e-01 1.688e-05 4.684e-06 4.222e-05 -1.000 9.999e-05 0.395 0.948 0.442 0.385 0.424 0.454 0.477
0.0001 -2.19174 10.07918 0.7998008728 2.4186549187    0.742  1.756  3.8323  2.834    4  0.000  0.533     0.00     0.00     0.00     0.00     0.00 -1    -1e-30      0.00 7.562e-01 2.437e-01 1.688e-05 4.684e-06 4.222e-05 -1.000 9.993e-05 0.380 0.960 0.450 0.363 0.386 0.412 0.433
0.0001 -2.19174 10.07918 0.7998445034 2.4186701775    0.742  1.762  3.8239  2.794    4  0.000  0.533     0.00     0.00     0.00     0.00     0.00 -1    -1e-30      0.00 7.562e-01 2.437e-01 1.688e-05 4.684e-06 4.222e-05 -1.000 9.991e-05 0.364 0.974 0.457 0.342 0.350 0.371 0.389
0.0001 -2.19174 10.07918 0.7998885512 2.4186856747    0.743  1.769  3.8158  2.755    4  0.000  0.533     0.00     0.00     0.00     0.00     0.00 -1    -1e-30      0.00 7.562e-01 2.437e-01 1.688e-05 4.684e-06 4.222e-05 -1.000 9.993e-05 0.348 0.988 0.465 0.322 0.316 0.330 0.346
0.0001 -2.19174 10.07918 0.7999327183 2.4187009335    0.743  1.775  3.8083  2.719    4  0.000  0.533     0.00     0.00     0.00     0.00     0.00 -1    -1e-30      0.00 7.562e-01 2.437e-01 1.688e-05 4.684e-06 4.222e-05 -1.000 9.991e-05 0.331 1.002 0.472 0.303 0.283 0.292 0.305
0.0001 -2.19174 10.07918 0.7999771237 2.4187166691    0.743  1.784  3.7999  2.677    4  0.000  0.533     0.00     0.00     0.00     0.00     0.00 -1    -1e-30      0.00 7.562e-01 2.437e-01 1.688e-05 4.684e-06 4.222e-05 -1.000 9.993e-05 0.311 1.019 0.480 0.280 0.244 0.247 0.258
0.0001 -2.19174 10.07918 0.7999859452 2.4187195301    0.743  1.786  3.7981  2.668    4  0.000  0.533     0.00     0.00     0.00     0.00     0.00 -1    -1e-30      0.00 7.562e-01 2.437e-01 1.688e-05 4.684e-06 4.222e-05 -1.000 9.991e-05 0.306 1.023 0.481 0.275 0.237 0.238 0.248
0.0001 -2.19174 10.07918 0.8000315428 2.4187355042    0.743  1.796  3.7900  2.625    4  0.000  0.533     0.00     0.00     0.00     0.00     0.00 -1    -1e-30      0.00 7.562e-01 2.437e-01 1.688e-05 4.684e-06 4.222e-05 -1.000 9.999e-05 0.281 1.038 0.485 0.249 0.196 0.190 0.197
0.0001 -2.19174 10.07918 0.8000764251 2.4187512398    0.743  1.810  3.7799  2.570    4  0.000  0.533     0.00     0.00     0.00     0.00     0.00 -1    -1e-30      0.00 7.562e-01 2.437e-01 1.688e-05 4.684e-06 4.222e-05 -1.000 1.000e-04 0.244 1.052 0.483 0.211 0.140 0.126 0.129
0.0001 -2.19174 10.07918 0.8001142144 2.4187645912    0.743  1.836  3.7669  2.492    4  0.000  0.533     0.00     0.00     0.00     0.00     0.00 -1    -1e-30      0.00 7.562e-01 2.437e-01 1.688e-05 4.684e-06 4.222e-05 -1.000 9.991e-05 0.179 1.063 0.465 0.148 0.054 0.027 0.025
0.0001 -2.19174 10.07918 0.8001347184 2.4187717438    0.743  1.867  3.7553  2.415    4  0.000  0.533     0.00     0.00     0.00     0.00     0.00 -1    -1e-30      0.00 7.562e-01 2.437e-01 1.688e-05 4.684e-06 4.222e-05 -1.000 1.000e-04 0.101 1.057 0.431 0.071 -0.043 -0.081 -0.088
0.0001 -2.19174 10.07918 0.8001438975 2.4187748432    0.743  1.899  3.7461  2.346    4  0.000  0.533     0.00     0.00     0.00     0.00     0.00 -1    -1e-30      0.00 7.562e-01 2.437e-01 1.688e-05 4.684e-06 4.222e-05 -1.000 9.999e-05 0.023 1.040 0.387 -0.005 -0.135 -0.183 -0.193
0.0001 -2.19174 10.07918 0.8001480699 2.4187762737    0.743  1.932  3.7383  2.282    4  0.000  0.533     0.00     0.00     0.00     0.00     0.00 -1    -1e-30      0.00 7.562e-01 2.437e-01 1.688e-05 4.684e-06 4.222e-05 -1.000 9.999e-05 -0.061 1.013 0.334 -0.086 -0.229 -0.285 -0.299
0.0001 -2.19174 10.07918 0.8001500368 2.4187769890    0.743  1.963  3.7325  2.228    4  0.000  0.533     0.00     0.00     0.00     0.00     0.00 -1    -1e-30      0.00 7.562e-01 2.437e-01 1.688e-05 4.684e-06 4.222e-05 -1.000 9.999e-05 -0.139 0.983 0.279 -0.163 -0.316 -0.378 -0.395
0.0001 -2.19174 10.07918 0.8001508117 2.4187772274    0.743  1.984  3.7294  2.195    7  0.000  0.533     0.00     0.00     0.00     0.00     0.00 -1    -1e-30      0.00 7.562e-01 2.437e-01 1.688e-05 4.684e-06 4.222e-05 -1.000 9.999e-05 -0.189 0.959 0.241 -0.212 -0.371 -0.437 -0.455
0.0001 -2.19174 10.07918 0.8001510501 2.4187774658    0.743  1.993  3.7283  2.181    7  0.000  0.533     0.00     0.00     0.00     0.00     0.00 -1    -1e-30      0.00 7.562e-01 2.437e-01 1.688e-05 4.684e-06 4.222e-05 -1.000 9.999e-05 -0.212 0.946 0.223 -0.235 -0.395 -0.463 -0.481
0.0001 -2.19174 10.07918 0.8001519442 2.4187777042    0.743  2.032  3.7241  2.125    7  0.000  0.533     0.00     0.00     0.00     0.00     0.00 -1    -1e-30      0.00 7.562e-01 2.437e-01 1.688e-05 4.684e-06 4.222e-05 -1.000 9.990e-05 -0.311 0.885 0.141 -0.332 -0.500 -0.572 -0.592
0.0001 -2.19174 10.07918 0.8001527786 2.4187779427    0.743  2.072  3.7205  2.070    7  0.000  0.533     0.00     0.00     0.00     0.00     0.00 -1    -1e-30      0.00 7.562e-01 2.437e-01 1.688e-05 4.684e-06 4.222e-05 -1.000 1.000e-04 -0.411 0.818 0.057 -0.430 -0.604 -0.680 -0.702
0.0001 -2.19174 10.07918 0.8001536131 2.4187781811    0.743  2.112  3.7172  2.017    7  0.000  0.533     0.00     0.00     0.00     0.00     0.00 -1    -1e-30      0.00 7.562e-01 2.437e-01 1.688e-05 4.684e-06 4.222e-05 -1.000 9.999e-05 -0.511 0.752 -0.028 -0.529 -0.708 -0.788 -0.812
0.0001 -2.19174 10.07918 0.8001544476 2.4187786579    0.743  2.150  3.7145  1.969    7  0.000  0.533     0.00     0.00     0.00     0.00     0.00 -1    -1e-30      0.00 7.562e-01 2.437e-01 1.688e-05 4.684e-06 4.222e-05 -1.000 9.999e-05 -0.604 0.689 -0.108 -0.620 -0.804 -0.887 -0.913
0.0001 -2.19174 10.07918 0.8001558185 2.4187791348    0.743  2.173  3.7130  1.940    7  0.000  0.533     0.00     0.00     0.00     0.00     0.00 -1    -1e-30      0.00 7.562e-01 2.437e-01 1.688e-05 4.684e-06 4.222e-05 -1.000 9.990e-05 -0.662 0.646 -0.160 -0.678 -0.865 -0.949 -0.975
0.0001 -2.19174 10.07918 0.8001583219 2.4187798500    0.743  2.153  3.7146  1.966    7  0.000  0.533     0.00     0.00     0.00     0.00     0.00 -1    -1e-30      0.00 7.562e-01 2.437e-01 1.688e-05 4.684e-06 4.222e-05 -1.000 1.000e-04 -0.613 0.678 -0.118 -0.629 -0.813 -0.896 -0.921
0.0001 -2.19174 10.07918 0.8001741767 2.4187853336    0.743  2.143  3.7149  1.977    7  0.000  0.533     0.00     0.00     0.00     0.00     0.00 -1    -1e-30      0.00 7.562e-01 2.437e-01 1.688e-05 4.684e-06 4.222e-05 -1.000 9.993e-05 -0.587 0.701 -0.094 -0.604 -0.787 -0.870 -0.895
0.0001 -2.19174 10.07918 0.8001891375 2.4187905788    0.743  2.174  3.7124  1.936    7  0.000  0.533     0.00     0.00     0.00     0.00     0.00 -1    -1e-30      0.00 7.562e-01 2.437e-01 1.688e-05 4.684e-06 4.222e-05 -1.000 9.991e-05 -0.666 0.650 -0.160 -0.681 -0.869 -0.955 -0.981
0.0001 -2.19174 10.07918 0.8002071977 2.4187970161    0.743  2.222  3.7091  1.876    7  0.000  0.533     0.00     0.00     0.00     0.00     0.00 -1    -1e-30      0.00 7.562e-01 2.437e-01 1.688e-05 4.684e-06 4.222e-05 -1.000 9.990e-05 -0.784 0.569 -0.262 -0.797 -0.992 -1.081 -1.109
0.0001 -2.19174 10.07918 0.8002245426 2.4188029766    0.743  2.263  3.7064  1.823    7  0.000  0.533     0.00     0.00     0.00     0.00     0.00 -1    -1e-30      0.00 7.562e-01 2.437e-01 1.688e-05 4.684e-06 4.222e-05 -1.000 9.999e-05 -0.888 0.498 -0.353 -0.900 -1.099 -1.192 -1.221
0.0001 -2.19174 10.07918 0.8002404571 2.4188086987    0.743  2.305  3.7039  1.772    7  0.000  0.533     0.00     0.00     0.00     0.00     0.00 -1    -1e-30      0.00 7.562e-01 2.437e-01 1.688e-05 4.684e-06 4.222e-05 -1.000 9.999e-05 -0.991 0.426 -0.443 -1.001 -1.205 -1.301 -1.331
0.0001 -2.19174 10.07918 0.8002547622 2.4188137054    0.743  2.346  3.7015  1.721    7  0.000  0.533     0.00     0.00     0.00     0.00     0.00 -1    -1e-30      0.00 7.562e-01 2.437e-01 1.688e-05 4.685e-06 4.222e-05 -1.000 9.993e-05 -1.094 0.354 -0.533 -1.102 -1.311 -1.410 -1.441
0.0001 -2.19174 10.07918 0.8002675176 2.4188179970    0.743  2.387  3.6992  1.670    7  0.000  0.533     0.00     0.00     0.00     0.00     0.00 -1    -1e-30      0.00 7.562e-01 2.437e-01 1.687e-05 4.687e-06 4.222e-05 -1.000 9.999e-05 -1.198 0.281 -0.623 -1.204 -1.417 -1.518 -1.551
0.0001 -2.19174 10.07918 0.8002787232 2.4188220501    0.743  2.428  3.6969  1.620    7  0.000  0.531     0.00     0.00     0.00     0.00     0.00 -1    -1e-30      0.00 7.562e-01 2.437e-01 1.681e-05 4.709e-06 4.222e-05 -1.000 9.558e-05 -1.301 0.210 -0.713 -1.304 -1.522 -1.626 -1.660
0.0001 -2.19174 10.07918 0.8002885580 2.4188253880    0.743  2.469  3.6946  1.570    7  0.000  0.524     0.00     0.00     0.00     0.00     0.00 -1    -1e-30      0.00 7.561e-01 2.438e-01 1.661e-05 4.858e-06 4.222e-05 -1.000 9.355e-05 -1.403 0.140 -0.801 -1.404 -1.626 -1.733 -1.768
0.0001 -2.19174 10.07918 0.8002974987 2.4188284874    0.743  2.510  3.6924  1.520    7  0.000  0.510     6.26     5.05     3.60     2.78     2.25  3    -1e-30      0.00 7.560e-01 2.439e-01 1.616e-05 5.335e-06 4.223e-05 -1.000 9.890e-05 -1.506 0.069 -0.891 -1.504 -1.730 -1.840 -1.877
0.0001 -2.19174 10.07918 0.8003056049 2.4188313484    0.743  2.551  3.6902  1.471    7  0.000  0.493     6.96     5.53     3.92     3.03     2.45  3    -1e-30      0.00 7.559e-01 2.440e-01 1.562e-05 5.991e-06 4.224e-05 -1.000 1.000e-04 -1.607 -0.001 -0.979 -1.604 -1.834 -1.947 -1.985
0.0001 -2.19174 10.07918 0.8003131151 2.4188339710    0.743  2.591  3.6880  1.421    7  0.000  0.477     7.73     6.04     4.26     3.31     2.68  3    -1e-30      0.00 7.557e-01 2.442e-01 1.512e-05 6.603e-06 4.225e-05 -1.000 1.000e-04 -1.709 -0.065 -1.065 -1.702 -1.937 -2.053 -2.092
0.0001 -2.19174 10.07918 0.8003200293 2.4188363552    0.743  2.632  3.6858  1.372    7  0.000  0.463     8.58     6.60     4.64     3.61     2.92  3    -1e-30      0.00 7.555e-01 2.444e-01 1.468e-05 7.141e-06 4.227e-05 -1.000 1.000e-04 -1.810 -0.129 -1.151 -1.800 -2.040 -2.159 -2.199
0.0001 -2.19174 10.07918 0.8003265858 2.4188387394    0.743  2.672  3.6836  1.323    7  0.000  0.452     9.53     7.22     5.05     3.93     3.18  3    -1e-30      0.00 7.553e-01 2.446e-01 1.432e-05 7.595e-06 4.228e-05 -1.000 9.996e-05 -1.911 -0.170 -1.233 -1.900 -2.145 -2.266 -2.308
0.0001 -2.19174 10.07918 0.8003328443 2.4188408852    0.743  2.713  3.6814  1.274    7  0.000  0.442    10.57     7.89     5.50     4.29     3.47  3    -1e-30      0.00 7.550e-01 2.449e-01 1.400e-05 7.990e-06 4.227e-05 -1.000 1.000e-04 -2.012 -0.206 -1.313 -2.000 -2.250 -2.374 -2.417
0.0001 -2.19174 10.07918 0.8003388643 2.4188430309    0.743  2.753  3.6792  1.225    7  0.000  0.433    11.74     8.62     5.99     4.67     3.78  2    -1e-30      0.00 7.548e-01 2.451e-01 1.372e-05 8.332e-06 4.227e-05 -1.000 9.991e-05 -2.113 -0.236 -1.391 -2.099 -2.355 -2.482 -2.526
0.0001 -2.19174 10.07918 0.8003445864 2.4188449383    0.743  2.794  3.6770  1.174    7  0.000  0.425    13.07     9.44     6.53     5.10     4.13  2    -1e-30      0.00 7.545e-01 2.454e-01 1.348e-05 8.638e-06 4.224e-05 -1.000 1.000e-04 -2.216 -0.258 -1.468 -2.200 -2.461 -2.592 -2.637
0.0001 -2.19174 10.07918 0.8003494740 2.4188466072    0.743  2.836  3.6747  1.124    7  0.000  0.419    14.55    10.35     7.13     5.58     4.51  2    -1e-30      0.00 7.542e-01 2.457e-01 1.327e-05 8.909e-06 4.219e-05 -1.000 1.000e-04 -2.320 -0.274 -1.543 -2.301 -2.569 -2.703 -2.749
0.0001 -2.19174 10.07918 0.8003537059 2.4188482761    0.743  2.877  3.6724  1.073    7  0.000  0.414    16.20    11.33     7.78     6.09     4.93  2    -1e-30      0.00 7.539e-01 2.460e-01 1.309e-05 9.154e-06 4.211e-05 -1.000 9.993e-05 -2.422 -0.282 -1.614 -2.400 -2.675 -2.813 -2.861
0.0001 -2.19174 10.07918 0.8003572226 2.4188494682    0.743  2.918  3.6700  1.023    7  0.000  0.411    18.02    12.41     8.48     6.65     5.39  2    -1e-30      0.00 7.537e-01 2.462e-01 1.293e-05 9.400e-06 4.199e-05 -1.000 9.999e-05 -2.525 -0.283 -1.683 -2.499 -2.782 -2.923 -2.972
0.0001 -2.19174 10.07918 0.8003604412 2.4188506603    0.743  2.958  3.6677  0.974    7  0.000  0.408    20.01    13.56     9.23     7.25     5.87  2    -1e-30      0.00 7.534e-01 2.465e-01 1.280e-05 9.648e-06 4.184e-05 -1.000 9.075e-05 -2.624 -0.272 -1.744 -2.594 -2.885 -3.030 -3.080
0.0001 -2.19174 10.07918 0.8003637791 2.4188516140    0.743  2.998  3.6654  0.924    7  0.000  0.406    22.24    14.83    10.06     7.91     6.41  1    -1e-30      0.00 7.532e-01 2.467e-01 1.270e-05 9.883e-06 4.169e-05 -1.000 9.988e-05 -2.725 -0.249 -1.801 -2.689 -2.989 -3.138 -3.191
0.0001 -2.19174 10.07918 0.8003667593 2.4188528061    0.743  3.043  3.6628  0.869    7  0.000  0.405    25.02    16.39    11.06     8.71     7.06  1    -1e-30      0.00 7.529e-01 2.470e-01 1.262e-05 1.012e-05 4.153e-05 -1.000 1.000e-04 -2.837 -0.214 -1.859 -2.794 -3.105 -3.259 -3.313
0.0001 -2.19174 10.07918 0.8003681302 2.4188532829    0.743  3.069  3.6612  0.837    7  0.000  0.404    26.78    17.37    11.69     9.22     7.47  1    -1e-30      0.00 7.527e-01 2.472e-01 1.255e-05 1.034e-05 4.137e-05 -1.000 9.990e-05 -2.902 -0.186 -1.889 -2.853 -3.172 -3.329 -3.384
0.0001 -2.19174 10.07918 0.8003685474 2.4188532829    0.743  3.046  3.6626  0.866    7  0.000  0.404    25.21    16.50    11.13     8.77     7.11  1    -1e-30      0.00 7.526e-01 2.473e-01 1.251e-05 1.047e-05 4.127e-05 -1.000 9.993e-05 -2.845 -0.213 -1.863 -2.801 -3.113 -3.267 -3.321
0.0001 -2.19174 10.07918 0.8003686666 2.4188535213    0.743  3.042  3.6628  0.870    7  0.000  0.404    24.98    16.37    11.05     8.70     7.05  1    -1e-30      0.00 7.526e-01 2.473e-01 1.251e-05 1.047e-05 4.127e-05 -1.000 9.996e-05 -2.836 -0.216 -1.859 -2.793 -3.104 -3.258 -3.312
0.0001 -2.19174 10.07918 0.8003687263 2.4188535213    0.743  3.042  3.6628  0.871    7  0.000  0.404    24.94    16.35    11.04     8.69     7.04  1    -1e-30      0.00 7.526e-01 2.473e-01 1.251e-05 1.048e-05 4.127e-05 -1.000 9.993e-05 -2.834 -0.216 -1.858 -2.791 -3.102 -3.256 -3.310
0.0001 -2.19174 10.07918 0.8003688455 2.4188535213    0.743  3.058  3.6619  0.850    7  0.000  0.404    26.03    16.96    11.43     9.00     7.30  1    -1e-30      0.00 7.526e-01 2.473e-01 1.251e-05 1.048e-05 4.126e-05 -1.000 9.997e-05 -2.875 -0.199 -1.877 -2.829 -3.144 -3.300 -3.355
0.0001 -2.19174 10.07918 0.8003689051 2.4188535213    0.743  3.070  3.6611  0.835    7  0.000  0.404    26.88    17.42    11.73     9.24     7.50  1    -1e-30      0.00 7.526e-01 2.473e-01 1.251e-05 1.048e-05 4.126e-05 -1.000 1.000e-04 -2.905 -0.185 -1.891 -2.857 -3.176 -3.333 -3.388
0.0001 -2.19174 10.07918 0.8003690839 2.4188535213    0.743  3.094  3.6596  0.806    7  0.000  0.404    28.64    18.39    12.35     9.74     7.90  1    -1e-30      0.00 7.526e-01 2.473e-01 1.250e-05 1.050e-05 4.125e-05 -1.000 9.999e-05 -2.965 -0.153 -1.916 -2.911 -3.237 -3.398 -3.454
0.0001 -2.19174 10.07918 0.8003692627 2.4188535213    0.743  3.134  3.6571  0.755    7  0.000  0.403    31.88    20.14    13.47    10.64     8.63  1    -1e-30      0.00 7.522e-01 2.477e-01 1.239e-05 1.090e-05 4.096e-05 -1.000 1.000e-04 -3.065 -0.118 -1.961 -3.000 -3.338 -3.504 -3.563
0.0001 -2.19174 10.07918 0.8003696203 2.4188537598    0.743  3.187  3.6536  0.688    7  0.000  0.403    36.78    22.74    15.13    11.97     9.71  1    -1e-30      0.00 7.517e-01 2.482e-01 1.228e-05 1.134e-05 4.062e-05 -1.000 1.001e-04 -3.199 -0.117 -2.033 -3.118 -3.470 -3.643 -3.704
0.0001 -2.19174 10.07918 0.8003701568 2.4188539982    0.743  3.238  3.6503  0.624    7  0.523  0.403    42.11    25.51    16.88    13.38    10.86  1    -1e-30      0.00 7.513e-01 2.486e-01 1.217e-05 1.176e-05 4.029e-05 -1.000 1.001e-04 -3.325 -0.112 -2.098 -3.228 -3.594 -3.774 -3.838
0.0001 -2.19174 10.07918 0.8003704548 2.4188539982    0.743  3.249  3.6477  0.603    8  0.521  0.416    44.07    26.52    17.52    13.89    11.27  1 -4.47e-07      0.00 7.511e-01 2.487e-01 1.270e-05 1.188e-05 4.069e-05 -1.000 1.417e-04 -3.352 -0.056 -2.083 -3.241 -3.616 -3.802 -3.868
0.0001 -2.19174 10.07918 0.8003705144 2.4188539982    0.741  3.033  3.6611  0.871    8  0.521  0.416    24.91    16.33    11.02     8.68     7.04  1 -1.89e-07      0.00 7.511e-01 2.487e-01 1.270e-05 1.188e-05 4.069e-05 -1.000 1.417e-04 -2.813 -0.113 -1.806 -2.765 -3.082 -3.239 -3.295
0.0001 -2.19174 10.07918 0.8003706336 2.4188539982    0.739  2.877  3.6705  1.063    8  0.521  0.416    16.52    11.52     7.90     6.19     5.01  2 -1.07e-07      0.00 7.511e-01 2.487e-01 1.270e-05 1.188e-05 4.069e-05 -1.000 1.418e-04 -2.422 -0.211 -1.589 -2.397 -2.678 -2.818 -2.867
0.0001 -2.19174 10.07918 0.8003708720 2.4188542366    0.733  2.654  3.6839  1.336    8  0.521  0.416     9.22     7.02     4.92     3.83     3.10  3 -5.14e-08      0.00 7.511e-01 2.487e-01 1.270e-05 1.188e-05 4.069e-05 -1.000 1.417e-04 -1.866 -0.133 -1.190 -1.854 -2.099 -2.220 -2.261
0.0001 -2.19174 10.07918 0.8003711104 2.4188542366    0.726  2.657  3.6835  1.328    8  0.522  0.416     9.36     7.11     4.98     3.88     3.14  3 -5.24e-08      0.00 7.511e-01 2.487e-01 1.270e-05 1.188e-05 4.069e-05 -1.000 1.418e-04 -1.873 -0.129 -1.193 -1.861 -2.106 -2.228 -2.270
0.0001 -2.19174 10.07918 0.8003715277 2.4188544750    0.716  2.725  3.6791  1.236    8  0.522  0.416    11.34     8.37     5.82     4.54     3.67  2 -6.61e-08      0.00 7.511e-01 2.487e-01 1.270e-05 1.188e-05 4.069e-05 -1.000 1.418e-04 -2.044 -0.164 -1.321 -2.030 -2.285 -2.413 -2.457
0.0001 -2.19174 10.07918 0.8003719449 2.4188544750    0.705  2.909  3.6676  1.000    8  0.522  0.416    18.68    12.76     8.70     6.84     5.54  2 -1.26e-07      0.00 7.511e-01 2.487e-01 1.270e-05 1.188e-05 4.069e-05 -1.000 1.417e-04 -2.502 -0.158 -1.624 -2.471 -2.761 -2.906 -2.957
0.0001 -2.19174 10.07918 0.8003724813 2.4188547134    0.692  3.077  3.6570  0.781    8  0.522  0.416    29.68    18.87    12.64    10.00     8.10  1 -2.44e-07      0.00 7.511e-01 2.487e-01 1.270e-05 1.188e-05 4.069e-05 -1.000 1.417e-04 -2.923 0.007 -1.825 -2.859 -3.195 -3.361 -3.419
0.0001 -2.19174 10.07918 0.8003730774 2.4188549519    0.678  3.188  3.6499  0.632    8  0.523  0.416    40.62    24.57    16.25    12.92    10.47  1 -3.95e-07      0.00 7.511e-01 2.487e-01 1.270e-05 1.188e-05 4.069e-05 -1.000 1.417e-04 -3.201 0.017 -1.971 -3.102 -3.469 -3.650 -3.714
0.0001 -2.19174 10.07918 0.8003737330 2.4188551903    0.662  3.247  3.6459  0.548    8  0.523  0.416    48.45    28.45    18.68    14.89    12.08  1 -5.25e-07      0.00 7.511e-01 2.487e-01 1.270e-05 1.188e-05 4.069e-05 -1.000 1.417e-04 -3.347 0.033 -2.038 -3.225 -3.610 -3.800 -3.867
0.0001 -2.19174 10.07918 0.8003745079 2.4188554287    0.645  3.272  3.6439  0.503    8  0.524  0.416    53.05    30.63    20.04    16.00    12.98  1 -6.09e-07      0.00 7.511e-01 2.487e-01 1.270e-05 1.188e-05 4.069e-05 -1.000 1.417e-04 -3.410 0.055 -2.058 -3.276 -3.670 -3.865 -3.934
0.0001 -2.19174 10.07918 0.8003753424 2.4188556671    0.626  3.283  3.6427  0.475    8  0.524  0.416    56.07    31.99    20.87    16.70    13.54  1 -6.67e-07      0.00 7.511e-01 2.487e-01 1.270e-05 1.188e-05 4.069e-05 -1.000 1.417e-04 -3.437 0.079 -2.056 -3.295 -3.696 -3.893 -3.964
0.0001 -2.19174 10.07918 0.8003792167 2.4188570976    0.526 -9.999  4.0000  1.882    9  0.526  0.000     0.00     0.00     0.00     0.00     0.00 -1    -1e-30      0.00 7.511e-01 2.487e-01 1.270e-05 1.188e-05 4.069e-05 -1.000 1.417e-04 29.767 30.114 29.975 30.253 30.481 30.559 30.648
#isochrone terminated
