# File generated by CMD 3.6 (http://stev.oapd.inaf.it/cmd) on Thu Apr 21 17:59:58 CEST 2022
# isochrones based on PARSEC release v1.2S +  COLIBRI S_37 + S_35 + PR16
# Basic references: Bressan et al. (2012), MNRAS, 427, 127 + Chen et al. (2014, 2015), MNRAS, 444, 2525 + MNRAS, 452, 1068 + Tang et al. (2014), MNRAS, 445, 4287 + Marigo et al. (2017), ApJ, 835, 77 + Pastorelli al. (2019), MNRAS, 485, 5666 + Pastorelli al. (2020), MNRAS, in press
# Thermal pulse cycles included 
# On RGB, assumed Reimers mass loss with efficiency eta=0.2
# LPV periods and growth rates added cf. Trabucchi et al. (2019)
# but fundamental-mode LPV periods are from Trabucchi et al. (2021)
# Photometric system: DECAM (ABmags)
# Using YBC version of bolometric corrections as in Chen et al. (2019)
# O-rich circumstellar dpmod60alox40 dust from Groenewegen (2006)
# C-rich circumstellar AMCSIC15 dust from Groenewegen (2006)
# IMF: Kroupa (2001, 2002) + Kroupa et al. (2013) canonical two-part-power law IMF corrected for unresolved binaries 
# Kind of output: isochrone tables
# Zini     MH   logAge Mini        int_IMF         Mass   logL    logTe  logg  label   McoreTP C_O  period0  period1  period2  period3  period4  pmode  Mloss  tau1m   X   Y   Xc  Xn  Xo  Cexcess  Z 	 mbolmag  umag    gmag    rmag    imag    zmag    Ymag
0.001 -1.19029 10.04139 0.0900000036 1.0816895962    0.090 -3.212  3.4568  5.384    1  0.000  0.545     0.00     0.00     0.00     0.00     0.00 -1 -5.23e-17      0.00 7.469e-01 2.521e-01 1.798e-04 4.851e-05 4.400e-04 -1.000 1.000e-03 12.800 18.019 16.752 14.887 12.864 12.188 12.059
0.001 -1.19029 10.04139 0.0981779471 1.1557034254    0.098 -3.002  3.4868  5.331    1  0.000  0.545     0.00     0.00     0.00     0.00     0.00 -1 -8.64e-17      0.00 7.458e-01 2.532e-01 1.798e-04 4.851e-05 4.400e-04 -1.000 1.000e-03 12.274 17.386 15.544 13.733 12.222 11.690 11.569
0.001 -1.19029 10.04139 0.1000000015 1.1711064577    0.100 -2.957  3.4932  5.320    1  0.000  0.545     0.00     0.00     0.00     0.00     0.00 -1 -9.61e-17      0.00 7.456e-01 2.534e-01 1.798e-04 4.851e-05 4.400e-04 -1.000 1.000e-03 12.163 17.231 15.297 13.504 12.091 11.586 11.466
0.001 -1.19029 10.04139 0.1022341400 1.1895024776    0.102 -2.923  3.4971  5.311    1  0.000  0.545     0.00     0.00     0.00     0.00     0.00 -1 -1.04e-16      0.00 7.453e-01 2.537e-01 1.798e-04 4.851e-05 4.400e-04 -1.000 1.000e-03 12.077 17.112 15.129 13.350 11.994 11.505 11.385
0.001 -1.19029 10.04139 0.1199999973 1.3193154335    0.120 -2.673  3.5259  5.246    1  0.000  0.545     0.00     0.00     0.00     0.00     0.00 -1 -1.83e-16      0.00 7.435e-01 2.555e-01 1.798e-04 4.851e-05 4.400e-04 -1.000 1.000e-03 11.454 16.142 13.958 12.295 11.304 10.912 10.799
0.001 -1.19029 10.04139 0.1400000006 1.4384527206    0.140 -2.492  3.5422  5.197    1  0.000  0.545     0.00     0.00     0.00     0.00     0.00 -1 -2.73e-16      0.00 7.419e-01 2.571e-01 1.798e-04 4.851e-05 4.400e-04 -1.000 1.000e-03 11.000 15.423 13.237 11.653 10.822 10.473 10.365
0.001 -1.19029 10.04139 0.1599999964 1.5372931957    0.160 -2.353  3.5526  5.157    1  0.000  0.545     0.00     0.00     0.00     0.00     0.00 -1 -3.68e-16      0.00 7.407e-01 2.583e-01 1.798e-04 4.851e-05 4.400e-04 -1.000 1.000e-03 10.651 14.891 12.732 11.201 10.459 10.133 10.030
0.001 -1.19029 10.04139 0.2000000179 1.6938792467    0.200 -2.132  3.5667  5.090    1  0.000  0.545     0.00     0.00     0.00     0.00     0.00 -1 -5.91e-16      0.00 7.393e-01 2.597e-01 1.798e-04 4.851e-05 4.400e-04 -1.000 1.000e-03 10.101 14.076 11.983 10.527 9.893 9.596 9.498
0.001 -1.19029 10.04139 0.2500000000 1.8403258324    0.250 -1.927  3.5780  5.027    1  0.000  0.545     0.00     0.00     0.00     0.00     0.00 -1 -5.16e-16      0.00 7.390e-01 2.600e-01 1.798e-04 4.851e-05 4.400e-04 -1.000 1.000e-03 9.588 13.358 11.327 9.936 9.370 9.095 9.001
0.001 -1.19029 10.04139 0.3000000417 1.9529141188    0.300 -1.770  3.5864  4.982    1  0.000  0.545     0.00     0.00     0.00     0.00     0.00 -1 -4.48e-16      0.00 7.392e-01 2.598e-01 1.798e-04 4.852e-05 4.400e-04 -1.000 1.000e-03 9.195 12.808 10.832 9.494 8.970 8.709 8.619
0.001 -1.19029 10.04139 0.3254573643 2.0012547970    0.325 -1.702  3.5902  4.966    1  0.000  0.545     0.00     0.00     0.00     0.00     0.00 -1 -1.44e-15      0.00 7.440e-01 2.550e-01 1.798e-04 4.851e-05 4.400e-04 -1.000 1.000e-03 9.026 12.570 10.619 9.304 8.799 8.543 8.456
0.001 -1.19029 10.04139 0.3499999940 2.0434174538    0.350 -1.642  3.5936  4.950    1  0.000  0.545     0.00     0.00     0.00     0.00     0.00 -1 -1.62e-15      0.00 7.481e-01 2.509e-01 1.798e-04 4.851e-05 4.400e-04 -1.000 1.000e-03 8.875 12.362 10.430 9.138 8.645 8.395 8.310
0.001 -1.19029 10.04139 0.4000000060 2.1185026169    0.400 -1.492  3.6046  4.903    1  0.000  0.545     0.00     0.00     0.00     0.00     0.00 -1 -2.26e-15      0.00 7.489e-01 2.501e-01 1.798e-04 4.851e-05 4.400e-04 -1.000 9.999e-04 8.500 11.805 9.936 8.715 8.262 8.030 7.950
0.001 -1.19029 10.04139 0.4500000179 2.1822810173    0.450 -1.315  3.6220  4.846    1  0.000  0.545     0.00     0.00     0.00     0.00     0.00 -1 -3.42e-15      0.00 7.489e-01 2.501e-01 1.798e-04 4.851e-05 4.400e-04 -1.000 1.000e-03 8.058 11.098 9.315 8.208 7.811 7.606 7.534
0.001 -1.19029 10.04139 0.5000000000 2.2374541759    0.500 -1.112  3.6505  4.803    1  0.000  0.545     0.00     0.00     0.00     0.00     0.00 -1 -5.45e-15      0.00 7.489e-01 2.501e-01 1.798e-04 4.851e-05 4.400e-04 -1.000 1.000e-03 7.550 10.176 8.531 7.609 7.295 7.133 7.074
0.001 -1.19029 10.04139 0.5500000715 2.2836585045    0.550 -0.892  3.6813  4.748    1  0.000  0.544     0.00     0.00     0.00     0.00     0.00 -1 -9.17e-15      0.00 7.806e-01 2.185e-01 1.587e-04 4.284e-05 3.887e-04 -1.000 8.801e-04 7.001 9.115 7.714 6.981 6.743 6.626 6.583
0.001 -1.19029 10.04139 0.6000000238 2.3211214542    0.600 -0.689  3.7096  4.695    1  0.000  0.544     0.00     0.00     0.00     0.00     0.00 -1 -1.49e-14      0.00 7.891e-01 2.101e-01 1.533e-04 4.139e-05 3.758e-04 -1.000 8.515e-04 6.492 8.158 7.024 6.429 6.240 6.159 6.133
0.001 -1.19029 10.04139 0.6081907749 2.3265869617    0.608 -0.655  3.7148  4.687    1  0.000  0.544     0.00     0.00     0.00     0.00     0.00 -1 -1.62e-14      0.00 7.906e-01 2.086e-01 1.523e-04 4.114e-05 3.735e-04 -1.000 8.541e-04 6.406 8.002 6.913 6.339 6.158 6.084 6.060
0.001 -1.19029 10.04139 0.6231838465 2.3361649513    0.623 -0.592  3.7242  4.673    1  0.000  0.544     0.00     0.00     0.00     0.00     0.00 -1 -1.88e-14      0.00 7.934e-01 2.057e-01 1.505e-04 4.066e-05 3.692e-04 -1.000 8.632e-04 6.249 7.722 6.711 6.175 6.010 5.946 5.927
0.001 -1.19029 10.04139 0.6370521188 2.3445644379    0.637 -0.533  3.7328  4.659    1  0.000  0.543     0.00     0.00     0.00     0.00     0.00 -1 -2.16e-14      0.00 7.962e-01 2.030e-01 1.488e-04 4.020e-05 3.651e-04 -1.000 8.557e-04 6.103 7.474 6.530 6.026 5.874 5.819 5.804
0.001 -1.19029 10.04139 0.6499286890 2.3519952297    0.650 -0.479  3.7407  4.644    1  0.000  0.543     0.00     0.00     0.00     0.00     0.00 -1 -2.46e-14      0.00 7.988e-01 2.003e-01 1.471e-04 3.976e-05 3.611e-04 -1.000 8.548e-04 5.968 7.253 6.366 5.889 5.747 5.701 5.690
0.001 -1.19029 10.04139 0.6499999762 2.3520355225    0.650 -0.479  3.7407  4.644    1  0.000  0.543     0.00     0.00     0.00     0.00     0.00 -1 -2.46e-14      0.00 7.989e-01 2.003e-01 1.471e-04 3.976e-05 3.610e-04 -1.000 8.099e-04 5.967 7.252 6.365 5.888 5.747 5.700 5.690
0.001 -1.19029 10.04139 0.6515541077 2.3529093266    0.651 -0.472  3.7416  4.642    1  0.000  0.543     0.00     0.00     0.00     0.00     0.00 -1  -2.5e-14      0.00 7.993e-01 1.999e-01 1.468e-04 3.970e-05 3.605e-04 -1.000 8.012e-04 5.951 7.227 6.346 5.872 5.732 5.686 5.676
0.001 -1.19029 10.04139 0.6664981246 2.3610730171    0.666 -0.409  3.7498  4.621    1  0.000  0.543     0.00     0.00     0.00     0.00     0.00 -1 -2.93e-14      0.00 8.031e-01 1.961e-01 1.445e-04 3.905e-05 3.547e-04 -1.000 8.000e-04 5.792 6.984 6.158 5.715 5.588 5.552 5.545
0.001 -1.19029 10.04139 0.6802433729 2.3682188988    0.680 -0.350  3.7570  4.601    1  0.000  0.543     0.00     0.00     0.00     0.00     0.00 -1  -3.4e-14      0.00 8.068e-01 1.924e-01 1.421e-04 3.843e-05 3.491e-04 -1.000 8.000e-04 5.645 6.766 5.987 5.572 5.457 5.428 5.424
0.001 -1.19029 10.04139 0.6929363012 2.3745288849    0.693 -0.295  3.7635  4.579    1  0.000  0.542     0.00     0.00     0.00     0.00     0.00 -1 -3.93e-14      0.00 8.105e-01 1.887e-01 1.398e-04 3.781e-05 3.436e-04 -1.000 8.000e-04 5.506 6.569 5.829 5.439 5.333 5.311 5.310
0.001 -1.19029 10.04139 0.6999999881 2.3779268265    0.700 -0.263  3.7670  4.566    1  0.000  0.542     0.00     0.00     0.00     0.00     0.00 -1 -4.26e-14      0.00 8.126e-01 1.866e-01 1.384e-04 3.746e-05 3.404e-04 -1.000 8.000e-04 5.428 6.462 5.741 5.364 5.264 5.245 5.246
0.001 -1.19029 10.04139 0.7010824084 2.3784406185    0.701 -0.258  3.7676  4.564    1  0.000  0.542     0.00     0.00     0.00     0.00     0.00 -1 -4.32e-14      0.00 8.130e-01 1.862e-01 1.381e-04 3.739e-05 3.398e-04 -1.000 7.993e-04 5.416 6.445 5.728 5.352 5.253 5.235 5.235
0.001 -1.19029 10.04139 0.7105863094 2.3828740120    0.710 -0.215  3.7721  4.545    1  0.000  0.540     0.00     0.00     0.00     0.00     0.00 -1 -4.84e-14      0.00 8.166e-01 1.826e-01 1.355e-04 3.678e-05 3.345e-04 -1.000 7.845e-04 5.308 6.301 5.608 5.248 5.156 5.142 5.145
0.001 -1.19029 10.04139 0.7196321487 2.3869688511    0.719 -0.173  3.7762  4.525    1  0.000  0.539     0.00     0.00     0.00     0.00     0.00 -1 -5.42e-14      0.00 8.202e-01 1.790e-01 1.329e-04 3.615e-05 3.289e-04 -1.000 7.599e-04 5.203 6.163 5.491 5.147 5.061 5.052 5.056
0.001 -1.19029 10.04139 0.7284129858 2.3908321857    0.728 -0.131  3.7801  4.504    1  0.000  0.537     0.00     0.00     0.00     0.00     0.00 -1 -6.08e-14      0.00 8.239e-01 1.754e-01 1.303e-04 3.552e-05 3.233e-04 -1.000 7.000e-04 5.098 6.028 5.376 5.047 4.967 4.961 4.967
0.001 -1.19029 10.04139 0.7368518710 2.3944454193    0.736 -0.089  3.7836  4.481    1  0.000  0.535     0.00     0.00     0.00     0.00     0.00 -1 -6.83e-14      0.00 8.277e-01 1.716e-01 1.275e-04 3.486e-05 3.176e-04 -1.000 7.000e-04 4.994 5.902 5.264 4.947 4.872 4.870 4.877
0.001 -1.19029 10.04139 0.7480427623 2.3990926743    0.748 -0.032  3.7882  4.449    1  0.000  0.533     0.00     0.00     0.00     0.00     0.00 -1 -8.02e-14      0.00 8.331e-01 1.662e-01 1.238e-04 3.395e-05 3.094e-04 -1.000 7.000e-04 4.850 5.731 5.109 4.809 4.741 4.744 4.752
0.001 -1.19029 10.04139 0.7500000000 2.3998889923    0.750 -0.022  3.7890  4.442    1  0.000  0.533     0.00     0.00     0.00     0.00     0.00 -1 -8.27e-14      0.00 8.341e-01 1.652e-01 1.231e-04 3.378e-05 3.080e-04 -1.000 7.000e-04 4.824 5.701 5.081 4.784 4.717 4.720 4.729
0.001 -1.19029 10.04139 0.7570264935 2.4027092457    0.757  0.016  3.7915  4.419    1  0.000  0.532     0.00     0.00     0.00     0.00     0.00 -1 -9.22e-14      0.00 8.378e-01 1.615e-01 1.210e-04 3.321e-05 3.029e-04 -1.000 7.000e-04 4.730 5.591 4.980 4.692 4.630 4.635 4.644
0.001 -1.19029 10.04139 0.7651793361 2.4059069157    0.765  0.062  3.7943  4.388    1  0.000  0.532     0.00     0.00     0.00     0.00     0.00 -1 -1.06e-13      0.00 8.420e-01 1.573e-01 1.187e-04 3.260e-05 2.975e-04 -1.000 7.000e-04 4.615 5.460 4.858 4.580 4.522 4.530 4.541
0.001 -1.19029 10.04139 0.7731390595 2.4089541435    0.772  0.110  3.7970  4.356    1  0.000  0.532     0.00     0.00     0.00     0.00     0.00 -1 -1.22e-13      0.00 8.457e-01 1.536e-01 1.168e-04 3.208e-05 2.929e-04 -1.000 6.999e-04 4.495 5.326 4.731 4.463 4.410 4.420 4.432
0.001 -1.19029 10.04139 0.7836647630 2.4128744602    0.783  0.177  3.8001  4.307    1  0.000  0.531     0.00     0.00     0.00     0.00     0.00 -1 -1.49e-13      0.00 8.499e-01 1.494e-01 1.147e-04 3.152e-05 2.880e-04 -1.000 7.000e-04 4.328 5.140 4.555 4.299 4.250 4.264 4.276
0.001 -1.19029 10.04139 0.7935286164 2.4164400101    0.793  0.244  3.8025  4.255    1  0.000  0.530     0.00     0.00     0.00     0.00     0.00 -1 -1.83e-13      0.00 8.531e-01 1.462e-01 1.132e-04 3.115e-05 2.847e-04 -1.000 6.888e-04 4.160 4.960 4.379 4.132 4.088 4.104 4.117
0.001 -1.19029 10.04139 0.8000000119 2.4187245369    0.799  0.292  3.8036  4.215    1  0.000  0.530     0.00     0.00     0.00     0.00     0.00 -1 -2.13e-13      0.00 8.541e-01 1.452e-01 1.129e-04 3.108e-05 2.842e-04 -1.000 7.001e-04 4.041 4.835 4.257 4.015 3.973 3.990 4.003
0.001 -1.19029 10.04139 0.8039267063 2.4200901985    0.803  0.321  3.8042  4.190    1  0.000  0.530     0.00     0.00     0.00     0.00     0.00 -1 -2.36e-13      0.00 8.532e-01 1.461e-01 1.137e-04 3.129e-05 2.861e-04 -1.000 7.000e-04 3.966 4.757 4.180 3.940 3.899 3.917 3.930
0.001 -1.19029 10.04139 0.8041413426 2.4201643467    0.803  0.323  3.8042  4.188    1  0.000  0.530     0.00     0.00     0.00     0.00     0.00 -1 -2.37e-13      0.00 8.532e-01 1.461e-01 1.137e-04 3.131e-05 2.862e-04 -1.000 7.000e-04 3.962 4.752 4.175 3.936 3.895 3.912 3.926
0.001 -1.19029 10.04139 0.8069615960 2.4211349487    0.806  0.348  3.8040  4.165    1  0.000  0.530     0.00     0.00     0.00     0.00     0.00 -1 -2.57e-13      0.00 8.526e-01 1.467e-01 1.143e-04 3.146e-05 2.876e-04 -1.000 7.000e-04 3.901 4.692 4.114 3.874 3.834 3.851 3.864
0.001 -1.19029 10.04139 0.8127220869 2.4230937958    0.811  0.400  3.8028  4.111    1  0.000  0.530     0.00     0.00     0.00     0.00     0.00 -1 -3.06e-13      0.00 8.513e-01 1.480e-01 1.154e-04 3.177e-05 2.904e-04 -1.000 7.001e-04 3.771 4.565 3.984 3.742 3.700 3.716 3.729
0.001 -1.19029 10.04139 0.8176099658 2.4247310162    0.816  0.449  3.8002  4.054    1  0.000  0.530     0.00     0.00     0.00     0.00     0.00 -1 -3.65e-13      0.00 8.502e-01 1.491e-01 1.163e-04 3.203e-05 2.928e-04 -1.000 7.000e-04 3.648 4.451 3.865 3.616 3.571 3.584 3.596
0.001 -1.19029 10.04139 0.8185547590 2.4250447750    0.817  0.459  3.7996  4.042    1  0.000  0.530     0.00     0.00     0.00     0.00     0.00 -1 -3.79e-13      0.00 8.500e-01 1.493e-01 1.165e-04 3.208e-05 2.933e-04 -1.000 7.000e-04 3.623 4.429 3.841 3.590 3.544 3.557 3.568
0.001 -1.19029 10.04139 0.8216276765 2.4260599613    0.820  0.497  3.7952  3.987    2  0.000  0.530     0.00     0.00     0.00     0.00     0.00 -1 -4.39e-13      0.00 8.493e-01 1.500e-01 1.171e-04 3.225e-05 2.948e-04 -1.000 7.000e-04 3.527 4.355 3.756 3.491 3.438 3.447 3.457
0.001 -1.19029 10.04139 0.8248804212 2.4271249771    0.823  0.542  3.7876  3.914    2  0.000  0.530     0.00     0.00     0.00     0.00     0.00 -1 -5.28e-13      0.00 8.472e-01 1.522e-01 1.188e-04 3.271e-05 2.990e-04 -1.000 6.715e-04 3.415 4.281 3.661 3.372 3.307 3.309 3.316
0.001 -1.19029 10.04139 0.8271014690 2.4278466702    0.825  0.576  3.7788  3.846    2  0.000  0.531     0.00     0.00     0.00     0.00     0.00 -1 -6.17e-13      0.00 8.338e-01 1.656e-01 1.276e-04 3.510e-05 3.206e-04 -1.000 6.816e-04 3.330 4.246 3.598 3.279 3.202 3.194 3.198
0.001 -1.19029 10.04139 0.8287278414 2.4283721447    0.827  0.602  3.7695  3.784    2  0.000  0.533     0.00     0.00     0.00     0.00     0.00 -1 -7.03e-13      0.00 8.066e-01 1.926e-01 1.439e-04 3.947e-05 3.598e-04 -1.000 7.942e-04 3.266 4.244 3.560 3.209 3.117 3.101 3.101
0.001 -1.19029 10.04139 0.8300563693 2.4287998676    0.828  0.626  3.7598  3.722    2  0.000  0.535     0.00     0.00     0.00     0.00     0.00 -1 -7.98e-13      0.00 7.860e-01 2.131e-01 1.558e-04 4.265e-05 3.883e-04 -1.000 8.773e-04 3.206 4.255 3.530 3.145 3.038 3.011 3.008
0.001 -1.19029 10.04139 0.8310867548 2.4291303158    0.829  0.653  3.7516  3.663    2  0.000  0.536     0.00     0.00     0.00     0.00     0.00 -1 -9.07e-13      0.00 7.757e-01 2.234e-01 1.617e-04 4.422e-05 4.022e-04 -1.000 9.095e-04 3.138 4.252 3.489 3.076 2.956 2.921 2.914
0.001 -1.19029 10.04139 0.8319193125 2.4293968678    0.830  0.685  3.7455  3.606    2  0.000  0.536     0.00     0.00     0.00     0.00     0.00 -1 -1.04e-12      0.00 7.699e-01 2.291e-01 1.649e-04 4.508e-05 4.098e-04 -1.000 9.384e-04 3.057 4.222 3.429 2.995 2.866 2.824 2.815
0.001 -1.19029 10.04139 0.8325774670 2.4296069145    0.831  0.719  3.7413  3.556    2  0.000  0.537     0.00     0.00     0.00     0.00     0.00 -1 -1.19e-12      0.00 7.665e-01 2.325e-01 1.667e-04 4.557e-05 4.142e-04 -1.000 9.856e-04 2.973 4.172 3.360 2.912 2.776 2.730 2.718
0.001 -1.19029 10.04139 0.8329033852 2.4297108650    0.831  0.737  3.7394  3.530    2  0.000  0.537     0.00     0.00     0.00     0.00     0.00 -1 -1.28e-12      0.00 7.650e-01 2.340e-01 1.675e-04 4.577e-05 4.161e-04 -1.000 1.000e-03 2.927 4.141 3.320 2.866 2.727 2.679 2.666
0.001 -1.19029 10.04139 0.8330234289 2.4297492504    0.831  0.746  3.7388  3.519    2  0.000  0.537     0.00     0.00     0.00     0.00     0.00 -1 -1.32e-12      0.00 7.646e-01 2.344e-01 1.677e-04 4.583e-05 4.166e-04 -1.000 1.000e-03 2.906 4.125 3.302 2.846 2.706 2.657 2.645
0.001 -1.19029 10.04139 0.8336551189 2.4299502373    0.832  0.790  3.7360  3.464    3  0.000  0.537     0.00     0.00     0.00     0.00     0.00 -1 -1.56e-12      0.00 7.621e-01 2.370e-01 1.687e-04 4.613e-05 4.192e-04 -1.000 9.822e-04 2.795 4.039 3.201 2.736 2.592 2.540 2.526
0.001 -1.19029 10.04139 0.8341872692 2.4301195145    0.832  0.831  3.7339  3.415    3  0.000  0.537     0.00     0.00     0.00     0.00     0.00 -1 -1.81e-12      0.00 7.601e-01 2.390e-01 1.695e-04 4.633e-05 4.210e-04 -1.000 9.188e-04 2.692 3.954 3.105 2.634 2.487 2.432 2.417
0.001 -1.19029 10.04139 0.8347777724 2.4303069115    0.833  0.881  3.7319  3.357    3  0.000  0.537     0.00     0.00     0.00     0.00     0.00 -1 -2.17e-12      0.00 7.579e-01 2.411e-01 1.702e-04 4.652e-05 4.227e-04 -1.000 9.875e-04 2.568 3.848 2.988 2.511 2.361 2.304 2.288
0.001 -1.19029 10.04139 0.8353234529 2.4304797649    0.833  0.931  3.7301  3.300    3  0.000  0.537     0.00     0.00     0.00     0.00     0.00 -1  -2.6e-12      0.00 7.559e-01 2.432e-01 1.707e-04 4.669e-05 4.241e-04 -1.000 9.022e-04 2.443 3.739 2.870 2.387 2.234 2.175 2.158
0.001 -1.19029 10.04139 0.8358709216 2.4306528568    0.834  0.986  3.7283  3.239    3  0.000  0.536     0.00     0.00     0.00     0.00     0.00 -1 -3.16e-12      0.00 7.536e-01 2.454e-01 1.709e-04 4.688e-05 4.252e-04 -1.000 9.467e-04 2.306 3.619 2.741 2.252 2.097 2.036 2.018
0.001 -1.19029 10.04139 0.8363557458 2.4308061600    0.834  1.038  3.7266  3.179    3  0.000  0.534     0.00     0.00     0.00     0.00     0.00 -1 -3.83e-12      0.00 7.517e-01 2.474e-01 1.706e-04 4.721e-05 4.261e-04 -1.000 9.419e-04 2.174 3.502 2.616 2.122 1.964 1.901 1.882
0.001 -1.19029 10.04139 0.8367670178 2.4309358597    0.834  1.087  3.7251  3.125    3  0.000  0.531     0.00     0.00     0.00     0.00     0.00 -1 -4.55e-12      0.00 7.500e-01 2.490e-01 1.699e-04 4.778e-05 4.268e-04 -1.000 9.571e-04 2.053 3.395 2.501 2.002 1.842 1.777 1.757
0.001 -1.19029 10.04139 0.8370889425 2.4310374260    0.835  1.128  3.7238  3.079    3  0.000  0.528     0.00     0.00     0.00     0.00     0.00 -1 -5.27e-12      0.00 7.487e-01 2.503e-01 1.691e-04 4.851e-05 4.272e-04 -1.000 9.438e-04 1.951 3.304 2.404 1.901 1.739 1.672 1.652
0.001 -1.19029 10.04139 0.8374453783 2.4311497211    0.835  1.177  3.7222  3.024    3  0.000  0.524     0.00     0.00     0.00     0.00     0.00 -1 -6.29e-12      0.00 7.474e-01 2.516e-01 1.679e-04 4.972e-05 4.276e-04 -1.000 9.266e-04 1.828 3.195 2.287 1.780 1.615 1.547 1.525
0.001 -1.19029 10.04139 0.8377860785 2.4312567711    0.835  1.229  3.7205  2.965    3  0.000  0.518     0.00     0.00     0.00     0.00     0.00 -1 -7.58e-12      0.00 7.462e-01 2.529e-01 1.664e-04 5.135e-05 4.280e-04 -1.000 9.522e-04 1.699 3.083 2.165 1.652 1.485 1.414 1.392
0.001 -1.19029 10.04139 0.8380947113 2.4313538074    0.835  1.280  3.7187  2.907    3  0.000  0.514     0.00     0.00     0.00     0.00     0.00 -1 -9.12e-12      0.00 7.452e-01 2.538e-01 1.650e-04 5.299e-05 4.283e-04 -1.000 9.980e-04 1.570 2.974 2.045 1.525 1.355 1.282 1.259
0.001 -1.19029 10.04139 0.8383641243 2.4314384460    0.835  1.329  3.7170  2.851    3  0.000  0.510     0.00     0.00     0.00     0.00     0.00 -1 -1.09e-11      0.00 7.444e-01 2.546e-01 1.639e-04 5.432e-05 4.285e-04 -1.000 9.491e-04 1.448 2.870 1.930 1.405 1.232 1.157 1.132
0.001 -1.19029 10.04139 0.8386076689 2.4315149784    0.836  1.377  3.7151  2.795    3  0.000  0.508     0.00     0.00     0.00     0.00     0.00 -1  -1.3e-11      0.00 7.439e-01 2.551e-01 1.632e-04 5.525e-05 4.287e-04 -1.000 9.517e-04 1.327 2.769 1.818 1.286 1.110 1.032 1.007
0.001 -1.19029 10.04139 0.8388267159 2.4315836430    0.836  1.425  3.7133  2.740    3  0.000  0.506     0.00     0.00     0.00     0.00     0.00 -1 -1.54e-11      0.00 7.435e-01 2.555e-01 1.625e-04 5.603e-05 4.287e-04 -1.000 9.782e-04 1.208 2.670 1.708 1.169 0.990 0.910 0.884
0.001 -1.19029 10.04139 0.8390300870 2.4316475391    0.836  1.473  3.7114  2.685    3  0.000  0.504     0.00     0.00     0.00     0.00     0.00 -1 -1.84e-11      0.00 7.433e-01 2.557e-01 1.622e-04 5.644e-05 4.288e-04 -1.000 9.785e-04 1.087 2.570 1.596 1.051 0.868 0.786 0.759
0.001 -1.19029 10.04139 0.8392100930 2.4317038059    0.836  1.520  3.7094  2.630    3  0.000  0.504     0.00     0.00     0.00     0.00     0.00 -1 -2.18e-11      0.00 7.432e-01 2.558e-01 1.621e-04 5.657e-05 4.288e-04 -1.000 9.789e-04 0.971 2.475 1.489 0.937 0.751 0.666 0.637
0.001 -1.19029 10.04139 0.8393779993 2.4317564964    0.836  1.567  3.7074  2.575    3  0.000  0.504     0.00     0.00     0.00     0.00     0.00 -1 -2.59e-11      0.00 7.432e-01 2.558e-01 1.621e-04 5.660e-05 4.288e-04 -1.000 9.793e-04 0.852 2.379 1.380 0.821 0.631 0.544 0.514
0.001 -1.19029 10.04139 0.8395264149 2.4318029881    0.836  1.613  3.7055  2.521    3  0.000  0.504     0.00     0.00     0.00     0.00     0.00 -1 -3.06e-11      0.00 7.432e-01 2.558e-01 1.621e-04 5.662e-05 4.288e-04 -1.000 9.796e-04 0.737 2.288 1.276 0.709 0.517 0.427 0.396
0.001 -1.19029 10.04139 0.8396586776 2.4318442345    0.836  1.657  3.7035  2.469    3  0.000  0.504     0.00     0.00     0.00     0.00     0.00 -1  -3.6e-11      0.00 7.432e-01 2.558e-01 1.621e-04 5.664e-05 4.288e-04 -1.000 9.798e-04 0.627 2.202 1.176 0.601 0.405 0.313 0.281
0.001 -1.19029 10.04139 0.8397813439 2.4318826199    0.835  1.702  3.7015  2.416    3  0.000  0.504     0.00     0.00     0.00     0.00     0.00 -1 -4.24e-11      0.00 7.432e-01 2.558e-01 1.621e-04 5.666e-05 4.288e-04 -1.000 9.801e-04 0.516 2.118 1.075 0.491 0.292 0.197 0.164
0.001 -1.19029 10.04139 0.8398901820 2.4319167137    0.835  1.745  3.6994  2.365    3  0.000  0.504     0.00     0.00     0.00     0.00     0.00 -1 -4.97e-11      0.00 7.432e-01 2.558e-01 1.620e-04 5.667e-05 4.288e-04 -1.000 9.803e-04 0.408 2.039 0.979 0.386 0.183 0.086 0.051
0.001 -1.19029 10.04139 0.8399928212 2.4319489002    0.835  1.788  3.6973  2.312    3  0.000  0.504     0.00     0.00     0.00     0.00     0.00 -1 -5.83e-11      0.00 7.432e-01 2.559e-01 1.620e-04 5.669e-05 4.288e-04 -1.000 9.806e-04 0.299 1.960 0.882 0.280 0.073 -0.027 -0.062
0.001 -1.19029 10.04139 0.8400853276 2.4319777489    0.835  1.830  3.6952  2.262    3  0.000  0.504     0.00     0.00     0.00     0.00     0.00 -1 -6.81e-11      0.00 7.432e-01 2.559e-01 1.620e-04 5.670e-05 4.288e-04 -1.000 9.806e-04 0.194 1.886 0.789 0.178 -0.033 -0.135 -0.172
0.001 -1.19029 10.04139 0.8401717544 2.4320046902    0.835  1.872  3.6931  2.212    3  0.000  0.504     0.00     0.00     0.00     0.00     0.00 -1 -7.95e-11      0.00 7.431e-01 2.559e-01 1.620e-04 5.672e-05 4.288e-04 -1.000 9.809e-04 0.090 1.813 0.697 0.077 -0.137 -0.243 -0.280
0.001 -1.19029 10.04139 0.8402545452 2.4320306778    0.835  1.912  3.6910  2.163    3  0.000  0.504     0.00     0.00     0.00     0.00     0.00 -1 -9.23e-11      0.00 7.431e-01 2.559e-01 1.620e-04 5.673e-05 4.288e-04 -1.000 9.810e-04 -0.011 1.742 0.608 -0.021 -0.239 -0.347 -0.386
0.001 -1.19029 10.04139 0.8403394818 2.4320571423    0.834  1.948  3.6891  2.119    3  0.000  0.504     0.00     0.00     0.00     0.00     0.00 -1 -1.06e-10      0.00 7.431e-01 2.559e-01 1.620e-04 5.674e-05 4.289e-04 -1.000 9.812e-04 -0.101 1.680 0.530 -0.108 -0.330 -0.440 -0.480
0.001 -1.19029 10.04139 0.8404166102 2.4320812225    0.834  1.973  3.6880  2.090    3  0.000  0.504     0.00     0.00     0.00     0.00     0.00 -1 -1.16e-10      0.00 7.431e-01 2.559e-01 1.620e-04 5.675e-05 4.289e-04 -1.000 9.813e-04 -0.162 1.637 0.476 -0.167 -0.390 -0.502 -0.543
0.001 -1.19029 10.04139 0.8404861093 2.4321029186    0.834  1.950  3.6896  2.119    3  0.000  0.504     0.00     0.00     0.00     0.00     0.00 -1 -1.07e-10      0.00 7.431e-01 2.559e-01 1.620e-04 5.676e-05 4.289e-04 -1.000 9.814e-04 -0.105 1.668 0.522 -0.114 -0.334 -0.444 -0.484
0.001 -1.19029 10.04139 0.8404983878 2.4321067333    0.834  1.946  3.6899  2.125    3  0.000  0.504     0.00     0.00     0.00     0.00     0.00 -1 -1.05e-10      0.00 7.431e-01 2.559e-01 1.620e-04 5.676e-05 4.289e-04 -1.000 9.815e-04 -0.094 1.675 0.531 -0.103 -0.323 -0.432 -0.472
0.001 -1.19029 10.04139 0.8405519724 2.4321234226    0.833  1.982  3.6880  2.081    3  0.000  0.504     0.00     0.00     0.00     0.00     0.00 -1  -1.2e-10      0.00 7.431e-01 2.559e-01 1.620e-04 5.677e-05 4.289e-04 -1.000 9.816e-04 -0.185 1.615 0.454 -0.190 -0.413 -0.525 -0.566
0.001 -1.19029 10.04139 0.8406111598 2.4321420193    0.833  2.023  3.6857  2.031    3  0.000  0.504     0.00     0.00     0.00     0.00     0.00 -1 -1.39e-10      0.00 7.431e-01 2.559e-01 1.620e-04 5.678e-05 4.289e-04 -1.000 9.817e-04 -0.287 1.548 0.366 -0.287 -0.515 -0.630 -0.672
0.001 -1.19029 10.04139 0.8406682611 2.4321596622    0.833  2.064  3.6834  1.980    3  0.000  0.504     0.00     0.00     0.00     0.00     0.00 -1 -1.62e-10      0.00 7.431e-01 2.559e-01 1.620e-04 5.679e-05 4.289e-04 -1.000 9.818e-04 -0.390 1.487 0.278 -0.387 -0.619 -0.737 -0.780
0.001 -1.19029 10.04139 0.8407204747 2.4321761131    0.832  2.105  3.6811  1.930    3  0.000  0.504     0.00     0.00     0.00     0.00     0.00 -1 -1.88e-10      0.00 7.431e-01 2.559e-01 1.620e-04 5.680e-05 4.289e-04 -1.000 9.819e-04 -0.491 1.439 0.194 -0.487 -0.722 -0.842 -0.888
0.001 -1.19029 10.04139 0.8407698870 2.4321913719    0.832  2.146  3.6787  1.879    3  0.000  0.504     0.00     0.00     0.00     0.00     0.00 -1 -2.19e-10      0.00 7.431e-01 2.559e-01 1.620e-04 5.680e-05 4.289e-04 -1.000 9.820e-04 -0.594 1.394 0.110 -0.588 -0.827 -0.950 -0.997
0.001 -1.19029 10.04139 0.8408144116 2.4322054386    0.832  2.186  3.6763  1.830    3  0.000  0.504     0.00     0.00     0.00     0.00     0.00 -1 -2.55e-10      0.00 7.431e-01 2.559e-01 1.619e-04 5.681e-05 4.289e-04 -1.000 9.821e-04 -0.694 1.352 0.029 -0.686 -0.928 -1.054 -1.103
0.001 -1.19029 10.04139 0.8408558369 2.4322183132    0.831  2.226  3.6739  1.779    3  0.000  0.503     0.00     0.00     0.00     0.00     0.00 -1 -2.96e-10      0.00 7.431e-01 2.559e-01 1.619e-04 5.682e-05 4.289e-04 -1.000 9.822e-04 -0.794 1.313 -0.050 -0.783 -1.029 -1.159 -1.209
0.001 -1.19029 10.04139 0.8408938050 2.4322299957    0.831  2.265  3.6714  1.730    3  0.000  0.503     0.00     0.00     0.00     0.00     0.00 -1 -3.43e-10      0.00 7.431e-01 2.559e-01 1.619e-04 5.682e-05 4.289e-04 -1.000 9.823e-04 -0.893 1.276 -0.128 -0.880 -1.130 -1.262 -1.313
0.001 -1.19029 10.04139 0.8409290314 2.4322412014    0.830  2.305  3.6689  1.680    3  0.000  0.503     0.00     0.00     0.00     0.00     0.00 -1 -3.98e-10      0.00 7.431e-01 2.559e-01 1.619e-04 5.683e-05 4.289e-04 -1.000 9.823e-04 -0.992 1.244 -0.204 -0.975 -1.229 -1.364 -1.418
0.001 -1.19029 10.04139 0.8409609199 2.4322509766    0.829  2.343  3.6665  1.632    3  0.000  0.503     0.00     0.00     0.00     0.00     0.00 -1  -4.6e-10      0.00 7.431e-01 2.559e-01 1.619e-04 5.683e-05 4.289e-04 -1.000 9.824e-04 -1.088 1.216 -0.276 -1.067 -1.325 -1.463 -1.519
0.001 -1.19029 10.04139 0.8409911394 2.4322605133    0.829  2.382  3.6639  1.582    3  0.000  0.503     0.00     0.00     0.00     0.00     0.00 -1 -5.32e-10      0.00 7.431e-01 2.559e-01 1.619e-04 5.684e-05 4.289e-04 -1.000 9.825e-04 -1.185 1.193 -0.347 -1.159 -1.422 -1.564 -1.621
0.001 -1.19029 10.04139 0.8410186172 2.4322690964    0.828  2.420  3.6614  1.533    3  0.000  0.503     0.00     0.00     0.00     0.00     0.00 -1 -6.15e-10      0.00 7.431e-01 2.559e-01 1.619e-04 5.684e-05 4.289e-04 -1.000 9.826e-04 -1.281 1.173 -0.417 -1.249 -1.517 -1.662 -1.721
0.001 -1.19029 10.04139 0.8410441279 2.4322769642    0.827  2.458  3.6589  1.485    3  0.000  0.503     0.00     0.00     0.00     0.00     0.00 -1  -7.1e-10      0.00 7.431e-01 2.559e-01 1.619e-04 5.684e-05 4.289e-04 -1.000 9.826e-04 -1.375 1.157 -0.484 -1.338 -1.611 -1.759 -1.821
0.001 -1.19029 10.04139 0.8410674930 2.4322843552    0.827  2.495  3.6564  1.438    3  0.000  0.503     0.00     0.00     0.00     0.00     0.00 -1 -8.16e-10      0.00 7.431e-01 2.559e-01 1.619e-04 5.685e-05 4.289e-04 -1.000 9.827e-04 -1.468 1.141 -0.547 -1.422 -1.700 -1.853 -1.916
0.001 -1.19029 10.04139 0.8410941958 2.4322926998    0.825  2.540  3.6532  1.379    3  0.000  0.503     8.74     6.69     4.72     3.65     2.96  3 -9.69e-10      0.00 7.431e-01 2.559e-01 1.619e-04 5.685e-05 4.289e-04 -1.000 9.827e-04 -1.580 1.119 -0.623 -1.523 -1.809 -1.966 -2.032
0.001 -1.19029 10.04139 0.8411142826 2.4322988987    0.825  2.576  3.6507  1.333    3  0.000  0.503     9.64     7.28     5.11     3.96     3.21  3 -1.11e-09      0.00 7.431e-01 2.559e-01 1.619e-04 5.685e-05 4.289e-04 -1.000 9.827e-04 -1.671 1.102 -0.684 -1.603 -1.896 -2.057 -2.126
0.001 -1.19029 10.04139 0.8411363959 2.4323058128    0.823  2.619  3.6478  1.278    3  0.000  0.503    10.83     8.04     5.62     4.36     3.53  3 -1.31e-09      0.00 7.431e-01 2.559e-01 1.619e-04 5.686e-05 4.289e-04 -1.000 9.828e-04 -1.777 1.082 -0.755 -1.697 -1.997 -2.164 -2.234
0.001 -1.19029 10.04139 0.8411571980 2.4323122501    0.822  2.662  3.6446  1.221    3  0.000  0.503    12.19     8.90     6.19     4.81     3.90  3 -1.54e-09      0.00 7.431e-01 2.559e-01 1.619e-04 5.686e-05 4.289e-04 -1.000 9.827e-04 -1.885 1.067 -0.824 -1.791 -2.099 -2.272 -2.345
0.001 -1.19029 10.04139 0.8411730528 2.4323172569    0.821  2.698  3.6421  1.175    3  0.000  0.503    13.44     9.67     6.70     5.22     4.23  3 -1.77e-09      0.00 7.431e-01 2.559e-01 1.619e-04 5.686e-05 4.289e-04 -1.000 9.828e-04 -1.974 1.055 -0.881 -1.868 -2.183 -2.360 -2.435
0.001 -1.19029 10.04139 0.8411902785 2.4323225021    0.819  2.738  3.6391  1.122    3  0.000  0.503    15.04    10.65     7.35     5.73     4.64  2 -2.07e-09      0.00 7.431e-01 2.559e-01 1.619e-04 5.686e-05 4.289e-04 -1.000 9.828e-04 -2.076 1.041 -0.946 -1.956 -2.280 -2.462 -2.539
0.001 -1.19029 10.04139 0.8412066698 2.4323277473    0.818  2.780  3.6360  1.067    3  0.000  0.503    16.88    11.75     8.07     6.30     5.11  2 -2.43e-09      0.00 7.431e-01 2.559e-01 1.619e-04 5.687e-05 4.289e-04 -1.000 9.828e-04 -2.180 1.031 -1.009 -2.044 -2.376 -2.564 -2.644
0.001 -1.19029 10.04139 0.8412222266 2.4323325157    0.816  2.822  3.6328  1.011    3  0.000  0.503    18.98    12.99     8.88     6.94     5.63  2 -2.85e-09      0.00 7.431e-01 2.559e-01 1.619e-04 5.687e-05 4.289e-04 -1.000 9.829e-04 -2.285 1.025 -1.071 -2.132 -2.474 -2.667 -2.750
0.001 -1.19029 10.04139 0.8412355185 2.4323365688    0.814  2.860  3.6300  0.960    3  0.000  0.503    21.12    14.23     9.69     7.59     6.15  2 -3.31e-09      0.00 7.431e-01 2.560e-01 1.619e-04 5.687e-05 4.289e-04 -1.000 9.829e-04 -2.381 1.024 -1.124 -2.212 -2.562 -2.762 -2.847
0.001 -1.19029 10.04139 0.8412482738 2.4323406219    0.812  2.899  3.6271  0.908    3  0.000  0.503    23.55    15.62    10.59     8.30     6.74  2 -3.85e-09      0.00 7.431e-01 2.560e-01 1.619e-04 5.687e-05 4.289e-04 -1.000 9.829e-04 -2.479 1.025 -1.175 -2.291 -2.652 -2.857 -2.945
0.001 -1.19029 10.04139 0.8412603140 2.4323444366    0.810  2.939  3.6239  0.855    3  0.000  0.503    26.36    17.20    11.61     9.12     7.40  2 -4.49e-09      0.00 7.431e-01 2.560e-01 1.619e-04 5.687e-05 4.289e-04 -1.000 9.829e-04 -2.578 1.032 -1.222 -2.370 -2.742 -2.954 -3.044
0.001 -1.19029 10.04139 0.8412712216 2.4323477745    0.807  2.977  3.6209  0.803    3  0.000  0.503    29.36    18.85    12.67     9.97     8.09  2 -5.21e-09      0.00 7.431e-01 2.560e-01 1.619e-04 5.688e-05 4.289e-04 -1.000 9.830e-04 -2.673 1.035 -1.270 -2.446 -2.828 -3.047 -3.139
0.001 -1.19029 10.04139 0.8412812352 2.4323508739    0.805  3.014  3.6181  0.754    3  0.000  0.503    32.60    20.62    13.80    10.87     8.82  1 -6.02e-09      0.00 7.431e-01 2.560e-01 1.619e-04 5.688e-05 4.289e-04 -1.000 9.829e-04 -2.766 1.038 -1.315 -2.520 -2.912 -3.137 -3.232
0.001 -1.19029 10.04139 0.8412906528 2.4323537350    0.802  3.051  3.6152  0.704    3  0.000  0.503    36.20    22.54    15.03    11.85     9.62  1 -6.95e-09      0.00 7.431e-01 2.560e-01 1.619e-04 5.688e-05 4.289e-04 -1.000 9.829e-04 -2.858 1.043 -1.357 -2.591 -2.995 -3.226 -3.323
0.001 -1.19029 10.04139 0.8412997723 2.4323565960    0.799  3.089  3.6122  0.653    3  0.000  0.503    40.29    24.69    16.39    12.95    10.51  1 -8.04e-09      0.00 7.431e-01 2.560e-01 1.619e-04 5.688e-05 4.289e-04 -1.000 9.831e-04 -2.951 1.047 -1.399 -2.663 -3.078 -3.316 -3.416
0.001 -1.19029 10.04139 0.8413076401 2.4323589802    0.796  3.123  3.6095  0.606    3  0.000  0.503    44.45    26.85    17.75    14.04    11.40  1 -9.21e-09      0.00 7.431e-01 2.560e-01 1.619e-04 5.688e-05 4.289e-04 -1.000 9.831e-04 -3.038 1.049 -1.438 -2.730 -3.155 -3.398 -3.501
0.001 -1.19029 10.04139 0.8413153887 2.4323616028    0.792  3.158  3.6068  0.557    3  0.000  0.503    49.21    29.27    19.28    15.27    12.41  1 -1.06e-08      0.00 7.431e-01 2.560e-01 1.619e-04 5.688e-05 4.289e-04 -1.000 9.831e-04 -3.126 1.048 -1.474 -2.796 -3.233 -3.483 -3.588
0.001 -1.19029 10.04139 0.8413226604 2.4323637486    0.789  3.193  3.6040  0.509    3  0.000  0.503    54.43    31.89    20.92    16.60    13.48  1 -1.22e-08      0.00 7.431e-01 2.560e-01 1.619e-04 5.688e-05 4.289e-04 -1.000 9.831e-04 -3.213 1.046 -1.509 -2.861 -3.309 -3.566 -3.673
0.001 -1.19029 10.04139 0.8413293362 2.4323658943    0.785  3.227  3.6014  0.463    3  0.000  0.503    59.98    34.63    22.63    17.98    14.61  1 -1.39e-08      0.00 7.431e-01 2.560e-01 1.619e-04 5.688e-05 4.289e-04 -1.000 9.831e-04 -3.297 1.044 -1.537 -2.921 -3.382 -3.645 -3.755
0.001 -1.19029 10.04139 0.8413354754 2.4323678017    0.780  3.259  3.5988  0.418    3  0.000  0.503    65.89    37.50    24.41    19.42    15.78  1 -1.58e-08      0.00 7.431e-01 2.560e-01 1.619e-04 5.689e-05 4.289e-04 -1.000 9.832e-04 -3.378 1.038 -1.562 -2.978 -3.453 -3.722 -3.834
0.001 -1.19029 10.04139 0.8413412571 2.4323694706    0.776  3.290  3.5964  0.376    3  0.000  0.503    72.02    40.43    26.23    20.90    16.98  1 -1.78e-08      0.00 7.431e-01 2.560e-01 1.619e-04 5.689e-05 4.289e-04 -1.000 9.831e-04 -3.454 1.033 -1.584 -3.031 -3.518 -3.794 -3.909
0.001 -1.19029 10.04139 0.8413468599 2.4323713779    0.771  3.319  3.5941  0.335    3  0.000  0.503    78.52    43.49    28.12    22.43    18.23  1 -2.01e-08      0.00 7.431e-01 2.560e-01 1.619e-04 5.689e-05 4.289e-04 -1.000 9.831e-04 -3.527 1.029 -1.604 -3.081 -3.581 -3.864 -3.980
0.001 -1.19029 10.04139 0.8413481116 2.4323716164    0.770  3.325  3.5936  0.326    3  0.000  0.503    80.03    44.19    28.55    22.78    18.52  1 -2.07e-08      0.00 7.431e-01 2.560e-01 1.619e-04 5.689e-05 4.289e-04 -1.000 9.831e-04 -3.543 1.028 -1.608 -3.092 -3.595 -3.879 -3.996
0.001 -1.19029 10.04139 0.8413481116 2.4323716164    0.770  1.743  3.7405  2.496    4  0.000  0.518     0.00     0.00     0.00     0.00     0.00 -1    -1e-30      0.00 7.405e-01 2.585e-01 1.687e-04 5.258e-05 4.343e-04 -1.000 1.000e-03 0.412 1.588 0.786 0.355 0.222 0.172 0.159
0.001 -1.19029 10.04139 0.8414025307 2.4323885441    0.770  1.760  3.7393  2.473    4  0.000  0.518     0.00     0.00     0.00     0.00     0.00 -1    -1e-30      0.00 7.405e-01 2.585e-01 1.687e-04 5.258e-05 4.343e-04 -1.000 1.000e-03 0.369 1.556 0.748 0.312 0.176 0.126 0.112
0.001 -1.19029 10.04139 0.8414541483 2.4324047565    0.770  1.763  3.7392  2.470    4  0.000  0.518     0.00     0.00     0.00     0.00     0.00 -1    -1e-30      0.00 7.405e-01 2.585e-01 1.687e-04 5.258e-05 4.343e-04 -1.000 1.000e-03 0.362 1.550 0.741 0.305 0.169 0.118 0.104
0.001 -1.19029 10.04139 0.8415051699 2.4324204922    0.770  1.765  3.7393  2.469    4  0.000  0.518     0.00     0.00     0.00     0.00     0.00 -1    -1e-30      0.00 7.405e-01 2.585e-01 1.687e-04 5.258e-05 4.343e-04 -1.000 1.000e-03 0.358 1.546 0.737 0.301 0.165 0.115 0.101
0.001 -1.19029 10.04139 0.8415578604 2.4324369431    0.770  1.765  3.7396  2.470    4  0.000  0.518     0.00     0.00     0.00     0.00     0.00 -1    -1e-30      0.00 7.405e-01 2.585e-01 1.687e-04 5.258e-05 4.343e-04 -1.000 1.000e-03 0.356 1.541 0.734 0.299 0.164 0.113 0.100
0.001 -1.19029 10.04139 0.8416104317 2.4324533939    0.770  1.765  3.7401  2.472    4  0.000  0.518     0.00     0.00     0.00     0.00     0.00 -1    -1e-30      0.00 7.405e-01 2.585e-01 1.687e-04 5.258e-05 4.343e-04 -1.000 1.000e-03 0.356 1.536 0.732 0.299 0.165 0.115 0.101
0.001 -1.19029 10.04139 0.8416635990 2.4324698448    0.771  1.765  3.7407  2.475    4  0.000  0.518     0.00     0.00     0.00     0.00     0.00 -1    -1e-30      0.00 7.405e-01 2.585e-01 1.687e-04 5.258e-05 4.343e-04 -1.000 1.000e-03 0.358 1.532 0.731 0.300 0.167 0.118 0.104
0.001 -1.19029 10.04139 0.8417164087 2.4324862957    0.771  1.764  3.7414  2.479    4  0.000  0.518     0.00     0.00     0.00     0.00     0.00 -1    -1e-30      0.00 7.405e-01 2.585e-01 1.687e-04 5.258e-05 4.343e-04 -1.000 1.000e-03 0.360 1.528 0.730 0.302 0.170 0.122 0.109
0.001 -1.19029 10.04139 0.8417698145 2.4325029850    0.771  1.763  3.7422  2.483    4  0.000  0.518     0.00     0.00     0.00     0.00     0.00 -1    -1e-30      0.00 7.405e-01 2.585e-01 1.687e-04 5.258e-05 4.343e-04 -1.000 1.000e-03 0.363 1.525 0.730 0.305 0.174 0.127 0.114
0.001 -1.19029 10.04139 0.8418242335 2.4325199127    0.771  1.762  3.7430  2.487    4  0.000  0.518     0.00     0.00     0.00     0.00     0.00 -1    -1e-30      0.00 7.405e-01 2.585e-01 1.687e-04 5.258e-05 4.343e-04 -1.000 1.000e-03 0.366 1.521 0.729 0.307 0.178 0.131 0.119
0.001 -1.19029 10.04139 0.8418795466 2.4325370789    0.771  1.761  3.7438  2.491    4  0.000  0.518     0.00     0.00     0.00     0.00     0.00 -1    -1e-30      0.00 7.405e-01 2.585e-01 1.687e-04 5.258e-05 4.343e-04 -1.000 1.000e-03 0.369 1.517 0.729 0.309 0.182 0.136 0.124
0.001 -1.19029 10.04139 0.8419296741 2.4325525761    0.771  1.760  3.7444  2.495    4  0.000  0.518     0.00     0.00     0.00     0.00     0.00 -1    -1e-30      0.00 7.405e-01 2.585e-01 1.687e-04 5.258e-05 4.343e-04 -1.000 1.000e-03 0.371 1.513 0.728 0.311 0.185 0.139 0.128
0.001 -1.19029 10.04139 0.8419853449 2.4325699806    0.771  1.759  3.7451  2.499    4  0.000  0.518     0.00     0.00     0.00     0.00     0.00 -1    -1e-30      0.00 7.405e-01 2.585e-01 1.687e-04 5.258e-05 4.343e-04 -1.000 1.000e-03 0.373 1.510 0.728 0.313 0.187 0.143 0.132
0.001 -1.19029 10.04139 0.8420392275 2.4325866699    0.771  1.758  3.7457  2.502    4  0.000  0.518     0.00     0.00     0.00     0.00     0.00 -1    -1e-30      0.00 7.405e-01 2.585e-01 1.687e-04 5.258e-05 4.343e-04 -1.000 1.000e-03 0.375 1.506 0.727 0.314 0.190 0.146 0.135
0.001 -1.19029 10.04139 0.8420917988 2.4326031208    0.771  1.758  3.7462  2.504    4  0.000  0.518     0.00     0.00     0.00     0.00     0.00 -1    -1e-30      0.00 7.405e-01 2.585e-01 1.687e-04 5.258e-05 4.343e-04 -1.000 1.000e-03 0.376 1.503 0.726 0.315 0.191 0.148 0.137
0.001 -1.19029 10.04139 0.8420976400 2.4326047897    0.771  1.758  3.7462  2.504    4  0.000  0.518     0.00     0.00     0.00     0.00     0.00 -1    -1e-30      0.00 7.405e-01 2.585e-01 1.687e-04 5.258e-05 4.343e-04 -1.000 1.000e-03 0.376 1.503 0.726 0.315 0.192 0.148 0.137
0.001 -1.19029 10.04139 0.8421145678 2.4326100349    0.771  1.758  3.7463  2.505    4  0.000  0.518     0.00     0.00     0.00     0.00     0.00 -1    -1e-30      0.00 7.405e-01 2.585e-01 1.687e-04 5.258e-05 4.343e-04 -1.000 1.000e-03 0.376 1.502 0.725 0.315 0.192 0.149 0.138
0.001 -1.19029 10.04139 0.8421704173 2.4326274395    0.771  1.758  3.7467  2.506    4  0.000  0.518     0.00     0.00     0.00     0.00     0.00 -1    -1e-30      0.00 7.405e-01 2.585e-01 1.687e-04 5.258e-05 4.343e-04 -1.000 1.000e-03 0.376 1.499 0.724 0.315 0.193 0.150 0.139
0.001 -1.19029 10.04139 0.8422260880 2.4326448441    0.771  1.758  3.7469  2.507    4  0.000  0.518     0.00     0.00     0.00     0.00     0.00 -1    -1e-30      0.00 7.405e-01 2.585e-01 1.687e-04 5.258e-05 4.343e-04 -1.000 1.000e-03 0.376 1.497 0.722 0.315 0.192 0.150 0.139
0.001 -1.19029 10.04139 0.8422819972 2.4326622486    0.771  1.758  3.7470  2.507    4  0.000  0.518     0.00     0.00     0.00     0.00     0.00 -1    -1e-30      0.00 7.405e-01 2.585e-01 1.687e-04 5.258e-05 4.343e-04 -1.000 1.000e-03 0.374 1.494 0.720 0.313 0.191 0.148 0.138
0.001 -1.19029 10.04139 0.8423345685 2.4326784611    0.771  1.759  3.7470  2.506    4  0.000  0.518     0.00     0.00     0.00     0.00     0.00 -1    -1e-30      0.00 7.405e-01 2.585e-01 1.687e-04 5.258e-05 4.343e-04 -1.000 1.000e-03 0.372 1.492 0.718 0.311 0.188 0.146 0.135
0.001 -1.19029 10.04139 0.8423860669 2.4326944351    0.771  1.761  3.7469  2.504    4  0.000  0.518     0.00     0.00     0.00     0.00     0.00 -1    -1e-30      0.00 7.405e-01 2.585e-01 1.687e-04 5.258e-05 4.343e-04 -1.000 1.000e-03 0.368 1.490 0.716 0.308 0.185 0.142 0.132
0.001 -1.19029 10.04139 0.8424389362 2.4327108860    0.771  1.762  3.7466  2.501    4  0.000  0.518     0.00     0.00     0.00     0.00     0.00 -1    -1e-30      0.00 7.405e-01 2.585e-01 1.687e-04 5.258e-05 4.343e-04 -1.000 1.000e-03 0.364 1.488 0.712 0.303 0.180 0.137 0.127
0.001 -1.19029 10.04139 0.8424773216 2.4327228069    0.771  1.764  3.7463  2.499    4  0.000  0.518     0.00     0.00     0.00     0.00     0.00 -1    -1e-30      0.00 7.405e-01 2.585e-01 1.687e-04 5.258e-05 4.343e-04 -1.000 1.000e-03 0.360 1.487 0.710 0.300 0.176 0.133 0.122
0.001 -1.19029 10.04139 0.8424899578 2.4327268600    0.771  1.764  3.7462  2.498    4  0.000  0.518     0.00     0.00     0.00     0.00     0.00 -1    -1e-30      0.00 7.405e-01 2.585e-01 1.687e-04 5.258e-05 4.343e-04 -1.000 1.000e-03 0.359 1.486 0.709 0.298 0.175 0.131 0.120
0.001 -1.19029 10.04139 0.8425427675 2.4327430725    0.772  1.767  3.7457  2.493    4  0.000  0.518     0.00     0.00     0.00     0.00     0.00 -1    -1e-30      0.00 7.405e-01 2.585e-01 1.687e-04 5.258e-05 4.343e-04 -1.000 1.000e-03 0.352 1.484 0.704 0.292 0.167 0.124 0.112
0.001 -1.19029 10.04139 0.8425943851 2.4327592850    0.772  1.770  3.7451  2.488    4  0.000  0.518     0.00     0.00     0.00     0.00     0.00 -1    -1e-30      0.00 7.405e-01 2.585e-01 1.687e-04 5.258e-05 4.343e-04 -1.000 1.000e-03 0.345 1.482 0.699 0.285 0.159 0.115 0.103
0.001 -1.19029 10.04139 0.8426476121 2.4327757359    0.772  1.774  3.7443  2.481    4  0.000  0.518     0.00     0.00     0.00     0.00     0.00 -1    -1e-30      0.00 7.405e-01 2.585e-01 1.687e-04 5.258e-05 4.343e-04 -1.000 1.000e-03 0.336 1.479 0.693 0.276 0.149 0.103 0.092
0.001 -1.19029 10.04139 0.8426991105 2.4327917099    0.772  1.778  3.7435  2.474    4  0.000  0.518     0.00     0.00     0.00     0.00     0.00 -1    -1e-30      0.00 7.405e-01 2.585e-01 1.687e-04 5.258e-05 4.343e-04 -1.000 1.000e-03 0.326 1.476 0.686 0.266 0.138 0.092 0.080
0.001 -1.19029 10.04139 0.8427520990 2.4328081608    0.772  1.782  3.7427  2.466    4  0.000  0.518     0.00     0.00     0.00     0.00     0.00 -1    -1e-30      0.00 7.405e-01 2.585e-01 1.687e-04 5.258e-05 4.343e-04 -1.000 1.000e-03 0.315 1.473 0.679 0.256 0.126 0.079 0.067
0.001 -1.19029 10.04139 0.8428035378 2.4328241348    0.772  1.786  3.7419  2.459    4  0.000  0.518     0.00     0.00     0.00     0.00     0.00 -1    -1e-30      0.00 7.405e-01 2.585e-01 1.687e-04 5.258e-05 4.343e-04 -1.000 1.000e-03 0.304 1.469 0.671 0.245 0.114 0.066 0.053
0.001 -1.19029 10.04139 0.8428553939 2.4328401089    0.772  1.790  3.7414  2.453    4  0.000  0.518     0.00     0.00     0.00     0.00     0.00 -1    -1e-30      0.00 7.405e-01 2.585e-01 1.687e-04 5.258e-05 4.343e-04 -1.000 1.000e-03 0.295 1.463 0.664 0.236 0.104 0.055 0.042
0.001 -1.19029 10.04139 0.8429073095 2.4328563213    0.772  1.797  3.7401  2.441    4  0.000  0.518     0.00     0.00     0.00     0.00     0.00 -1    -1e-30      0.00 7.405e-01 2.585e-01 1.687e-04 5.258e-05 4.343e-04 -1.000 1.000e-03 0.278 1.458 0.652 0.220 0.086 0.036 0.023
0.001 -1.19029 10.04139 0.8429592848 2.4328722954    0.772  1.804  3.7388  2.429    4  0.000  0.518     0.00     0.00     0.00     0.00     0.00 -1    -1e-30      0.00 7.405e-01 2.585e-01 1.687e-04 5.258e-05 4.343e-04 -1.000 1.000e-03 0.261 1.454 0.640 0.203 0.067 0.016 0.002
0.001 -1.19029 10.04139 0.8430108428 2.4328882694    0.772  1.808  3.7381  2.422    4  0.000  0.518     0.00     0.00     0.00     0.00     0.00 -1    -1e-30      0.00 7.405e-01 2.585e-01 1.687e-04 5.258e-05 4.343e-04 -1.000 1.000e-03 0.250 1.450 0.633 0.193 0.055 0.003 -0.011
0.001 -1.19029 10.04139 0.8430643082 2.4329049587    0.772  1.825  3.7353  2.393    4  0.000  0.518     0.00     0.00     0.00     0.00     0.00 -1    -1e-30      0.00 7.405e-01 2.585e-01 1.687e-04 5.258e-05 4.343e-04 -1.000 1.000e-03 0.207 1.435 0.601 0.150 0.008 -0.047 -0.063
0.001 -1.19029 10.04139 0.8431167603 2.4329211712    0.772  1.853  3.7312  2.349    4  0.000  0.518     0.00     0.00     0.00     0.00     0.00 -1    -1e-30      0.00 7.405e-01 2.585e-01 1.687e-04 5.258e-05 4.343e-04 -1.000 1.000e-03 0.137 1.406 0.548 0.082 -0.067 -0.127 -0.145
0.001 -1.19029 10.04139 0.8431531191 2.4329323769    0.772  1.888  3.7264  2.295    4  0.000  0.518     0.00     0.00     0.00     0.00     0.00 -1    -1e-30      0.00 7.405e-01 2.585e-01 1.687e-04 5.258e-05 4.343e-04 -1.000 1.000e-03 0.049 1.370 0.482 -0.004 -0.160 -0.225 -0.245
0.001 -1.19029 10.04139 0.8431705236 2.4329378605    0.772  1.924  3.7218  2.241    4  0.000  0.518     0.00     0.00     0.00     0.00     0.00 -1    -1e-30      0.00 7.405e-01 2.585e-01 1.687e-04 5.258e-05 4.343e-04 -1.000 1.000e-03 -0.039 1.332 0.413 -0.090 -0.254 -0.324 -0.346
0.001 -1.19029 10.04139 0.8431782722 2.4329402447    0.772  1.957  3.7177  2.192    4  0.000  0.518     0.00     0.00     0.00     0.00     0.00 -1    -1e-30      0.00 7.405e-01 2.585e-01 1.687e-04 5.258e-05 4.343e-04 -1.000 1.000e-03 -0.123 1.296 0.349 -0.171 -0.341 -0.416 -0.441
0.001 -1.19029 10.04139 0.8431819677 2.4329414368    0.772  1.990  3.7139  2.143    4  0.000  0.518     0.00     0.00     0.00     0.00     0.00 -1    -1e-30      0.00 7.405e-01 2.585e-01 1.687e-04 5.258e-05 4.343e-04 -1.000 1.000e-03 -0.205 1.260 0.286 -0.249 -0.427 -0.506 -0.533
0.001 -1.19029 10.04139 0.8431839347 2.4329419136    0.772  2.025  3.7101  2.093    4  0.000  0.518     0.00     0.00     0.00     0.00     0.00 -1    -1e-30      0.00 7.405e-01 2.585e-01 1.687e-04 5.258e-05 4.343e-04 -1.000 1.000e-03 -0.292 1.219 0.218 -0.333 -0.517 -0.601 -0.629
0.001 -1.19029 10.04139 0.8431851268 2.4329423904    0.772  2.058  3.7066  2.046    4  0.000  0.518     0.00     0.00     0.00     0.00     0.00 -1    -1e-30      0.00 7.405e-01 2.585e-01 1.687e-04 5.258e-05 4.343e-04 -1.000 1.000e-03 -0.376 1.181 0.153 -0.413 -0.603 -0.691 -0.721
0.001 -1.19029 10.04139 0.8431851864 2.4329423904    0.772  2.062  3.7063  2.042    7  0.000  0.518     0.00     0.00     0.00     0.00     0.00 -1 -2.72e-25      0.00 7.405e-01 2.581e-01 1.687e-04 5.258e-05 4.343e-04 -1.000 1.414e-03 -0.384 1.177 0.147 -0.421 -0.611 -0.700 -0.730
0.001 -1.19029 10.04139 0.8431852460 2.4329423904    0.772  2.062  3.7063  2.041    7  0.000  0.518     0.00     0.00     0.00     0.00     0.00 -1 -9.72e-10      0.00 7.405e-01 2.569e-01 1.687e-04 5.258e-05 4.343e-04 -1.000 2.600e-03 -0.385 1.176 0.146 -0.422 -0.612 -0.701 -0.731
0.001 -1.19029 10.04139 0.8431861997 2.4329426289    0.772  2.099  3.7028  1.990    7  0.000  0.518     0.00     0.00     0.00     0.00     0.00 -1 -1.22e-09      0.00 7.405e-01 2.569e-01 1.687e-04 5.258e-05 4.343e-04 -1.000 2.600e-03 -0.478 1.130 0.072 -0.511 -0.708 -0.801 -0.833
0.001 -1.19029 10.04139 0.8431869745 2.4329428673    0.772  2.131  3.6999  1.946    7  0.000  0.518     0.00     0.00     0.00     0.00     0.00 -1 -1.47e-09      0.00 7.405e-01 2.569e-01 1.687e-04 5.258e-05 4.343e-04 -1.000 2.600e-03 -0.559 1.092 0.008 -0.588 -0.790 -0.887 -0.920
0.001 -1.19029 10.04139 0.8431878090 2.4329431057    0.772  2.158  3.6976  1.910    7  0.000  0.518     0.00     0.00     0.00     0.00     0.00 -1 -1.71e-09      0.00 7.405e-01 2.569e-01 1.687e-04 5.258e-05 4.343e-04 -1.000 2.600e-03 -0.626 1.062 -0.044 -0.652 -0.858 -0.957 -0.993
0.001 -1.19029 10.04139 0.8431886435 2.4329435825    0.772  2.165  3.6969  1.900    7  0.000  0.518     0.00     0.00     0.00     0.00     0.00 -1 -1.79e-09      0.00 7.405e-01 2.569e-01 1.687e-04 5.258e-05 4.343e-04 -1.000 2.600e-03 -0.643 1.054 -0.058 -0.668 -0.876 -0.976 -1.012
0.001 -1.19029 10.04139 0.8431900740 2.4329438210    0.772  2.161  3.6974  1.906    7  0.000  0.518     0.00     0.00     0.00     0.00     0.00 -1 -1.74e-09      0.00 7.405e-01 2.569e-01 1.687e-04 5.258e-05 4.343e-04 -1.000 2.600e-03 -0.631 1.059 -0.049 -0.657 -0.864 -0.964 -0.999
0.001 -1.19029 10.04139 0.8431919217 2.4329445362    0.772  2.144  3.6988  1.928    7  0.000  0.518     0.00     0.00     0.00     0.00     0.00 -1 -1.58e-09      0.00 7.405e-01 2.569e-01 1.687e-04 5.258e-05 4.343e-04 -1.000 2.600e-03 -0.591 1.077 -0.018 -0.619 -0.823 -0.921 -0.955
0.001 -1.19029 10.04139 0.8431941867 2.4329452515    0.772  2.137  3.6995  1.938    7  0.000  0.518     0.00     0.00     0.00     0.00     0.00 -1 -1.52e-09      0.00 7.405e-01 2.569e-01 1.687e-04 5.258e-05 4.343e-04 -1.000 2.600e-03 -0.573 1.085 -0.003 -0.602 -0.805 -0.902 -0.936
0.001 -1.19029 10.04139 0.8432028294 2.4329478741    0.771  2.134  3.6997  1.941    7  0.000  0.518     0.00     0.00     0.00     0.00     0.00 -1  -1.5e-09      0.00 7.405e-01 2.569e-01 1.687e-04 5.258e-05 4.343e-04 -1.000 2.600e-03 -0.566 1.088 0.002 -0.595 -0.797 -0.894 -0.928
0.001 -1.19029 10.04139 0.8432295322 2.4329562187    0.769  2.165  3.6968  1.898    7  0.000  0.518     0.00     0.00     0.00     0.00     0.00 -1 -1.81e-09      0.00 7.405e-01 2.569e-01 1.687e-04 5.258e-05 4.343e-04 -1.000 2.600e-03 -0.643 1.055 -0.058 -0.668 -0.876 -0.976 -1.012
0.001 -1.19029 10.04139 0.8432463408 2.4329614639    0.767  2.203  3.6934  1.846    7  0.000  0.518     0.00     0.00     0.00     0.00     0.00 -1 -2.27e-09      0.00 7.405e-01 2.569e-01 1.687e-04 5.258e-05 4.343e-04 -1.000 2.600e-03 -0.738 1.014 -0.131 -0.758 -0.972 -1.077 -1.114
0.001 -1.19029 10.04139 0.8432651758 2.4329671860    0.765  2.256  3.6887  1.773    7  0.000  0.518     0.00     0.00     0.00     0.00     0.00 -1 -3.09e-09      0.00 7.405e-01 2.569e-01 1.687e-04 5.258e-05 4.343e-04 -1.000 2.600e-03 -0.870 0.959 -0.232 -0.881 -1.104 -1.216 -1.256
0.001 -1.19029 10.04139 0.8432822824 2.4329724312    0.762  2.311  3.6839  1.697    7  0.000  0.518     0.00     0.00     0.00     0.00     0.00 -1 -4.32e-09      0.00 7.405e-01 2.569e-01 1.687e-04 5.258e-05 4.343e-04 -1.000 2.600e-03 -1.008 0.913 -0.336 -1.012 -1.243 -1.360 -1.404
0.001 -1.19029 10.04139 0.8432971835 2.4329771996    0.759  2.359  3.6799  1.631    7  0.000  0.518     0.00     0.00     0.00     0.00     0.00 -1 -5.72e-09      0.00 7.405e-01 2.569e-01 1.687e-04 5.258e-05 4.343e-04 -1.000 2.600e-03 -1.126 0.886 -0.425 -1.127 -1.365 -1.487 -1.533
0.001 -1.19029 10.04139 0.8433102369 2.4329812527    0.755  2.402  3.6762  1.570    7  0.000  0.518     0.00     0.00     0.00     0.00     0.00 -1 -7.41e-09      0.00 7.405e-01 2.569e-01 1.687e-04 5.258e-05 4.343e-04 -1.000 2.594e-03 -1.236 0.867 -0.503 -1.233 -1.476 -1.603 -1.652
0.001 -1.19029 10.04139 0.8433217406 2.4329848289    0.751  2.445  3.6726  1.511    7  0.000  0.518     0.00     0.00     0.00     0.00     0.00 -1 -9.58e-09      0.00 7.405e-01 2.570e-01 1.686e-04 5.259e-05 4.343e-04 -1.000 2.529e-03 -1.342 0.853 -0.577 -1.334 -1.584 -1.715 -1.766
0.001 -1.19029 10.04139 0.8433318734 2.4329879284    0.746  2.485  3.6692  1.454    7  0.000  0.517     0.00     0.00     0.00     0.00     0.00 -1 -1.22e-08      0.00 7.405e-01 2.570e-01 1.685e-04 5.264e-05 4.343e-04 -1.000 2.500e-03 -1.444 0.848 -0.646 -1.431 -1.687 -1.822 -1.876
0.001 -1.19029 10.04139 0.8433409929 2.4329907894    0.740  2.526  3.6658  1.397    7  0.000  0.516     8.13     6.31     4.45     3.45     2.79  3 -1.55e-08      0.00 7.405e-01 2.570e-01 1.679e-04 5.294e-05 4.343e-04 -1.000 2.469e-03 -1.545 0.851 -0.711 -1.525 -1.788 -1.928 -1.984
0.001 -1.19029 10.04139 0.8433492780 2.4329931736    0.733  2.566  3.6611  1.333    7  0.000  0.512     9.28     7.06     4.95     3.85     3.11  3    -2e-08      0.00 7.405e-01 2.571e-01 1.666e-04 5.400e-05 4.343e-04 -1.000 2.410e-03 -1.646 0.897 -0.761 -1.617 -1.889 -2.035 -2.095
0.001 -1.19029 10.04139 0.8433569670 2.4329955578    0.725  2.607  3.6541  1.260    7  0.000  0.505    10.81     8.03     5.60     4.36     3.53  2  -2.6e-08      0.00 7.405e-01 2.571e-01 1.644e-04 5.637e-05 4.343e-04 -1.000 2.400e-03 -1.747 0.992 -0.784 -1.695 -1.982 -2.138 -2.204
0.001 -1.19029 10.04139 0.8433623910 2.4329972267    0.718  2.638  3.6497  1.207    7  0.000  0.498    12.07     8.82     6.12     4.78     3.87  2 -3.19e-08      0.00 7.405e-01 2.571e-01 1.622e-04 5.893e-05 4.343e-04 -1.000 2.371e-03 -1.824 1.032 -0.812 -1.754 -2.052 -2.216 -2.285
0.001 -1.19029 10.04139 0.8433691263 2.4329993725    0.706  2.678  3.6462  1.146    7  0.000  0.490    13.68     9.81     6.77     5.30     4.29  2 -4.12e-08      0.00 7.405e-01 2.572e-01 1.595e-04 6.229e-05 4.343e-04 -1.000 2.327e-03 -1.925 1.034 -0.870 -1.838 -2.145 -2.315 -2.387
0.001 -1.19029 10.04139 0.8433756232 2.4330015182    0.692  2.718  3.6428  1.084    7  0.000  0.482    15.54    10.92     7.49     5.88     4.76  2 -5.41e-08      0.00 7.404e-01 2.572e-01 1.571e-04 6.528e-05 4.343e-04 -1.000 2.330e-03 -2.024 1.036 -0.927 -1.923 -2.238 -2.414 -2.489
0.001 -1.19029 10.04139 0.8433818817 2.4330034256    0.674  2.757  3.6395  1.019    7  0.000  0.476    17.71    12.19     8.32     6.54     5.30  2 -7.19e-08      0.00 7.404e-01 2.573e-01 1.549e-04 6.791e-05 4.343e-04 -1.000 2.309e-03 -2.123 1.040 -0.984 -2.006 -2.331 -2.513 -2.591
0.001 -1.19029 10.04139 0.8433879018 2.4330050945    0.650  2.798  3.6362  0.950    7  0.000  0.470    20.36    13.68     9.28     7.33     5.93  1 -9.84e-08      0.00 7.403e-01 2.574e-01 1.530e-04 7.031e-05 4.344e-04 -1.000 2.277e-03 -2.225 1.053 -1.036 -2.090 -2.426 -2.614 -2.694
0.001 -1.19029 10.04139 0.8433932662 2.4330067635    0.622  2.837  3.6340  0.883    7  0.000  0.465    23.28    15.27    10.30     8.16     6.60  1 -1.38e-07      0.00 7.403e-01 2.575e-01 1.514e-04 7.229e-05 4.344e-04 -1.000 2.223e-03 -2.322 1.051 -1.092 -2.174 -2.518 -2.711 -2.793
0.001 -1.19029 10.04139 0.8433982134 2.4330084324    0.585  2.876  3.6343  0.818    7  0.000  0.460    26.40    16.90    11.33     9.01     7.29  1    -2e-07      0.00 7.402e-01 2.576e-01 1.499e-04 7.405e-05 4.343e-04 -1.000 2.241e-03 -2.420 0.991 -1.180 -2.274 -2.620 -2.813 -2.896
0.001 -1.19029 10.04139 0.8434020281 2.4330096245    0.542  2.913  3.6431  0.784    7  0.000  0.457    28.01    17.65    11.79     9.40     7.60  1 -2.91e-07      0.00 7.401e-01 2.577e-01 1.488e-04 7.550e-05 4.343e-04 -1.000 2.214e-03 -2.513 0.735 -1.361 -2.413 -2.738 -2.917 -2.993
0.001 -1.19029 10.04139 0.8434035778 2.4330101013    0.511  2.929  3.6591  0.806    7  0.000  0.454    26.39    16.71    11.17     8.92     7.21  1 -3.32e-07      0.00 7.400e-01 2.577e-01 1.480e-04 7.644e-05 4.342e-04 -1.000 2.300e-03 -2.554 0.326 -1.573 -2.525 -2.814 -2.966 -3.030
0.001 -1.19029 10.04139 1.0934826136 2.4905769825    0.546 -9.999  3.6216  7.956    9  0.546  0.000     0.00     0.00     0.00     0.00     0.00 -1    -1e-30      0.00 7.277e-01 2.714e-01 1.348e-04 1.063e-04 4.391e-04 -1.000 9.460e-04 29.767 32.841 31.032 29.897 29.493 29.292 29.222
#isochrone terminated
