# File generated by CMD 3.6 (http://stev.oapd.inaf.it/cmd) on Thu Apr 21 18:06:23 CEST 2022
# isochrones based on PARSEC release v1.2S +  COLIBRI S_37 + S_35 + PR16
# Basic references: Bressan et al. (2012), MNRAS, 427, 127 + Chen et al. (2014, 2015), MNRAS, 444, 2525 + MNRAS, 452, 1068 + Tang et al. (2014), MNRAS, 445, 4287 + Marigo et al. (2017), ApJ, 835, 77 + Pastorelli al. (2019), MNRAS, 485, 5666 + Pastorelli al. (2020), MNRAS, in press
# Thermal pulse cycles included 
# On RGB, assumed Reimers mass loss with efficiency eta=0.2
# LPV periods and growth rates added cf. Trabucchi et al. (2019)
# but fundamental-mode LPV periods are from Trabucchi et al. (2021)
# Photometric system: DECAM (ABmags)
# Using YBC version of bolometric corrections as in Chen et al. (2019)
# O-rich circumstellar dpmod60alox40 dust from Groenewegen (2006)
# C-rich circumstellar AMCSIC15 dust from Groenewegen (2006)
# IMF: Kroupa (2001, 2002) + Kroupa et al. (2013) canonical two-part-power law IMF corrected for unresolved binaries 
# Kind of output: isochrone tables
# Zini     MH   logAge Mini        int_IMF         Mass   logL    logTe  logg  label   McoreTP C_O  period0  period1  period2  period3  period4  pmode  Mloss  tau1m   X   Y   Xc  Xn  Xo  Cexcess  Z 	 mbolmag  umag    gmag    rmag    imag    zmag    Ymag
0.001 -1.19029 9.47712 0.0900000036 1.0816895962    0.090 -3.217  3.4559  5.385    1  0.000  0.545     0.00     0.00     0.00     0.00     0.00 -1 -5.17e-17      0.00 7.484e-01 2.506e-01 1.798e-04 4.851e-05 4.400e-04 -1.000 1.000e-03 12.812 18.032 16.785 14.920 12.880 12.199 12.070
0.001 -1.19029 9.47712 0.0919096991 1.0997353792    0.092 -3.166  3.4631  5.372    1  0.000  0.545     0.00     0.00     0.00     0.00     0.00 -1 -5.83e-17      0.00 7.483e-01 2.507e-01 1.798e-04 4.851e-05 4.400e-04 -1.000 1.000e-03 12.685 17.891 16.487 14.628 12.721 12.078 11.952
0.001 -1.19029 9.47712 0.0992054865 1.1644351482    0.099 -2.981  3.4896  5.326    1  0.000  0.545     0.00     0.00     0.00     0.00     0.00 -1 -9.07e-17      0.00 7.481e-01 2.509e-01 1.798e-04 4.851e-05 4.400e-04 -1.000 1.000e-03 12.222 17.318 15.430 13.625 12.160 11.642 11.520
0.001 -1.19029 9.47712 0.1000000015 1.1711064577    0.100 -2.961  3.4924  5.321    1  0.000  0.545     0.00     0.00     0.00     0.00     0.00 -1  -9.5e-17      0.00 7.481e-01 2.509e-01 1.798e-04 4.851e-05 4.400e-04 -1.000 1.000e-03 12.174 17.248 15.324 13.529 12.104 11.596 11.476
0.001 -1.19029 9.47712 0.1128540486 1.2703089714    0.113 -2.773  3.5141  5.272    1  0.000  0.545     0.00     0.00     0.00     0.00     0.00 -1 -1.46e-16      0.00 7.477e-01 2.513e-01 1.798e-04 4.851e-05 4.400e-04 -1.000 1.000e-03 11.703 16.554 14.421 12.705 11.578 11.150 11.034
0.001 -1.19029 9.47712 0.1199999973 1.3193154335    0.120 -2.678  3.5252  5.248    1  0.000  0.545     0.00     0.00     0.00     0.00     0.00 -1 -1.81e-16      0.00 7.475e-01 2.515e-01 1.798e-04 4.851e-05 4.400e-04 -1.000 1.000e-03 11.465 16.163 13.982 12.315 11.316 10.922 10.809
0.001 -1.19029 9.47712 0.1400000006 1.4384527206    0.140 -2.498  3.5414  5.199    1  0.000  0.545     0.00     0.00     0.00     0.00     0.00 -1 -2.69e-16      0.00 7.471e-01 2.519e-01 1.798e-04 4.851e-05 4.400e-04 -1.000 9.999e-04 11.014 15.451 13.263 11.675 10.838 10.486 10.379
0.001 -1.19029 9.47712 0.1599999964 1.5372931957    0.160 -2.362  3.5518  5.163    1  0.000  0.545     0.00     0.00     0.00     0.00     0.00 -1 -3.58e-16      0.00 7.467e-01 2.523e-01 1.798e-04 4.851e-05 4.400e-04 -1.000 1.000e-03 10.675 14.930 12.768 11.232 10.484 10.156 10.052
0.001 -1.19029 9.47712 0.2000000179 1.6938792467    0.200 -2.154  3.5660  5.109    1  0.000  0.545     0.00     0.00     0.00     0.00     0.00 -1 -5.49e-16      0.00 7.462e-01 2.528e-01 1.798e-04 4.851e-05 4.400e-04 -1.000 1.000e-03 10.156 14.148 12.049 10.589 9.948 9.650 9.552
0.001 -1.19029 9.47712 0.2500000000 1.8403258324    0.250 -1.958  3.5776  5.056    1  0.000  0.545     0.00     0.00     0.00     0.00     0.00 -1  -8.2e-16      0.00 7.456e-01 2.534e-01 1.798e-04 4.851e-05 4.400e-04 -1.000 1.000e-03 9.664 13.446 11.410 10.015 9.446 9.169 9.076
0.001 -1.19029 9.47712 0.3000000417 1.9529141188    0.300 -1.800  3.5861  5.012    1  0.000  0.545     0.00     0.00     0.00     0.00     0.00 -1 -1.13e-15      0.00 7.454e-01 2.536e-01 1.798e-04 4.851e-05 4.400e-04 -1.000 1.000e-03 9.271 12.893 10.913 9.571 9.046 8.784 8.694
0.001 -1.19029 9.47712 0.3499999940 2.0434174538    0.350 -1.654  3.5930  4.960    1  0.000  0.545     0.00     0.00     0.00     0.00     0.00 -1 -1.56e-15      0.00 7.487e-01 2.503e-01 1.798e-04 4.851e-05 4.400e-04 -1.000 1.000e-03 8.905 12.404 10.468 9.171 8.676 8.425 8.339
0.001 -1.19029 9.47712 0.4000000060 2.1185026169    0.400 -1.513  3.6035  4.919    1  0.000  0.545     0.00     0.00     0.00     0.00     0.00 -1 -2.12e-15      0.00 7.489e-01 2.501e-01 1.798e-04 4.851e-05 4.400e-04 -1.000 1.000e-03 8.552 11.875 9.999 8.771 8.314 8.081 8.000
0.001 -1.19029 9.47712 0.4500000179 2.1822810173    0.450 -1.345  3.6190  4.864    1  0.000  0.545     0.00     0.00     0.00     0.00     0.00 -1 -3.13e-15      0.00 7.489e-01 2.501e-01 1.798e-04 4.851e-05 4.400e-04 -1.000 1.000e-03 8.133 11.218 9.420 8.293 7.886 7.677 7.603
0.001 -1.19029 9.47712 0.5000000000 2.2374541759    0.500 -1.157  3.6441  4.822    1  0.000  0.545     0.00     0.00     0.00     0.00     0.00 -1 -4.81e-15      0.00 7.489e-01 2.501e-01 1.798e-04 4.851e-05 4.400e-04 -1.000 1.000e-03 7.662 10.381 8.704 7.740 7.408 7.237 7.175
0.001 -1.19029 9.47712 0.5254970789 2.2622787952    0.525 -1.057  3.6592  4.804    1  0.000  0.545     0.00     0.00     0.00     0.00     0.00 -1 -6.02e-15      0.00 7.535e-01 2.455e-01 1.768e-04 4.769e-05 4.325e-04 -1.000 9.998e-04 7.412 9.901 8.312 7.445 7.154 7.006 6.952
0.001 -1.19029 9.47712 0.5500000715 2.2836585045    0.550 -0.965  3.6731  4.788    1  0.000  0.545     0.00     0.00     0.00     0.00     0.00 -1 -7.41e-15      0.00 7.579e-01 2.411e-01 1.738e-04 4.690e-05 4.253e-04 -1.000 9.990e-04 7.182 9.439 7.961 7.180 6.923 6.795 6.748
0.001 -1.19029 9.47712 0.6000000238 2.3211214542    0.600 -0.789  3.6977  4.748    1  0.000  0.545     0.00     0.00     0.00     0.00     0.00 -1 -1.11e-14      0.00 7.603e-01 2.387e-01 1.723e-04 4.648e-05 4.216e-04 -1.000 9.924e-04 6.743 8.589 7.342 6.693 6.485 6.389 6.356
0.001 -1.19029 9.47712 0.6142541766 2.3305251598    0.614 -0.739  3.7054  4.739    1  0.000  0.545     0.00     0.00     0.00     0.00     0.00 -1 -1.25e-14      0.00 7.611e-01 2.379e-01 1.718e-04 4.635e-05 4.204e-04 -1.000 9.679e-04 6.618 8.350 7.174 6.559 6.363 6.278 6.249
0.001 -1.19029 9.47712 0.6499999762 2.3520355225    0.650 -0.618  3.7241  4.718    1  0.000  0.545     0.00     0.00     0.00     0.00     0.00 -1 -1.64e-14      0.00 7.632e-01 2.358e-01 1.704e-04 4.599e-05 4.173e-04 -1.000 9.744e-04 6.316 7.796 6.779 6.241 6.076 6.011 5.993
0.001 -1.19029 9.47712 0.6616879702 2.3584916592    0.662 -0.580  3.7300  4.710    1  0.000  0.544     0.00     0.00     0.00     0.00     0.00 -1 -1.79e-14      0.00 7.640e-01 2.350e-01 1.699e-04 4.586e-05 4.160e-04 -1.000 9.913e-04 6.219 7.625 6.657 6.141 5.985 5.928 5.912
0.001 -1.19029 9.47712 0.6999999881 2.3779268265    0.700 -0.456  3.7488  4.687    1  0.000  0.544     0.00     0.00     0.00     0.00     0.00 -1 -2.38e-14      0.00 7.669e-01 2.322e-01 1.681e-04 4.538e-05 4.118e-04 -1.000 9.000e-04 5.911 7.116 6.280 5.833 5.704 5.667 5.660
0.001 -1.19029 9.47712 0.7349932194 2.3936576843    0.735 -0.348  3.7649  4.664    1  0.000  0.539     0.00     0.00     0.00     0.00     0.00 -1 -3.06e-14      0.00 7.703e-01 2.288e-01 1.644e-04 4.477e-05 4.067e-04 -1.000 9.345e-04 5.640 6.696 5.959 5.572 5.468 5.447 5.447
0.001 -1.19029 9.47712 0.7500000000 2.3998889923    0.750 -0.302  3.7715  4.653    1  0.000  0.537     0.00     0.00     0.00     0.00     0.00 -1  -3.4e-14      0.00 7.719e-01 2.272e-01 1.628e-04 4.448e-05 4.043e-04 -1.000 9.405e-04 5.526 6.529 5.828 5.464 5.371 5.357 5.359
0.001 -1.19029 9.47712 0.7536978126 2.4013807774    0.754 -0.291  3.7728  4.650    1  0.000  0.537     0.00     0.00     0.00     0.00     0.00 -1 -3.49e-14      0.00 7.726e-01 2.265e-01 1.623e-04 4.437e-05 4.033e-04 -1.000 9.366e-04 5.499 6.491 5.797 5.438 5.346 5.334 5.337
0.001 -1.19029 9.47712 0.7926750183 2.4161355495    0.792 -0.176  3.7861  4.610    1  0.000  0.536     0.00     0.00     0.00     0.00     0.00 -1 -4.65e-14      0.00 7.803e-01 2.188e-01 1.575e-04 4.307e-05 3.916e-04 -1.000 8.754e-04 5.211 6.111 5.478 5.166 5.094 5.095 5.103
0.001 -1.19029 9.47712 0.8000000119 2.4187245369    0.800 -0.155  3.7885  4.602    1  0.000  0.536     0.00     0.00     0.00     0.00     0.00 -1  -4.9e-14      0.00 7.820e-01 2.171e-01 1.565e-04 4.279e-05 3.891e-04 -1.000 8.593e-04 5.158 6.043 5.419 5.116 5.048 5.050 5.059
0.001 -1.19029 9.47712 0.8210228086 2.4258606434    0.821 -0.094  3.7950  4.579    1  0.000  0.536     0.00     0.00     0.00     0.00     0.00 -1 -5.71e-14      0.00 7.861e-01 2.130e-01 1.545e-04 4.226e-05 3.845e-04 -1.000 8.561e-04 5.006 5.854 5.253 4.972 4.914 4.923 4.934
0.001 -1.19029 9.47712 0.8500000238 2.4350347519    0.849 -0.012  3.8037  4.546    1  0.000  0.535     0.00     0.00     0.00     0.00     0.00 -1 -7.06e-14      0.00 7.913e-01 2.078e-01 1.522e-04 4.167e-05 3.793e-04 -1.000 9.000e-04 4.799 5.602 5.026 4.776 4.731 4.748 4.762
0.001 -1.19029 9.47712 0.8590559363 2.4377563000    0.858  0.014  3.8065  4.536    1  0.000  0.535     0.00     0.00     0.00     0.00     0.00 -1 -7.53e-14      0.00 7.913e-01 2.078e-01 1.524e-04 4.174e-05 3.800e-04 -1.000 9.000e-04 4.735 5.526 4.957 4.716 4.675 4.695 4.710
0.001 -1.19029 9.47712 0.8955883980 2.4480953217    0.895  0.116  3.8173  4.495    1  0.000  0.534     0.00     0.00     0.00     0.00     0.00 -1 -9.77e-14      0.00 7.907e-01 2.085e-01 1.537e-04 4.209e-05 3.834e-04 -1.000 8.914e-04 4.480 5.226 4.678 4.473 4.449 4.479 4.497
0.001 -1.19029 9.47712 0.8999999762 2.4492788315    0.899  0.128  3.8186  4.490    1  0.000  0.534     0.00     0.00     0.00     0.00     0.00 -1 -1.01e-13      0.00 7.905e-01 2.086e-01 1.538e-04 4.214e-05 3.838e-04 -1.000 8.868e-04 4.449 5.191 4.644 4.443 4.421 4.452 4.471
0.001 -1.19029 9.47712 0.9278569221 2.4564533234    0.927  0.205  3.8269  4.460    1  0.000  0.534     0.00     0.00     0.00     0.00     0.00 -1 -1.23e-13      0.00 7.910e-01 2.081e-01 1.536e-04 4.209e-05 3.833e-04 -1.000 8.564e-04 4.257 4.969 4.433 4.259 4.249 4.289 4.310
0.001 -1.19029 9.47712 0.9499999881 2.4618122578    0.949  0.266  3.8334  4.435    1  0.000  0.534     0.00     0.00     0.00     0.00     0.00 -1 -1.44e-13      0.00 7.910e-01 2.081e-01 1.536e-04 4.211e-05 3.835e-04 -1.000 9.000e-04 4.104 4.795 4.265 4.111 4.112 4.157 4.180
0.001 -1.19029 9.47712 0.9663002491 2.4655773640    0.966  0.311  3.8386  4.418    1  0.000  0.534     0.00     0.00     0.00     0.00     0.00 -1 -1.61e-13      0.00 7.908e-01 2.083e-01 1.537e-04 4.213e-05 3.837e-04 -1.000 8.973e-04 3.992 4.668 4.141 4.004 4.014 4.064 4.088
0.001 -1.19029 9.47712 0.9941729307 2.4716875553    0.994  0.388  3.8476  4.389    1  0.000  0.534     0.00     0.00     0.00     0.00     0.00 -1 -1.96e-13      0.00 7.903e-01 2.089e-01 1.540e-04 4.218e-05 3.841e-04 -1.000 8.427e-04 3.799 4.450 3.927 3.818 3.843 3.901 3.927
0.001 -1.19029 9.47712 1.0000000000 2.4729156494    1.000  0.405  3.8495  4.383    1  0.000  0.534     0.00     0.00     0.00     0.00     0.00 -1 -2.05e-13      0.00 7.902e-01 2.090e-01 1.540e-04 4.220e-05 3.843e-04 -1.000 8.353e-04 3.757 4.404 3.881 3.778 3.806 3.866 3.892
0.001 -1.19029 9.47712 1.0168485641 2.4763753414    1.016  0.452  3.8557  4.368    1  0.000  0.534     0.00     0.00     0.00     0.00     0.00 -1 -2.25e-13      0.00 7.905e-01 2.086e-01 1.538e-04 4.214e-05 3.838e-04 -1.000 8.402e-04 3.640 4.271 3.749 3.667 3.705 3.770 3.797
0.001 -1.19029 9.47712 1.0395176411 2.4808275700    1.039  0.517  3.8644  4.347    1  0.000  0.534     0.00     0.00     0.00     0.00     0.00 -1 -2.55e-13      0.00 7.909e-01 2.082e-01 1.536e-04 4.209e-05 3.834e-04 -1.000 8.952e-04 3.478 4.089 3.567 3.513 3.566 3.638 3.667
0.001 -1.19029 9.47712 1.0499999523 2.4828116894    1.049  0.547  3.8686  4.338    1  0.000  0.534     0.00     0.00     0.00     0.00     0.00 -1 -2.71e-13      0.00 7.910e-01 2.081e-01 1.535e-04 4.208e-05 3.832e-04 -1.000 8.922e-04 3.402 4.004 3.482 3.441 3.502 3.577 3.607
0.001 -1.19029 9.47712 1.0628544092 2.4851834774    1.062  0.583  3.8740  4.329    1  0.000  0.534     0.00     0.00     0.00     0.00     0.00 -1  -2.9e-13      0.00 7.914e-01 2.078e-01 1.534e-04 4.203e-05 3.828e-04 -1.000 8.469e-04 3.312 3.903 3.380 3.356 3.427 3.506 3.536
0.001 -1.19029 9.47712 1.0763480663 2.4876031876    1.075  0.621  3.8795  4.318    1  0.000  0.534     0.00     0.00     0.00     0.00     0.00 -1 -3.12e-13      0.00 7.917e-01 2.075e-01 1.532e-04 4.198e-05 3.824e-04 -1.000 8.370e-04 3.217 3.797 3.273 3.267 3.348 3.430 3.461
0.001 -1.19029 9.47712 1.0894114971 2.4898800850    1.088  0.657  3.8843  4.306    1  0.000  0.534     0.00     0.00     0.00     0.00     0.00 -1 -3.34e-13      0.00 7.919e-01 2.073e-01 1.531e-04 4.196e-05 3.822e-04 -1.000 8.813e-04 3.126 3.698 3.172 3.183 3.272 3.358 3.389
0.001 -1.19029 9.47712 1.0997160673 2.4916324615    1.098  0.685  3.8874  4.296    1  0.000  0.534     0.00     0.00     0.00     0.00     0.00 -1 -3.53e-13      0.00 7.919e-01 2.072e-01 1.531e-04 4.196e-05 3.822e-04 -1.000 9.000e-04 3.058 3.624 3.097 3.118 3.213 3.301 3.333
0.001 -1.19029 9.47712 1.1000000238 2.4916803837    1.099  0.685  3.8874  4.295    1  0.000  0.534     0.00     0.00     0.00     0.00     0.00 -1 -3.53e-13      0.00 7.919e-01 2.072e-01 1.531e-04 4.196e-05 3.822e-04 -1.000 8.999e-04 3.057 3.622 3.096 3.116 3.212 3.299 3.331
0.001 -1.19029 9.47712 1.1324855089 2.4969620705    1.131  0.770  3.8917  4.240    1  0.000  0.534     0.00     0.00     0.00     0.00     0.00 -1 -4.26e-13      0.00 7.922e-01 2.069e-01 1.529e-04 4.194e-05 3.818e-04 -1.000 8.737e-04 2.845 3.398 2.871 2.909 3.013 3.103 3.134
0.001 -1.19029 9.47712 1.1499999762 2.4996678829    1.149  0.816  3.8921  4.203    1  0.000  0.534     0.00     0.00     0.00     0.00     0.00 -1 -4.76e-13      0.00 7.923e-01 2.069e-01 1.529e-04 4.194e-05 3.817e-04 -1.000 8.300e-04 2.731 3.280 2.752 2.794 2.900 2.989 3.020
0.001 -1.19029 9.47712 1.1649365425 2.5019016266    1.164  0.857  3.8908  4.162    1  0.000  0.534     0.00     0.00     0.00     0.00     0.00 -1 -5.31e-13      0.00 7.923e-01 2.069e-01 1.530e-04 4.194e-05 3.817e-04 -1.000 8.303e-04 2.627 3.174 2.646 2.686 2.791 2.878 2.910
0.001 -1.19029 9.47712 1.1696608067 2.5025944710    1.168  0.875  3.8928  4.154    1  0.000  0.534     0.00     0.00     0.00     0.00     0.00 -1 -5.52e-13      0.00 7.922e-01 2.069e-01 1.530e-04 4.195e-05 3.818e-04 -1.000 8.336e-04 2.583 3.127 2.599 2.645 2.754 2.842 2.874
0.001 -1.19029 9.47712 1.1787595749 2.5039110184    1.177  0.918  3.9020  4.150    1  0.000  0.534     0.00     0.00     0.00     0.00     0.00 -1    -6e-13      0.00 7.921e-01 2.070e-01 1.531e-04 4.196e-05 3.819e-04 -1.000 8.807e-04 2.474 3.002 2.474 2.552 2.677 2.770 2.802
0.001 -1.19029 9.47712 1.1811853647 2.5042579174    1.180  0.942  3.9095  4.158    1  0.000  0.534     0.00     0.00     0.00     0.00     0.00 -1 -6.24e-13      0.00 7.921e-01 2.070e-01 1.531e-04 4.197e-05 3.819e-04 -1.000 8.999e-04 2.415 2.934 2.407 2.509 2.647 2.743 2.776
0.001 -1.19029 9.47712 1.1822032928 2.5044031143    1.181  0.961  3.9157  4.163    1  0.000  0.535     0.00     0.00     0.00     0.00     0.00 -1 -6.47e-13      0.00 7.920e-01 2.071e-01 1.531e-04 4.197e-05 3.820e-04 -1.000 9.000e-04 2.366 2.879 2.353 2.475 2.623 2.721 2.755
0.001 -1.19029 9.47712 1.1827713251 2.5044839382    1.181  0.978  3.9194  4.162    1  0.000  0.535     0.00     0.00     0.00     0.00     0.00 -1 -6.74e-13      0.00 7.920e-01 2.071e-01 1.532e-04 4.198e-05 3.820e-04 -1.000 9.000e-04 2.324 2.832 2.308 2.443 2.596 2.696 2.730
0.001 -1.19029 9.47712 1.1830817461 2.5045282841    1.182  0.983  3.9170  4.147    1  0.000  0.535     0.00     0.00     0.00     0.00     0.00 -1 -6.92e-13      0.00 7.920e-01 2.071e-01 1.532e-04 4.198e-05 3.821e-04 -1.000 9.000e-04 2.312 2.821 2.296 2.424 2.574 2.672 2.706
0.001 -1.19029 9.47712 1.1837588549 2.5046243668    1.182  0.994  3.9114  4.114    2  0.000  0.535     0.00     0.00     0.00     0.00     0.00 -1 -7.34e-13      0.00 7.919e-01 2.072e-01 1.532e-04 4.199e-05 3.821e-04 -1.000 9.000e-04 2.285 2.797 2.271 2.382 2.524 2.619 2.653
0.001 -1.19029 9.47712 1.1869786978 2.5050802231    1.186  1.018  3.9023  4.055    2  0.000  0.535     0.00     0.00     0.00     0.00     0.00 -1 -8.23e-13      0.00 7.918e-01 2.073e-01 1.533e-04 4.201e-05 3.823e-04 -1.000 8.999e-04 2.225 2.744 2.216 2.301 2.429 2.519 2.552
0.001 -1.19029 9.47712 1.1944512129 2.5061271191    1.193  1.055  3.8900  3.972    2  0.000  0.535     0.00     0.00     0.00     0.00     0.00 -1 -9.69e-13      0.00 7.914e-01 2.077e-01 1.535e-04 4.207e-05 3.828e-04 -1.000 9.000e-04 2.132 2.663 2.135 2.183 2.293 2.375 2.406
0.001 -1.19029 9.47712 1.2000000477 2.5068950653    1.199  1.084  3.8770  3.893    2  0.000  0.535     0.00     0.00     0.00     0.00     0.00 -1 -1.12e-12      0.00 7.911e-01 2.080e-01 1.537e-04 4.211e-05 3.832e-04 -1.000 9.000e-04 2.059 2.609 2.081 2.091 2.178 2.252 2.281
0.001 -1.19029 9.47712 1.2003818750 2.5069475174    1.199  1.086  3.8759  3.886    2  0.000  0.535     0.00     0.00     0.00     0.00     0.00 -1 -1.13e-12      0.00 7.911e-01 2.080e-01 1.537e-04 4.211e-05 3.832e-04 -1.000 9.000e-04 2.054 2.606 2.078 2.085 2.170 2.243 2.272
0.001 -1.19029 9.47712 1.2026972771 2.5072653294    1.201  1.099  3.8670  3.839    2  0.000  0.535     0.00     0.00     0.00     0.00     0.00 -1 -1.23e-12      0.00 7.910e-01 2.081e-01 1.538e-04 4.213e-05 3.834e-04 -1.000 9.000e-04 2.023 2.592 2.062 2.041 2.112 2.178 2.206
0.001 -1.19029 9.47712 1.2045525312 2.5075187683    1.203  1.109  3.8575  3.791    2  0.000  0.535     0.00     0.00     0.00     0.00     0.00 -1 -1.32e-12      0.00 7.909e-01 2.082e-01 1.538e-04 4.215e-05 3.835e-04 -1.000 8.999e-04 1.998 2.587 2.055 2.005 2.059 2.119 2.145
0.001 -1.19029 9.47712 1.2062190771 2.5077457428    1.205  1.118  3.8466  3.739    2  0.000  0.535     0.00     0.00     0.00     0.00     0.00 -1 -1.43e-12      0.00 7.908e-01 2.083e-01 1.539e-04 4.217e-05 3.837e-04 -1.000 8.999e-04 1.975 2.592 2.055 1.971 2.007 2.058 2.082
0.001 -1.19029 9.47712 1.2079023123 2.5079743862    1.206  1.126  3.8334  3.679    2  0.000  0.535     0.00     0.00     0.00     0.00     0.00 -1 -1.55e-12      0.00 7.907e-01 2.084e-01 1.539e-04 4.218e-05 3.838e-04 -1.000 9.000e-04 1.954 2.609 2.063 1.937 1.951 1.992 2.013
0.001 -1.19029 9.47712 1.2096730471 2.5082139969    1.208  1.134  3.8178  3.609    2  0.000  0.535     0.00     0.00     0.00     0.00     0.00 -1  -1.7e-12      0.00 7.906e-01 2.085e-01 1.540e-04 4.220e-05 3.839e-04 -1.000 9.000e-04 1.935 2.645 2.081 1.905 1.893 1.922 1.938
0.001 -1.19029 9.47712 1.2114868164 2.5084586143    1.210  1.138  3.8016  3.541    2  0.000  0.535     0.00     0.00     0.00     0.00     0.00 -1 -1.85e-12      0.00 7.904e-01 2.087e-01 1.541e-04 4.222e-05 3.841e-04 -1.000 9.000e-04 1.925 2.705 2.115 1.884 1.846 1.860 1.871
0.001 -1.19029 9.47712 1.2133072615 2.5087034702    1.212  1.134  3.7852  3.481    2  0.000  0.535     0.00     0.00     0.00     0.00     0.00 -1 -1.96e-12      0.00 7.885e-01 2.106e-01 1.551e-04 4.251e-05 3.867e-04 -1.000 9.000e-04 1.936 2.801 2.173 1.886 1.822 1.820 1.826
0.001 -1.19029 9.47712 1.2150352001 2.5089349747    1.214  1.118  3.7707  3.439    2  0.000  0.536     0.00     0.00     0.00     0.00     0.00 -1 -1.98e-12      0.00 7.767e-01 2.224e-01 1.617e-04 4.426e-05 4.023e-04 -1.000 9.119e-04 1.976 2.933 2.258 1.919 1.831 1.816 1.816
0.001 -1.19029 9.47712 1.2166943550 2.5091564655    1.215  1.098  3.7590  3.413    2  0.000  0.537     0.00     0.00     0.00     0.00     0.00 -1 -1.94e-12      0.00 7.620e-01 2.370e-01 1.699e-04 4.645e-05 4.218e-04 -1.000 9.909e-04 2.025 3.066 2.345 1.965 1.859 1.831 1.827
0.001 -1.19029 9.47712 1.2194447517 2.5095221996    1.218  1.108  3.7460  3.352    2  0.000  0.538     0.00     0.00     0.00     0.00     0.00 -1  -2.1e-12      0.00 7.549e-01 2.441e-01 1.737e-04 4.746e-05 4.307e-04 -1.000 9.606e-04 2.001 3.149 2.367 1.941 1.814 1.772 1.763
0.001 -1.19029 9.47712 1.2197048664 2.5095567703    1.218  1.113  3.7453  3.344    3  0.000  0.538     0.00     0.00     0.00     0.00     0.00 -1 -2.15e-12      0.00 7.545e-01 2.445e-01 1.738e-04 4.750e-05 4.310e-04 -1.000 9.058e-04 1.989 3.143 2.357 1.929 1.800 1.758 1.748
0.001 -1.19029 9.47712 1.2215604782 2.5098023415    1.220  1.154  3.7407  3.285    3  0.000  0.536     0.00     0.00     0.00     0.00     0.00 -1 -2.51e-12      0.00 7.518e-01 2.472e-01 1.741e-04 4.782e-05 4.328e-04 -1.000 9.924e-04 1.884 3.076 2.269 1.825 1.690 1.643 1.631
0.001 -1.19029 9.47712 1.2230917215 2.5100042820    1.222  1.196  3.7377  3.232    3  0.000  0.527     0.00     0.00     0.00     0.00     0.00 -1 -2.92e-12      0.00 7.491e-01 2.499e-01 1.715e-04 5.004e-05 4.340e-04 -1.000 1.000e-03 1.781 2.999 2.177 1.723 1.583 1.532 1.519
0.001 -1.19029 9.47712 1.2246341705 2.5102071762    1.223  1.242  3.7352  3.176    3  0.000  0.500     0.00     0.00     0.00     0.00     0.00 -1 -3.45e-12      0.00 7.460e-01 2.530e-01 1.631e-04 5.847e-05 4.348e-04 -1.000 1.000e-03 1.664 2.905 2.070 1.608 1.464 1.411 1.396
0.001 -1.19029 9.47712 1.2260460854 2.5103924274    1.224  1.289  3.7332  3.122    3  0.000  0.467     0.00     0.00     0.00     0.00     0.00 -1 -4.07e-12      0.00 7.429e-01 2.561e-01 1.524e-04 7.136e-05 4.354e-04 -1.000 1.000e-03 1.548 2.806 1.961 1.493 1.346 1.290 1.274
0.001 -1.19029 9.47712 1.2273464203 2.5105624199    1.226  1.336  3.7313  3.068    3  0.000  0.440     0.00     0.00     0.00     0.00     0.00 -1 -4.81e-12      0.00 7.398e-01 2.592e-01 1.438e-04 8.214e-05 4.358e-04 -1.000 9.552e-04 1.431 2.706 1.852 1.378 1.228 1.169 1.152
0.001 -1.19029 9.47712 1.2286008596 2.5107262135    1.227  1.383  3.7294  3.013    3  0.000  0.422     0.00     0.00     0.00     0.00     0.00 -1  -5.7e-12      0.00 7.369e-01 2.621e-01 1.379e-04 8.960e-05 4.361e-04 -1.000 1.000e-03 1.312 2.605 1.740 1.260 1.107 1.047 1.028
0.001 -1.19029 9.47712 1.2297409773 2.5108747482    1.228  1.430  3.7276  2.960    3  0.000  0.410     0.00     0.00     0.00     0.00     0.00 -1 -6.73e-12      0.00 7.347e-01 2.643e-01 1.343e-04 9.415e-05 4.364e-04 -1.000 1.000e-03 1.196 2.505 1.631 1.145 0.989 0.926 0.907
0.001 -1.19029 9.47712 1.2307413816 2.5110046864    1.229  1.474  3.7259  2.910    3  0.000  0.403     0.00     0.00     0.00     0.00     0.00 -1 -7.87e-12      0.00 7.332e-01 2.658e-01 1.320e-04 9.705e-05 4.365e-04 -1.000 1.000e-03 1.086 2.412 1.528 1.036 0.878 0.813 0.793
0.001 -1.19029 9.47712 1.2317019701 2.5111293793    1.230  1.519  3.7241  2.857    3  0.000  0.398     0.00     0.00     0.00     0.00     0.00 -1 -9.25e-12      0.00 7.320e-01 2.670e-01 1.305e-04 9.907e-05 4.366e-04 -1.000 1.000e-03 0.973 2.318 1.423 0.925 0.763 0.697 0.676
0.001 -1.19029 9.47712 1.2325755358 2.5112423897    1.231  1.563  3.7223  2.806    3  0.000  0.395     0.00     0.00     0.00     0.00     0.00 -1 -1.08e-11      0.00 7.311e-01 2.679e-01 1.294e-04 1.004e-04 4.367e-04 -1.000 1.000e-03 0.863 2.226 1.320 0.816 0.652 0.583 0.561
0.001 -1.19029 9.47712 1.2333638668 2.5113444328    1.231  1.605  3.7205  2.757    3  0.000  0.393     0.00     0.00     0.00     0.00     0.00 -1 -1.26e-11      0.00 7.306e-01 2.684e-01 1.287e-04 1.012e-04 4.367e-04 -1.000 1.000e-03 0.757 2.138 1.222 0.711 0.544 0.473 0.450
0.001 -1.19029 9.47712 1.2340829372 2.5114371777    1.232  1.647  3.7187  2.708    3  0.000  0.392     0.00     0.00     0.00     0.00     0.00 -1 -1.47e-11      0.00 7.303e-01 2.687e-01 1.283e-04 1.018e-04 4.367e-04 -1.000 1.000e-03 0.651 2.051 1.125 0.608 0.437 0.364 0.340
0.001 -1.19029 9.47712 1.2347617149 2.5115246773    1.233  1.692  3.7168  2.656    3  0.000  0.391     0.00     0.00     0.00     0.00     0.00 -1 -1.72e-11      0.00 7.300e-01 2.690e-01 1.280e-04 1.022e-04 4.368e-04 -1.000 1.000e-03 0.541 1.961 1.023 0.499 0.326 0.250 0.225
0.001 -1.19029 9.47712 1.2353737354 2.5116035938    1.233  1.734  3.7148  2.607    3  0.000  0.390     0.00     0.00     0.00     0.00     0.00 -1 -2.01e-11      0.00 7.299e-01 2.691e-01 1.278e-04 1.025e-04 4.368e-04 -1.000 1.000e-03 0.436 1.878 0.927 0.396 0.220 0.142 0.116
0.001 -1.19029 9.47712 1.2359446287 2.5116770267    1.234  1.775  3.7129  2.558    3  0.000  0.390     0.00     0.00     0.00     0.00     0.00 -1 -2.33e-11      0.00 7.298e-01 2.692e-01 1.277e-04 1.025e-04 4.368e-04 -1.000 1.000e-03 0.332 1.795 0.833 0.295 0.115 0.034 0.007
0.001 -1.19029 9.47712 1.2364530563 2.5117423534    1.234  1.815  3.7111  2.511    3  0.000  0.390     0.00     0.00     0.00     0.00     0.00 -1  -2.7e-11      0.00 7.298e-01 2.692e-01 1.277e-04 1.026e-04 4.368e-04 -1.000 1.000e-03 0.233 1.716 0.743 0.198 0.015 -0.068 -0.096
0.001 -1.19029 9.47712 1.2369285822 2.5118033886    1.235  1.854  3.7091  2.464    3  0.000  0.390     0.00     0.00     0.00     0.00     0.00 -1 -3.12e-11      0.00 7.298e-01 2.692e-01 1.277e-04 1.026e-04 4.368e-04 -1.000 1.000e-03 0.134 1.640 0.653 0.100 -0.086 -0.171 -0.200
0.001 -1.19029 9.47712 1.2373683453 2.5118598938    1.235  1.894  3.7073  2.417    3  0.000  0.390     0.00     0.00     0.00     0.00     0.00 -1  -3.6e-11      0.00 7.298e-01 2.692e-01 1.276e-04 1.027e-04 4.368e-04 -1.000 1.000e-03 0.036 1.567 0.564 0.004 -0.185 -0.273 -0.303
0.001 -1.19029 9.47712 1.2377854586 2.5119132996    1.235  1.933  3.7052  2.370    3  0.000  0.389     0.00     0.00     0.00     0.00     0.00 -1 -4.16e-11      0.00 7.298e-01 2.692e-01 1.276e-04 1.027e-04 4.368e-04 -1.000 1.000e-03 -0.063 1.496 0.476 -0.093 -0.285 -0.375 -0.407
0.001 -1.19029 9.47712 1.2381614447 2.5119614601    1.235  1.971  3.7033  2.324    3  0.000  0.389     0.00     0.00     0.00     0.00     0.00 -1 -4.77e-11      0.00 7.298e-01 2.692e-01 1.276e-04 1.028e-04 4.368e-04 -1.000 1.000e-03 -0.157 1.427 0.392 -0.185 -0.381 -0.474 -0.506
0.001 -1.19029 9.47712 1.2385239601 2.5120079517    1.236  2.008  3.7014  2.279    3  0.000  0.389     0.00     0.00     0.00     0.00     0.00 -1 -5.48e-11      0.00 7.298e-01 2.692e-01 1.275e-04 1.028e-04 4.368e-04 -1.000 9.999e-04 -0.251 1.360 0.308 -0.277 -0.477 -0.571 -0.605
0.001 -1.19029 9.47712 1.2388764620 2.5120530128    1.236  2.044  3.6995  2.236    3  0.000  0.389     0.00     0.00     0.00     0.00     0.00 -1 -6.25e-11      0.00 7.298e-01 2.692e-01 1.275e-04 1.028e-04 4.368e-04 -1.000 9.999e-04 -0.340 1.296 0.229 -0.364 -0.567 -0.664 -0.698
0.001 -1.19029 9.47712 1.2392854691 2.5121054649    1.236  2.077  3.6978  2.197    3  0.000  0.389     0.00     0.00     0.00     0.00     0.00 -1 -7.06e-11      0.00 7.298e-01 2.692e-01 1.275e-04 1.029e-04 4.368e-04 -1.000 1.000e-03 -0.421 1.240 0.158 -0.443 -0.649 -0.748 -0.783
0.001 -1.19029 9.47712 1.2394381762 2.5121247768    1.236  2.084  3.6974  2.188    3  0.000  0.389     0.00     0.00     0.00     0.00     0.00 -1 -7.29e-11      0.00 7.297e-01 2.693e-01 1.275e-04 1.029e-04 4.368e-04 -1.000 1.000e-03 -0.440 1.226 0.142 -0.461 -0.668 -0.767 -0.803
0.001 -1.19029 9.47712 1.2397214174 2.5121610165    1.236  2.057  3.6991  2.222    3  0.000  0.389     0.00     0.00     0.00     0.00     0.00 -1 -6.64e-11      0.00 7.297e-01 2.693e-01 1.274e-04 1.029e-04 4.368e-04 -1.000 1.000e-03 -0.373 1.269 0.199 -0.396 -0.600 -0.697 -0.732
0.001 -1.19029 9.47712 1.2399289608 2.5121874809    1.236  2.026  3.7011  2.261    3  0.000  0.389     0.00     0.00     0.00     0.00     0.00 -1 -5.92e-11      0.00 7.297e-01 2.693e-01 1.274e-04 1.029e-04 4.368e-04 -1.000 1.000e-03 -0.294 1.320 0.266 -0.321 -0.520 -0.616 -0.649
0.001 -1.19029 9.47712 1.2399766445 2.5121936798    1.236  2.031  3.7008  2.255    3  0.000  0.389     0.00     0.00     0.00     0.00     0.00 -1 -5.99e-11      0.00 7.297e-01 2.693e-01 1.274e-04 1.030e-04 4.368e-04 -1.000 1.000e-03 -0.307 1.311 0.255 -0.333 -0.534 -0.629 -0.662
0.001 -1.19029 9.47712 1.2402827740 2.5122327805    1.237  2.072  3.6985  2.204    3  0.000  0.389     0.00     0.00     0.00     0.00     0.00 -1  -6.9e-11      0.00 7.297e-01 2.693e-01 1.274e-04 1.030e-04 4.368e-04 -1.000 1.000e-03 -0.410 1.240 0.165 -0.433 -0.637 -0.736 -0.770
0.001 -1.19029 9.47712 1.2405841351 2.5122711658    1.237  2.113  3.6963  2.155    3  0.000  0.389     0.00     0.00     0.00     0.00     0.00 -1 -8.03e-11      0.00 7.297e-01 2.693e-01 1.274e-04 1.030e-04 4.368e-04 -1.000 1.000e-03 -0.512 1.170 0.075 -0.532 -0.741 -0.842 -0.878
0.001 -1.19029 9.47712 1.2408785820 2.5123085976    1.237  2.155  3.6939  2.103    3  0.000  0.389     0.00     0.00     0.00     0.00     0.00 -1 -9.38e-11      0.00 7.297e-01 2.693e-01 1.273e-04 1.030e-04 4.368e-04 -1.000 1.000e-03 -0.618 1.099 -0.016 -0.634 -0.847 -0.951 -0.988
0.001 -1.19029 9.47712 1.2411471605 2.5123429298    1.237  2.196  3.6917  2.053    3  0.000  0.389     0.00     0.00     0.00     0.00     0.00 -1 -1.09e-10      0.00 7.297e-01 2.693e-01 1.273e-04 1.031e-04 4.368e-04 -1.000 1.000e-03 -0.720 1.029 -0.105 -0.733 -0.950 -1.057 -1.095
0.001 -1.19029 9.47712 1.2414009571 2.5123751163    1.237  2.237  3.6892  2.002    3  0.000  0.389     0.00     0.00     0.00     0.00     0.00 -1 -1.27e-10      0.00 7.297e-01 2.693e-01 1.273e-04 1.031e-04 4.368e-04 -1.000 1.000e-03 -0.823 0.963 -0.193 -0.832 -1.053 -1.164 -1.204
0.001 -1.19029 9.47712 1.2416311502 2.5124044418    1.237  2.277  3.6869  1.952    3  0.000  0.388     0.00     0.00     0.00     0.00     0.00 -1 -1.48e-10      0.00 7.297e-01 2.693e-01 1.273e-04 1.031e-04 4.368e-04 -1.000 1.000e-03 -0.924 0.904 -0.277 -0.928 -1.154 -1.267 -1.309
0.001 -1.19029 9.47712 1.2418484688 2.5124320984    1.237  2.318  3.6844  1.902    3  0.000  0.388     0.00     0.00     0.00     0.00     0.00 -1 -1.72e-10      0.00 7.297e-01 2.693e-01 1.273e-04 1.032e-04 4.368e-04 -1.000 1.000e-03 -1.025 0.853 -0.361 -1.026 -1.256 -1.372 -1.415
0.001 -1.19029 9.47712 1.2420481443 2.5124576092    1.237  2.358  3.6820  1.853    3  0.000  0.388     0.00     0.00     0.00     0.00     0.00 -1    -2e-10      0.00 7.297e-01 2.693e-01 1.272e-04 1.032e-04 4.368e-04 -1.000 1.000e-03 -1.124 0.807 -0.443 -1.123 -1.357 -1.476 -1.521
0.001 -1.19029 9.47712 1.2422304153 2.5124807358    1.237  2.396  3.6795  1.804    3  0.000  0.388     0.00     0.00     0.00     0.00     0.00 -1 -2.31e-10      0.00 7.297e-01 2.693e-01 1.272e-04 1.032e-04 4.368e-04 -1.000 1.000e-03 -1.221 0.767 -0.521 -1.218 -1.455 -1.578 -1.624
0.001 -1.19029 9.47712 1.2424000502 2.5125021935    1.237  2.435  3.6771  1.756    3  0.000  0.388     0.00     0.00     0.00     0.00     0.00 -1 -2.67e-10      0.00 7.297e-01 2.693e-01 1.272e-04 1.032e-04 4.368e-04 -1.000 1.000e-03 -1.317 0.729 -0.597 -1.312 -1.553 -1.678 -1.726
0.001 -1.19029 9.47712 1.2425585985 2.5125224590    1.237  2.473  3.6746  1.707    3  0.000  0.388     0.00     0.00     0.00     0.00     0.00 -1 -3.08e-10      0.00 7.297e-01 2.693e-01 1.272e-04 1.032e-04 4.368e-04 -1.000 1.000e-03 -1.413 0.695 -0.672 -1.405 -1.650 -1.779 -1.829
0.001 -1.19029 9.47712 1.2427042723 2.5125408173    1.236  2.511  3.6722  1.660    3  0.000  0.388     5.66     4.47     3.24     2.45     1.99  4 -3.55e-10      0.00 7.297e-01 2.693e-01 1.272e-04 1.032e-04 4.368e-04 -1.000 1.000e-03 -1.508 0.661 -0.746 -1.497 -1.746 -1.877 -1.929
0.001 -1.19029 9.47712 1.2428385019 2.5125579834    1.236  2.548  3.6697  1.613    3  0.000  0.388     6.24     4.87     3.51     2.67     2.16  4 -4.09e-10      0.00 7.297e-01 2.693e-01 1.272e-04 1.033e-04 4.368e-04 -1.000 1.000e-03 -1.600 0.636 -0.816 -1.586 -1.839 -1.974 -2.027
0.001 -1.19029 9.47712 1.2429672480 2.5125741959    1.236  2.586  3.6672  1.565    3  0.000  0.388     6.88     5.31     3.81     2.90     2.35  4 -4.71e-10      0.00 7.297e-01 2.693e-01 1.272e-04 1.033e-04 4.368e-04 -1.000 1.000e-03 -1.694 0.612 -0.885 -1.676 -1.934 -2.071 -2.126
0.001 -1.19029 9.47712 1.2430840731 2.5125892162    1.235  2.622  3.6647  1.519    3  0.000  0.388     7.57     5.77     4.13     3.14     2.55  4 -5.41e-10      0.00 7.297e-01 2.693e-01 1.272e-04 1.033e-04 4.368e-04 -1.000 1.000e-03 -1.785 0.593 -0.951 -1.762 -2.024 -2.165 -2.222
0.001 -1.19029 9.47712 1.2431948185 2.5126032829    1.235  2.659  3.6621  1.472    3  0.000  0.388     8.34     6.28     4.48     3.41     2.77  4 -6.22e-10      0.00 7.297e-01 2.693e-01 1.271e-04 1.033e-04 4.368e-04 -1.000 1.000e-03 -1.877 0.580 -1.015 -1.848 -2.116 -2.260 -2.319
0.001 -1.19029 9.47712 1.2432953119 2.5126159191    1.235  2.694  3.6597  1.426    3  0.000  0.388     9.16     6.82     4.84     3.70     3.00  4 -7.11e-10      0.00 7.297e-01 2.693e-01 1.271e-04 1.033e-04 4.368e-04 -1.000 1.000e-03 -1.965 0.573 -1.076 -1.932 -2.204 -2.352 -2.413
0.001 -1.19029 9.47712 1.2433909178 2.5126280785    1.234  2.730  3.6571  1.380    3  0.000  0.388    10.06     7.41     5.24     4.00     3.25  4 -8.13e-10      0.00 7.297e-01 2.693e-01 1.271e-04 1.033e-04 4.368e-04 -1.000 1.000e-03 -2.054 0.567 -1.134 -2.012 -2.290 -2.442 -2.505
0.001 -1.19029 9.47712 1.2434794903 2.5126392841    1.234  2.765  3.6546  1.335    3  0.000  0.388    11.04     8.04     5.67     4.34     3.52  4  -9.3e-10      0.00 7.297e-01 2.693e-01 1.271e-04 1.033e-04 4.368e-04 -1.000 1.000e-03 -2.142 0.552 -1.192 -2.090 -2.374 -2.530 -2.595
0.001 -1.19029 9.47712 1.2435625792 2.5126497746    1.233  2.799  3.6522  1.290    3  0.000  0.388    12.10     8.72     6.12     4.69     3.81  3 -1.06e-09      0.00 7.297e-01 2.693e-01 1.271e-04 1.033e-04 4.368e-04 -1.000 1.000e-03 -2.229 0.536 -1.251 -2.167 -2.458 -2.618 -2.685
0.001 -1.19029 9.47712 1.2436422110 2.5126600266    1.233  2.835  3.6495  1.244    3  0.000  0.388    13.30     9.48     6.63     5.08     4.13  3 -1.22e-09      0.00 7.296e-01 2.694e-01 1.271e-04 1.033e-04 4.369e-04 -1.000 1.000e-03 -2.317 0.524 -1.308 -2.245 -2.543 -2.707 -2.776
0.001 -1.19029 9.47712 1.2437318563 2.5126712322    1.232  2.877  3.6463  1.189    3  0.000  0.388    14.90    10.47     7.29     5.60     4.55  3 -1.43e-09      0.00 7.296e-01 2.694e-01 1.271e-04 1.033e-04 4.369e-04 -1.000 1.000e-03 -2.422 0.511 -1.374 -2.336 -2.642 -2.811 -2.883
0.001 -1.19029 9.47712 1.2438147068 2.5126817226    1.231  2.919  3.6432  1.134    3  0.000  0.388    16.66    11.55     8.01     6.16     5.01  3 -1.68e-09      0.00 7.296e-01 2.694e-01 1.271e-04 1.034e-04 4.369e-04 -1.000 1.000e-03 -2.527 0.498 -1.441 -2.427 -2.741 -2.916 -2.990
0.001 -1.19029 9.47712 1.2438771725 2.5126895905    1.231  2.952  3.6407  1.091    3  0.000  0.388    18.22    12.49     8.63     6.65     5.40  3 -1.91e-09      0.00 7.296e-01 2.694e-01 1.271e-04 1.034e-04 4.369e-04 -1.000 9.999e-04 -2.610 0.490 -1.493 -2.498 -2.819 -2.998 -3.075
0.001 -1.19029 9.47712 1.2439494133 2.5126988888    1.230  2.993  3.6375  1.037    3  0.000  0.388    20.35    13.77     9.47     7.30     5.94  3 -2.24e-09      0.00 7.296e-01 2.694e-01 1.271e-04 1.034e-04 4.369e-04 -1.000 1.000e-03 -2.712 0.484 -1.553 -2.584 -2.913 -3.099 -3.177
0.001 -1.19029 9.47712 1.2440154552 2.5127072334    1.228  3.033  3.6345  0.985    3  0.000  0.388    22.66    15.13    10.37     8.01     6.51  3 -2.62e-09      0.00 7.296e-01 2.694e-01 1.271e-04 1.034e-04 4.369e-04 -1.000 1.000e-03 -2.811 0.481 -1.610 -2.667 -3.005 -3.197 -3.278
0.001 -1.19029 9.47712 1.2440772057 2.5127151012    1.227  3.072  3.6314  0.932    3  0.000  0.388    25.23    16.63    11.34     8.77     7.14  2 -3.05e-09      0.00 7.296e-01 2.694e-01 1.271e-04 1.034e-04 4.369e-04 -1.000 1.000e-03 -2.910 0.485 -1.663 -2.748 -3.097 -3.294 -3.378
0.001 -1.19029 9.47712 1.2441251278 2.5127210617    1.226  3.104  3.6289  0.890    3  0.000  0.388    27.53    17.95    12.21     9.45     7.69  2 -3.46e-09      0.00 7.296e-01 2.694e-01 1.271e-04 1.034e-04 4.369e-04 -1.000 1.000e-03 -2.991 0.487 -1.704 -2.814 -3.171 -3.373 -3.459
0.001 -1.19029 9.47712 1.2441788912 2.5127279758    1.225  3.142  3.6259  0.839    3  0.000  0.388    30.53    19.66    13.31    10.32     8.40  2 -4.02e-09      0.00 7.296e-01 2.694e-01 1.271e-04 1.034e-04 4.369e-04 -1.000 1.000e-03 -3.086 0.492 -1.751 -2.890 -3.257 -3.466 -3.554
0.001 -1.19029 9.47712 1.2442295551 2.5127344131    1.223  3.180  3.6228  0.789    3  0.000  0.388    33.87    21.54    14.52    11.27     9.18  2 -4.66e-09      0.00 7.296e-01 2.694e-01 1.271e-04 1.034e-04 4.369e-04 -1.000 1.000e-03 -3.180 0.499 -1.796 -2.964 -3.342 -3.557 -3.648
0.001 -1.19029 9.47712 1.2442773581 2.5127403736    1.222  3.218  3.6197  0.738    3  0.000  0.388    37.57    23.60    15.84    12.32    10.03  2 -5.41e-09      0.00 7.296e-01 2.694e-01 1.271e-04 1.034e-04 4.369e-04 -1.000 1.000e-03 -3.274 0.506 -1.841 -3.039 -3.427 -3.649 -3.743
0.001 -1.19029 9.47712 1.2443223000 2.5127460957    1.220  3.255  3.6168  0.688    3  0.000  0.388    41.60    25.80    17.26    13.43    10.94  2 -6.27e-09      0.00 7.296e-01 2.694e-01 1.271e-04 1.034e-04 4.369e-04 -1.000 9.999e-04 -3.367 0.510 -1.883 -3.111 -3.510 -3.738 -3.835
0.001 -1.19029 9.47712 1.2443641424 2.5127513409    1.218  3.289  3.6141  0.643    3  0.000  0.388    45.69    28.02    18.67    14.55    11.85  2 -7.19e-09      0.00 7.296e-01 2.694e-01 1.271e-04 1.034e-04 4.369e-04 -1.000 1.000e-03 -3.453 0.514 -1.922 -3.177 -3.587 -3.821 -3.919
0.001 -1.19029 9.47712 1.2443886995 2.5127544403    1.217  3.309  3.6125  0.616    3  0.000  0.388    48.23    29.38    19.53    15.23    12.41  2 -7.79e-09      0.00 7.296e-01 2.694e-01 1.271e-04 1.034e-04 4.369e-04 -1.000 1.000e-03 -3.502 0.516 -1.944 -3.215 -3.631 -3.868 -3.968
0.001 -1.19029 9.47712 1.2443886995 2.5127544403    1.217  1.884  3.7313  2.517    4  0.000  0.388     0.00     0.00     0.00     0.00     0.00 -1    -1e-30      0.00 7.263e-01 2.727e-01 1.280e-04 1.042e-04 4.403e-04 -1.000 1.000e-03 0.061 1.325 0.475 0.009 -0.140 -0.200 -0.217
0.001 -1.19029 9.47712 1.2447686195 2.5128026009    1.217  1.894  3.7300  2.501    4  0.000  0.388     0.00     0.00     0.00     0.00     0.00 -1    -1e-30      0.00 7.263e-01 2.727e-01 1.280e-04 1.043e-04 4.403e-04 -1.000 1.000e-03 0.035 1.311 0.455 -0.016 -0.168 -0.229 -0.247
0.001 -1.19029 9.47712 1.2451068163 2.5128452778    1.217  1.899  3.7295  2.495    4  0.000  0.388     0.00     0.00     0.00     0.00     0.00 -1    -1e-30      0.00 7.263e-01 2.727e-01 1.280e-04 1.043e-04 4.403e-04 -1.000 1.000e-03 0.023 1.305 0.445 -0.028 -0.180 -0.241 -0.260
0.001 -1.19029 9.47712 1.2454464436 2.5128881931    1.218  1.902  3.7294  2.491    4  0.000  0.388     0.00     0.00     0.00     0.00     0.00 -1    -1e-30      0.00 7.263e-01 2.727e-01 1.280e-04 1.043e-04 4.403e-04 -1.000 1.000e-03 0.014 1.297 0.436 -0.037 -0.189 -0.251 -0.270
0.001 -1.19029 9.47712 1.2457954884 2.5129323006    1.218  1.906  3.7295  2.488    4  0.000  0.387     0.00     0.00     0.00     0.00     0.00 -1    -1e-30      0.00 7.263e-01 2.727e-01 1.279e-04 1.043e-04 4.403e-04 -1.000 9.999e-04 0.006 1.287 0.428 -0.045 -0.197 -0.259 -0.277
0.001 -1.19029 9.47712 1.2461420298 2.5129761696    1.219  1.908  3.7298  2.487    4  0.000  0.387     0.00     0.00     0.00     0.00     0.00 -1    -1e-30      0.00 7.263e-01 2.727e-01 1.279e-04 1.043e-04 4.403e-04 -1.000 1.000e-03 -0.001 1.278 0.419 -0.052 -0.204 -0.265 -0.284
0.001 -1.19029 9.47712 1.2464891672 2.5130198002    1.219  1.911  3.7301  2.486    4  0.000  0.387     0.00     0.00     0.00     0.00     0.00 -1    -1e-30      0.00 7.263e-01 2.727e-01 1.279e-04 1.044e-04 4.403e-04 -1.000 1.000e-03 -0.007 1.268 0.411 -0.059 -0.210 -0.271 -0.289
0.001 -1.19029 9.47712 1.2468651533 2.5130672455    1.219  1.914  3.7305  2.485    4  0.000  0.387     0.00     0.00     0.00     0.00     0.00 -1    -1e-30      0.00 7.263e-01 2.727e-01 1.279e-04 1.044e-04 4.403e-04 -1.000 1.000e-03 -0.014 1.257 0.403 -0.066 -0.216 -0.277 -0.295
0.001 -1.19029 9.47712 1.2472093105 2.5131106377    1.220  1.916  3.7309  2.484    4  0.000  0.387     0.00     0.00     0.00     0.00     0.00 -1    -1e-30      0.00 7.263e-01 2.727e-01 1.279e-04 1.044e-04 4.403e-04 -1.000 1.000e-03 -0.020 1.248 0.395 -0.073 -0.222 -0.283 -0.301
0.001 -1.19029 9.47712 1.2475730181 2.5131564140    1.220  1.919  3.7312  2.482    4  0.000  0.387     0.00     0.00     0.00     0.00     0.00 -1    -1e-30      0.00 7.263e-01 2.727e-01 1.278e-04 1.044e-04 4.403e-04 -1.000 1.000e-03 -0.027 1.237 0.387 -0.080 -0.229 -0.288 -0.306
0.001 -1.19029 9.47712 1.2479339838 2.5132019520    1.221  1.922  3.7315  2.481    4  0.000  0.387     0.00     0.00     0.00     0.00     0.00 -1    -1e-30      0.00 7.263e-01 2.727e-01 1.278e-04 1.044e-04 4.403e-04 -1.000 1.000e-03 -0.034 1.227 0.378 -0.087 -0.236 -0.295 -0.313
0.001 -1.19029 9.47712 1.2482864857 2.5132462978    1.221  1.924  3.7318  2.480    4  0.000  0.387     0.00     0.00     0.00     0.00     0.00 -1    -1e-30      0.00 7.263e-01 2.727e-01 1.278e-04 1.045e-04 4.403e-04 -1.000 1.000e-03 -0.041 1.218 0.370 -0.094 -0.242 -0.301 -0.319
0.001 -1.19029 9.47712 1.2486475706 2.5132915974    1.221  1.927  3.7322  2.478    4  0.000  0.387     0.00     0.00     0.00     0.00     0.00 -1    -1e-30      0.00 7.263e-01 2.727e-01 1.278e-04 1.045e-04 4.403e-04 -1.000 1.000e-03 -0.048 1.208 0.362 -0.101 -0.249 -0.307 -0.325
0.001 -1.19029 9.47712 1.2489935160 2.5133349895    1.222  1.930  3.7324  2.477    4  0.000  0.387     0.00     0.00     0.00     0.00     0.00 -1    -1e-30      0.00 7.263e-01 2.727e-01 1.278e-04 1.045e-04 4.403e-04 -1.000 1.000e-03 -0.055 1.198 0.354 -0.108 -0.255 -0.313 -0.331
0.001 -1.19029 9.47712 1.2493612766 2.5133812428    1.222  1.933  3.7327  2.475    4  0.000  0.387     0.00     0.00     0.00     0.00     0.00 -1    -1e-30      0.00 7.263e-01 2.727e-01 1.278e-04 1.045e-04 4.403e-04 -1.000 1.000e-03 -0.062 1.188 0.345 -0.115 -0.262 -0.320 -0.337
0.001 -1.19029 9.47712 1.2497277260 2.5134270191    1.223  1.936  3.7330  2.474    4  0.000  0.387     0.00     0.00     0.00     0.00     0.00 -1    -1e-30      0.00 7.263e-01 2.727e-01 1.277e-04 1.045e-04 4.403e-04 -1.000 1.000e-03 -0.069 1.179 0.337 -0.123 -0.269 -0.326 -0.343
0.001 -1.19029 9.47712 1.2498513460 2.5134425163    1.223  1.937  3.7331  2.473    4  0.000  0.387     0.00     0.00     0.00     0.00     0.00 -1    -1e-30      0.00 7.263e-01 2.727e-01 1.277e-04 1.046e-04 4.403e-04 -1.000 1.000e-03 -0.071 1.176 0.334 -0.125 -0.271 -0.329 -0.346
0.001 -1.19029 9.47712 1.2500185966 2.5134634972    1.223  1.938  3.7332  2.472    4  0.000  0.387     0.00     0.00     0.00     0.00     0.00 -1    -1e-30      0.00 7.263e-01 2.727e-01 1.277e-04 1.046e-04 4.403e-04 -1.000 1.000e-03 -0.075 1.171 0.331 -0.128 -0.274 -0.332 -0.349
0.001 -1.19029 9.47712 1.2503894567 2.5135099888    1.223  1.941  3.7334  2.470    4  0.000  0.387     0.00     0.00     0.00     0.00     0.00 -1    -1e-30      0.00 7.263e-01 2.727e-01 1.277e-04 1.046e-04 4.403e-04 -1.000 1.000e-03 -0.082 1.162 0.322 -0.136 -0.281 -0.338 -0.355
0.001 -1.19029 9.47712 1.2507449389 2.5135545731    1.224  1.943  3.7336  2.469    4  0.000  0.387     0.00     0.00     0.00     0.00     0.00 -1    -1e-30      0.00 7.263e-01 2.727e-01 1.277e-04 1.046e-04 4.403e-04 -1.000 1.000e-03 -0.089 1.154 0.315 -0.143 -0.288 -0.345 -0.362
0.001 -1.19029 9.47712 1.2511160374 2.5136008263    1.224  1.946  3.7337  2.466    4  0.000  0.387     0.00     0.00     0.00     0.00     0.00 -1    -1e-30      0.00 7.263e-01 2.727e-01 1.277e-04 1.046e-04 4.403e-04 -1.000 1.000e-03 -0.096 1.145 0.307 -0.150 -0.295 -0.352 -0.368
0.001 -1.19029 9.47712 1.2514877319 2.5136473179    1.225  1.949  3.7339  2.464    4  0.000  0.387     0.00     0.00     0.00     0.00     0.00 -1    -1e-30      0.00 7.264e-01 2.726e-01 1.276e-04 1.047e-04 4.402e-04 -1.000 1.000e-03 -0.103 1.137 0.299 -0.157 -0.302 -0.359 -0.375
0.001 -1.19029 9.47712 1.2518572807 2.5136935711    1.225  1.952  3.7340  2.462    4  0.000  0.387     0.00     0.00     0.00     0.00     0.00 -1    -1e-30      0.00 7.264e-01 2.726e-01 1.276e-04 1.047e-04 4.402e-04 -1.000 1.000e-03 -0.110 1.129 0.291 -0.164 -0.309 -0.366 -0.382
0.001 -1.19029 9.47712 1.2522344589 2.5137405396    1.225  1.955  3.7340  2.459    4  0.000  0.386     0.00     0.00     0.00     0.00     0.00 -1    -1e-30      0.00 7.264e-01 2.726e-01 1.276e-04 1.047e-04 4.402e-04 -1.000 1.000e-03 -0.118 1.121 0.284 -0.172 -0.317 -0.373 -0.390
0.001 -1.19029 9.47712 1.2524920702 2.5137727261    1.226  1.957  3.7340  2.457    4  0.000  0.386     0.00     0.00     0.00     0.00     0.00 -1    -1e-30      0.00 7.264e-01 2.726e-01 1.276e-04 1.047e-04 4.402e-04 -1.000 1.000e-03 -0.123 1.116 0.279 -0.177 -0.321 -0.378 -0.395
0.001 -1.19029 9.47712 1.2525832653 2.5137841702    1.226  1.958  3.7339  2.456    4  0.000  0.386     0.00     0.00     0.00     0.00     0.00 -1    -1e-30      0.00 7.264e-01 2.726e-01 1.276e-04 1.047e-04 4.402e-04 -1.000 1.000e-03 -0.124 1.115 0.277 -0.179 -0.323 -0.380 -0.397
0.001 -1.19029 9.47712 1.2529098988 2.5138249397    1.226  1.960  3.7338  2.453    4  0.000  0.386     0.00     0.00     0.00     0.00     0.00 -1    -1e-30      0.00 7.264e-01 2.726e-01 1.276e-04 1.047e-04 4.402e-04 -1.000 1.000e-03 -0.131 1.109 0.271 -0.186 -0.330 -0.387 -0.404
0.001 -1.19029 9.47712 1.2532302141 2.5138647556    1.226  1.963  3.7337  2.450    4  0.000  0.386     0.00     0.00     0.00     0.00     0.00 -1    -1e-30      0.00 7.264e-01 2.726e-01 1.276e-04 1.048e-04 4.402e-04 -1.000 1.000e-03 -0.138 1.104 0.264 -0.192 -0.337 -0.394 -0.411
0.001 -1.19029 9.47712 1.2535656691 2.5139064789    1.227  1.966  3.7335  2.446    4  0.000  0.386     0.00     0.00     0.00     0.00     0.00 -1    -1e-30      0.00 7.264e-01 2.726e-01 1.275e-04 1.048e-04 4.402e-04 -1.000 1.000e-03 -0.145 1.099 0.258 -0.200 -0.345 -0.402 -0.419
0.001 -1.19029 9.47712 1.2539039850 2.5139486790    1.227  1.969  3.7330  2.442    4  0.000  0.386     0.00     0.00     0.00     0.00     0.00 -1    -1e-30      0.00 7.264e-01 2.726e-01 1.275e-04 1.048e-04 4.402e-04 -1.000 1.000e-03 -0.154 1.094 0.251 -0.208 -0.354 -0.412 -0.429
0.001 -1.19029 9.47712 1.2542246580 2.5139884949    1.228  1.973  3.7325  2.436    4  0.000  0.386     0.00     0.00     0.00     0.00     0.00 -1    -1e-30      0.00 7.264e-01 2.726e-01 1.275e-04 1.048e-04 4.402e-04 -1.000 1.000e-03 -0.162 1.091 0.245 -0.217 -0.363 -0.421 -0.439
0.001 -1.19029 9.47712 1.2545529604 2.5140292645    1.228  1.977  3.7319  2.430    4  0.000  0.386     0.00     0.00     0.00     0.00     0.00 -1    -1e-30      0.00 7.264e-01 2.726e-01 1.275e-04 1.048e-04 4.402e-04 -1.000 1.000e-03 -0.172 1.087 0.238 -0.226 -0.374 -0.433 -0.450
0.001 -1.19029 9.47712 1.2548795938 2.5140697956    1.228  1.981  3.7312  2.423    4  0.000  0.386     0.00     0.00     0.00     0.00     0.00 -1    -1e-30      0.00 7.264e-01 2.726e-01 1.275e-04 1.049e-04 4.402e-04 -1.000 1.000e-03 -0.183 1.084 0.230 -0.237 -0.385 -0.445 -0.463
0.001 -1.19029 9.47712 1.2552031279 2.5141100883    1.229  1.986  3.7303  2.415    4  0.000  0.386     0.00     0.00     0.00     0.00     0.00 -1    -1e-30      0.00 7.264e-01 2.726e-01 1.275e-04 1.049e-04 4.402e-04 -1.000 1.000e-03 -0.195 1.080 0.221 -0.248 -0.398 -0.459 -0.477
0.001 -1.19029 9.47712 1.2555273771 2.5141503811    1.229  1.992  3.7293  2.405    4  0.000  0.386     0.00     0.00     0.00     0.00     0.00 -1    -1e-30      0.00 7.264e-01 2.726e-01 1.274e-04 1.049e-04 4.402e-04 -1.000 1.000e-03 -0.209 1.077 0.211 -0.262 -0.414 -0.476 -0.495
0.001 -1.19029 9.47712 1.2558693886 2.5141925812    1.229  2.000  3.7276  2.390    4  0.000  0.386     0.00     0.00     0.00     0.00     0.00 -1    -1e-30      0.00 7.264e-01 2.726e-01 1.274e-04 1.049e-04 4.402e-04 -1.000 1.000e-03 -0.231 1.074 0.197 -0.283 -0.438 -0.501 -0.521
0.001 -1.19029 9.47712 1.2561928034 2.5142326355    1.230  2.016  3.7249  2.364    4  0.000  0.386     0.00     0.00     0.00     0.00     0.00 -1    -1e-30      0.00 7.264e-01 2.726e-01 1.274e-04 1.049e-04 4.402e-04 -1.000 1.000e-03 -0.269 1.065 0.171 -0.320 -0.479 -0.546 -0.566
0.001 -1.19029 9.47712 1.2564626932 2.5142662525    1.230  2.045  3.7204  2.316    4  0.000  0.386     0.00     0.00     0.00     0.00     0.00 -1    -1e-30      0.00 7.264e-01 2.726e-01 1.274e-04 1.050e-04 4.402e-04 -1.000 1.000e-03 -0.343 1.040 0.117 -0.391 -0.558 -0.630 -0.653
0.001 -1.19029 9.47712 1.2565728426 2.5142798424    1.230  2.077  3.7163  2.268    4  0.000  0.386     0.00     0.00     0.00     0.00     0.00 -1    -1e-30      0.00 7.264e-01 2.726e-01 1.274e-04 1.050e-04 4.402e-04 -1.000 1.000e-03 -0.424 1.009 0.057 -0.468 -0.642 -0.719 -0.744
0.001 -1.19029 9.47712 1.2566138506 2.5142848492    1.230  2.108  3.7128  2.223    4  0.000  0.386     0.00     0.00     0.00     0.00     0.00 -1    -1e-30      0.00 7.264e-01 2.726e-01 1.274e-04 1.050e-04 4.402e-04 -1.000 1.000e-03 -0.500 0.974 -0.003 -0.542 -0.722 -0.802 -0.830
0.001 -1.19029 9.47712 1.2566307783 2.5142869949    1.230  2.138  3.7099  2.182    4  0.000  0.386     0.00     0.00     0.00     0.00     0.00 -1    -1e-30      0.00 7.264e-01 2.726e-01 1.274e-04 1.050e-04 4.402e-04 -1.000 1.000e-03 -0.575 0.936 -0.062 -0.614 -0.799 -0.883 -0.911
0.001 -1.19029 9.47712 1.2566392422 2.5142879486    1.230  2.162  3.7076  2.148    7  0.000  0.386     0.00     0.00     0.00     0.00     0.00 -1 -3.85e-10      0.00 7.264e-01 2.720e-01 1.274e-04 1.050e-04 4.402e-04 -1.000 1.638e-03 -0.635 0.906 -0.110 -0.672 -0.860 -0.947 -0.977
0.001 -1.19029 9.47712 1.2566422224 2.5142884254    1.230  2.178  3.7062  2.126    7  0.000  0.386     0.00     0.00     0.00     0.00     0.00 -1 -4.22e-10      0.00 7.264e-01 2.720e-01 1.274e-04 1.050e-04 4.402e-04 -1.000 1.638e-03 -0.676 0.882 -0.144 -0.711 -0.902 -0.991 -1.021
0.001 -1.19029 9.47712 1.2566485405 2.5142891407    1.230  2.216  3.7032  2.077    7  0.000  0.386     0.00     0.00     0.00     0.00     0.00 -1 -5.22e-10      0.00 7.264e-01 2.720e-01 1.274e-04 1.050e-04 4.402e-04 -1.000 1.638e-03 -0.769 0.829 -0.221 -0.801 -0.997 -1.090 -1.122
0.001 -1.19029 9.47712 1.2566550970 2.5142900944    1.230  2.258  3.6999  2.022    7  0.000  0.386     0.00     0.00     0.00     0.00     0.00 -1 -6.62e-10      0.00 7.264e-01 2.720e-01 1.274e-04 1.050e-04 4.402e-04 -1.000 1.638e-03 -0.874 0.767 -0.308 -0.903 -1.104 -1.201 -1.235
0.001 -1.19029 9.47712 1.2566728592 2.5142922401    1.230  2.323  3.6949  1.936    7  0.000  0.386     0.00     0.00     0.00     0.00     0.00 -1 -9.43e-10      0.00 7.264e-01 2.720e-01 1.274e-04 1.050e-04 4.402e-04 -1.000 1.638e-03 -1.038 0.680 -0.442 -1.059 -1.270 -1.373 -1.410
0.001 -1.19029 9.47712 1.2567052841 2.5142962933    1.230  2.281  3.6982  1.992    7  0.000  0.386     0.00     0.00     0.00     0.00     0.00 -1 -7.53e-10      0.00 7.264e-01 2.720e-01 1.274e-04 1.050e-04 4.402e-04 -1.000 1.638e-03 -0.933 0.734 -0.356 -0.958 -1.163 -1.262 -1.297
0.001 -1.19029 9.47712 1.2569422722 2.5143256187    1.229  2.292  3.6972  1.976    7  0.000  0.386     0.00     0.00     0.00     0.00     0.00 -1 -8.04e-10      0.00 7.264e-01 2.720e-01 1.274e-04 1.050e-04 4.402e-04 -1.000 1.638e-03 -0.960 0.723 -0.377 -0.984 -1.191 -1.291 -1.326
0.001 -1.19029 9.47712 1.2570654154 2.5143408775    1.228  2.337  3.6937  1.917    7  0.000  0.386     0.00     0.00     0.00     0.00     0.00 -1 -1.04e-09      0.00 7.264e-01 2.719e-01 1.274e-04 1.050e-04 4.402e-04 -1.000 1.637e-03 -1.073 0.665 -0.469 -1.092 -1.305 -1.410 -1.448
0.001 -1.19029 9.47712 1.2571408749 2.5143501759    1.228  2.366  3.6915  1.879    7  0.000  0.386     0.00     0.00     0.00     0.00     0.00 -1 -1.22e-09      0.00 7.264e-01 2.719e-01 1.274e-04 1.050e-04 4.402e-04 -1.000 1.637e-03 -1.146 0.628 -0.527 -1.161 -1.379 -1.486 -1.525
0.001 -1.19029 9.47712 1.2572154999 2.5143592358    1.227  2.397  3.6891  1.838    7  0.000  0.386     0.00     0.00     0.00     0.00     0.00 -1 -1.44e-09      0.00 7.264e-01 2.719e-01 1.274e-04 1.050e-04 4.402e-04 -1.000 1.637e-03 -1.223 0.589 -0.590 -1.235 -1.456 -1.567 -1.607
0.001 -1.19029 9.47712 1.2572975159 2.5143694878    1.227  2.435  3.6863  1.789    7  0.000  0.386     0.00     0.00     0.00     0.00     0.00 -1 -1.77e-09      0.00 7.264e-01 2.719e-01 1.274e-04 1.050e-04 4.402e-04 -1.000 1.637e-03 -1.318 0.544 -0.665 -1.324 -1.551 -1.665 -1.707
0.001 -1.19029 9.47712 1.2573720217 2.5143787861    1.226  2.474  3.6834  1.738    7  0.000  0.386     0.00     0.00     0.00     0.00     0.00 -1  -2.2e-09      0.00 7.264e-01 2.719e-01 1.273e-04 1.050e-04 4.402e-04 -1.000 1.637e-03 -1.415 0.509 -0.741 -1.418 -1.650 -1.768 -1.812
0.001 -1.19029 9.47712 1.2574397326 2.5143871307    1.225  2.514  3.6804  1.686    7  0.000  0.386     5.35     4.26     3.09     2.34     1.90  4 -2.74e-09      0.00 7.264e-01 2.719e-01 1.273e-04 1.050e-04 4.402e-04 -1.000 1.637e-03 -1.515 0.478 -0.818 -1.515 -1.751 -1.873 -1.919
0.001 -1.19029 9.47712 1.2575019598 2.5143947601    1.224  2.555  3.6773  1.632    7  0.000  0.386     5.97     4.69     3.39     2.57     2.09  4 -3.43e-09      0.00 7.264e-01 2.719e-01 1.273e-04 1.050e-04 4.402e-04 -1.000 1.636e-03 -1.617 0.451 -0.895 -1.614 -1.856 -1.981 -2.029
0.001 -1.19029 9.47712 1.2575577497 2.5144016743    1.222  2.596  3.6720  1.569    7  0.000  0.386     6.79     5.25     3.77     2.87     2.33  4 -4.35e-09      0.00 7.264e-01 2.719e-01 1.273e-04 1.050e-04 4.402e-04 -1.000 1.636e-03 -1.720 0.474 -0.953 -1.710 -1.961 -2.092 -2.144
0.001 -1.19029 9.47712 1.2576084137 2.5144078732    1.221  2.638  3.6670  1.507    7  0.000  0.385     7.72     5.88     4.20     3.20     2.60  4 -5.48e-09      0.00 7.264e-01 2.719e-01 1.271e-04 1.051e-04 4.402e-04 -1.000 1.636e-03 -1.825 0.501 -1.012 -1.807 -2.066 -2.204 -2.259
0.001 -1.19029 9.47712 1.2576532364 2.5144133568    1.219  2.678  3.6641  1.454    7  0.000  0.383     8.60     6.47     4.60     3.51     2.85  4 -6.77e-09      0.00 7.264e-01 2.719e-01 1.265e-04 1.056e-04 4.402e-04 -1.000 1.636e-03 -1.926 0.491 -1.081 -1.902 -2.167 -2.309 -2.366
0.001 -1.19029 9.47712 1.2576946020 2.5144186020    1.217  2.719  3.6611  1.401    7  0.000  0.380     9.58     7.11     5.04     3.85     3.13  4 -8.37e-09      0.00 7.264e-01 2.719e-01 1.255e-04 1.068e-04 4.402e-04 -1.000 1.636e-03 -2.027 0.486 -1.148 -1.997 -2.267 -2.413 -2.473
0.001 -1.19029 9.47712 1.2577334642 2.5144233704    1.215  2.759  3.6580  1.348    7  0.000  0.377    10.69     7.83     5.52     4.23     3.43  3 -1.04e-08      0.00 7.264e-01 2.719e-01 1.244e-04 1.081e-04 4.402e-04 -1.000 1.636e-03 -2.127 0.494 -1.211 -2.089 -2.366 -2.516 -2.579
0.001 -1.19029 9.47712 1.2577704191 2.5144279003    1.212  2.800  3.6547  1.292    7  0.000  0.374    11.97     8.65     6.07     4.65     3.78  3  -1.3e-08      0.00 7.264e-01 2.720e-01 1.234e-04 1.094e-04 4.402e-04 -1.000 1.614e-03 -2.230 0.483 -1.276 -2.179 -2.464 -2.620 -2.685
0.001 -1.19029 9.47712 1.2578046322 2.5144321918    1.209  2.842  3.6514  1.236    7  0.000  0.371    13.42     9.56     6.68     5.13     4.17  3 -1.61e-08      0.00 7.264e-01 2.720e-01 1.224e-04 1.106e-04 4.402e-04 -1.000 1.598e-03 -2.334 0.472 -1.342 -2.271 -2.564 -2.725 -2.793
0.001 -1.19029 9.47712 1.2578362226 2.5144360065    1.205  2.882  3.6481  1.181    7  0.000  0.368    15.02    10.55     7.34     5.64     4.59  3    -2e-08      0.00 7.264e-01 2.720e-01 1.216e-04 1.116e-04 4.402e-04 -1.000 1.571e-03 -2.435 0.466 -1.404 -2.357 -2.659 -2.826 -2.896
0.001 -1.19029 9.47712 1.2578684092 2.5144400597    1.200  2.923  3.6446  1.125    7  0.000  0.366    16.85    11.68     8.09     6.23     5.06  3 -2.49e-08      0.00 7.264e-01 2.720e-01 1.209e-04 1.125e-04 4.402e-04 -1.000 1.569e-03 -2.537 0.464 -1.464 -2.444 -2.755 -2.928 -3.001
0.001 -1.19029 9.47712 1.2579005957 2.5144438744    1.195  2.964  3.6411  1.067    7  0.000  0.364    18.94    12.94     8.92     6.88     5.59  3 -3.11e-08      0.00 7.263e-01 2.720e-01 1.203e-04 1.132e-04 4.401e-04 -1.000 1.623e-03 -2.641 0.463 -1.525 -2.531 -2.851 -3.030 -3.106
0.001 -1.19029 9.47712 1.2579329014 2.5144479275    1.187  3.006  3.6375  1.009    7  0.000  0.363    21.33    14.36     9.86     7.61     6.19  3 -3.88e-08      0.00 7.263e-01 2.721e-01 1.198e-04 1.139e-04 4.401e-04 -1.000 1.606e-03 -2.745 0.466 -1.583 -2.617 -2.947 -3.133 -3.212
0.001 -1.19029 9.47712 1.2579627037 2.5144517422    1.179  3.048  3.6338  0.949    7  0.000  0.362    24.10    15.98    10.91     8.45     6.87  2 -4.87e-08      0.00 7.263e-01 2.721e-01 1.193e-04 1.145e-04 4.399e-04 -1.000 1.568e-03 -2.850 0.482 -1.633 -2.701 -3.043 -3.236 -3.318
0.001 -1.19029 9.47712 1.2579849958 2.5144543648    1.171  3.087  3.6302  0.893    7  0.000  0.361    26.98    17.65    12.00     9.30     7.57  2 -5.99e-08      0.00 7.263e-01 2.721e-01 1.189e-04 1.150e-04 4.397e-04 -1.000 1.569e-03 -2.947 0.501 -1.676 -2.778 -3.131 -3.331 -3.416
0.001 -1.19029 9.47712 1.2580000162 2.5144562721    1.165  3.120  3.6272  0.845    7  0.000  0.360    29.73    19.21    13.01    10.10     8.22  2 -7.16e-08      0.00 7.262e-01 2.721e-01 1.186e-04 1.154e-04 4.395e-04 -1.000 1.614e-03 -3.030 0.517 -1.712 -2.842 -3.205 -3.411 -3.499
0.001 -1.19029 9.47712 1.2580150366 2.5144581795    1.157  3.160  3.6236  0.788    7  0.000  0.359    33.38    21.26    14.33    11.14     9.07  2 -8.91e-08      0.00 7.262e-01 2.722e-01 1.184e-04 1.159e-04 4.393e-04 -1.000 1.622e-03 -3.129 0.535 -1.753 -2.918 -3.294 -3.507 -3.598
0.001 -1.19029 9.47712 1.2580264807 2.5144596100    1.150  3.191  3.6205  0.742    7  0.000  0.359    36.65    23.07    15.49    12.06     9.82  2 -1.05e-07      0.00 7.262e-01 2.722e-01 1.182e-04 1.163e-04 4.390e-04 -1.000 1.592e-03 -3.207 0.554 -1.784 -2.976 -3.362 -3.582 -3.676
0.001 -1.19029 9.47712 1.2580382824 2.5144610405    1.141  3.229  3.6169  0.686    7  0.000  0.359    41.07    25.49    17.03    13.29    10.82  2 -1.29e-07      0.00 7.262e-01 2.722e-01 1.180e-04 1.168e-04 4.387e-04 -1.000 1.547e-03 -3.302 0.576 -1.818 -3.046 -3.446 -3.674 -3.770
0.001 -1.19029 9.47712 1.2580518723 2.5144627094    1.128  3.273  3.6125  0.619    7  0.000  0.359    47.01    28.67    19.05    14.89    12.13  2 -1.64e-07      0.00 7.262e-01 2.722e-01 1.179e-04 1.171e-04 4.385e-04 -1.000 1.535e-03 -3.413 0.602 -1.856 -3.126 -3.542 -3.779 -3.879
0.001 -1.19029 9.47712 1.2580542564 2.5144629478    1.126  3.280  3.6118  0.608    7  0.000  0.359    48.04    29.22    19.40    15.17    12.35  2 -1.71e-07      0.00 7.262e-01 2.722e-01 1.179e-04 1.171e-04 4.385e-04 -1.000 1.535e-03 -3.431 0.607 -1.862 -3.139 -3.557 -3.796 -3.897
0.001 -1.19029 9.47712 1.2580552101 2.5144631863    1.125  3.283  3.6116  0.604    7  0.000  0.359    48.42    29.42    19.52    15.27    12.44  2 -1.73e-07      0.00 7.262e-01 2.722e-01 1.179e-04 1.172e-04 4.385e-04 -1.000 1.535e-03 -3.437 0.609 -1.864 -3.143 -3.562 -3.802 -3.903
0.001 -1.19029 9.47712 1.2580559254 2.5144631863    1.124  3.285  3.6113  0.601    7  0.000  0.359    48.79    29.61    19.64    15.37    12.52  2 -1.75e-07      0.00 7.262e-01 2.722e-01 1.179e-04 1.172e-04 4.385e-04 -1.000 1.535e-03 -3.443 0.611 -1.866 -3.148 -3.568 -3.808 -3.909
0.001 -1.19029 9.47712 1.2580567598 2.5144631863    1.123  3.288  3.6110  0.597    7  0.000  0.359    49.18    29.82    19.78    15.47    12.60  2 -1.78e-07      0.00 7.262e-01 2.722e-01 1.179e-04 1.172e-04 4.385e-04 -1.000 1.535e-03 -3.450 0.612 -1.868 -3.152 -3.573 -3.814 -3.915
0.001 -1.19029 9.47712 1.2580575943 2.5144634247    1.122  3.291  3.6108  0.592    7  0.000  0.359    49.64    30.06    19.93    15.59    12.70  2  -1.8e-07      0.00 7.262e-01 2.722e-01 1.179e-04 1.172e-04 4.385e-04 -1.000 1.535e-03 -3.457 0.614 -1.870 -3.158 -3.580 -3.821 -3.922
0.001 -1.19029 9.47712 1.2580586672 2.5144634247    1.121  3.295  3.6104  0.586    7  0.000  0.359    50.23    30.37    20.12    15.75    12.83  2 -1.84e-07      0.00 7.262e-01 2.722e-01 1.179e-04 1.172e-04 4.385e-04 -1.000 1.535e-03 -3.467 0.616 -1.873 -3.165 -3.588 -3.830 -3.932
0.001 -1.19029 9.47712 1.2580605745 2.5144636631    1.118  3.336  3.6066  0.529    7  0.000  0.358    56.58    33.70    22.22    17.42    14.19  1 -2.26e-07      0.00 7.262e-01 2.722e-01 1.178e-04 1.176e-04 4.382e-04 -1.000 1.571e-03 -3.571 0.625 -1.909 -3.239 -3.678 -3.928 -4.033
0.001 -1.19029 9.47712 1.2580629587 2.5144641399    1.114  3.401  3.6007  0.438    7  0.550  0.358    68.14    39.63    25.94    20.39    16.62  1 -3.06e-07      0.00 7.261e-01 2.723e-01 1.174e-04 1.187e-04 4.373e-04 -1.000 1.594e-03 -3.733 0.636 -1.953 -3.350 -3.816 -4.081 -4.192
0.001 -1.19029 9.47712 1.2580662966 2.5144643784    1.106  3.446  3.5964  0.373    7  0.551  0.358    77.83    44.48    28.96    22.81    18.59  1 -3.87e-07      0.00 7.261e-01 2.723e-01 1.172e-04 1.194e-04 4.368e-04 -1.000 1.600e-03 -3.844 0.646 -1.971 -3.420 -3.908 -4.184 -4.299
0.001 -1.19029 9.47712 1.2580664158 2.5144643784    1.105  3.446  3.5964  0.373    8  0.551  0.377    77.84    44.48    28.96    22.81    18.59  1 -3.86e-07      0.00 7.261e-01 2.730e-01 1.238e-04 1.195e-04 4.386e-04 -1.000 9.685e-04 -3.844 0.646 -1.971 -3.420 -3.908 -4.184 -4.299
0.001 -1.19029 9.47712 1.2580666542 2.5144643784    1.104  3.294  3.6099  0.579    8  0.551  0.377    50.81    30.66    20.30    15.90    12.95  2 -1.93e-07      0.00 7.261e-01 2.730e-01 1.238e-04 1.195e-04 4.386e-04 -1.000 9.685e-04 -3.464 0.634 -1.862 -3.158 -3.583 -3.826 -3.929
0.001 -1.19029 9.47712 1.2580667734 2.5144646168    1.104  3.193  3.6189  0.716    8  0.551  0.377    38.26    23.94    16.03    12.51    10.18  2 -1.21e-07      0.00 7.261e-01 2.730e-01 1.238e-04 1.195e-04 4.386e-04 -1.000 9.685e-04 -3.212 0.602 -1.762 -2.970 -3.362 -3.586 -3.680
0.001 -1.19029 9.47712 1.2580673695 2.5144646168    1.102  2.968  3.6391  1.021    8  0.551  0.377    20.31    13.78     9.46     7.32     5.95  3  -4.1e-08      0.00 7.261e-01 2.730e-01 1.238e-04 1.195e-04 4.386e-04 -1.000 9.685e-04 -2.649 0.522 -1.505 -2.530 -2.856 -3.038 -3.116
0.001 -1.19029 9.47712 1.2580680847 2.5144646168    1.100  2.970  3.6388  1.017    8  0.551  0.377    20.49    13.89     9.53     7.38     6.00  3 -4.17e-08      0.00 7.261e-01 2.730e-01 1.238e-04 1.195e-04 4.386e-04 -1.000 9.686e-04 -2.655 0.525 -1.507 -2.534 -2.861 -3.044 -3.122
0.001 -1.19029 9.47712 1.2580691576 2.5144648552    1.097  3.049  3.6316  0.908    8  0.551  0.377    25.67    16.90    11.49     8.92     7.26  2  -6.2e-08      0.00 7.261e-01 2.730e-01 1.239e-04 1.195e-04 4.386e-04 -1.000 9.685e-04 -2.852 0.556 -1.601 -2.691 -3.040 -3.238 -3.322
0.001 -1.19029 9.47712 1.2580703497 2.5144648552    1.094  3.193  3.6185  0.710    8  0.551  0.377    38.61    24.13    16.14    12.60    10.26  2 -1.24e-07      0.00 7.261e-01 2.730e-01 1.239e-04 1.195e-04 4.386e-04 -1.000 9.685e-04 -3.212 0.615 -1.755 -2.967 -3.361 -3.585 -3.680
0.001 -1.19029 9.47712 1.2580718994 2.5144650936    1.089  3.322  3.6066  0.531    8  0.551  0.377    55.89    33.30    21.96    17.23    14.03  1  -2.3e-07      0.00 7.261e-01 2.730e-01 1.239e-04 1.195e-04 4.386e-04 -1.000 9.686e-04 -3.536 0.658 -1.875 -3.204 -3.643 -3.893 -3.998
0.001 -1.19029 9.47712 1.2580736876 2.5144653320    1.085  3.408  3.5987  0.412    8  0.552  0.377    71.59    41.31    26.97    21.23    17.30  1 -3.46e-07      0.00 7.261e-01 2.730e-01 1.239e-04 1.195e-04 4.386e-04 -1.000 9.686e-04 -3.751 0.672 -1.929 -3.349 -3.825 -4.095 -4.208
0.001 -1.19029 9.47712 1.2580755949 2.5144655704    1.079  3.454  3.5944  0.347    8  0.552  0.377    81.74    46.35    30.11    23.75    19.35  1 -4.31e-07      0.00 7.261e-01 2.730e-01 1.239e-04 1.195e-04 4.386e-04 -1.000 9.686e-04 -3.864 0.680 -1.950 -3.421 -3.919 -4.201 -4.317
0.001 -1.19029 9.47712 1.2580778599 2.5144658089    1.073  3.473  3.5923  0.316    8  0.552  0.377    87.02    48.93    31.70    25.03    20.40  1  -4.8e-07      0.00 7.261e-01 2.730e-01 1.239e-04 1.195e-04 4.386e-04 -1.000 9.686e-04 -3.914 0.686 -1.955 -3.452 -3.960 -4.247 -4.365
0.001 -1.19029 9.47712 1.2580803633 2.5144662857    1.066  3.484  3.5911  0.299    8  0.553  0.377    90.14    50.42    32.62    25.77    21.01  1 -5.12e-07      0.00 7.261e-01 2.730e-01 1.239e-04 1.195e-04 4.386e-04 -1.000 9.687e-04 -3.939 0.694 -1.954 -3.465 -3.980 -4.270 -4.389
0.001 -1.19029 9.47712 1.2580804825 2.5144662857    1.065  3.392  3.5994  0.423    8  0.553  0.377    69.60    40.26    26.31    20.72    16.88  1 -3.39e-07      0.00 7.261e-01 2.730e-01 1.239e-04 1.195e-04 4.386e-04 -1.000 9.687e-04 -3.709 0.694 -1.903 -3.314 -3.786 -4.055 -4.166
0.001 -1.19029 9.47712 1.2580809593 2.5144662857    1.063  3.237  3.6133  0.633    8  0.553  0.377    44.99    27.54    18.31    14.34    11.67  2 -1.67e-07      0.00 7.261e-01 2.730e-01 1.240e-04 1.195e-04 4.386e-04 -1.000 9.688e-04 -3.322 0.669 -1.778 -3.040 -3.453 -3.689 -3.788
0.001 -1.19029 9.47712 1.2580816746 2.5144662857    1.060  3.012  3.6333  0.937    8  0.553  0.377    23.92    15.90    10.83     8.41     6.84  2  -5.8e-08      0.00 7.261e-01 2.730e-01 1.241e-04 1.195e-04 4.386e-04 -1.000 9.690e-04 -2.760 0.589 -1.536 -2.609 -2.953 -3.146 -3.229
0.001 -1.19029 9.47712 1.2580827475 2.5144665241    1.056  3.015  3.6329  0.930    8  0.553  0.378    24.22    16.07    10.94     8.50     6.91  2 -5.96e-08      0.00 7.261e-01 2.730e-01 1.243e-04 1.195e-04 4.386e-04 -1.000 9.692e-04 -2.768 0.596 -1.537 -2.614 -2.959 -3.154 -3.237
0.001 -1.19029 9.47712 1.2580840588 2.5144665241    1.050  3.094  3.6256  0.819    8  0.553  0.378    30.45    19.60    13.23    10.31     8.39  2 -8.89e-08      0.00 7.260e-01 2.730e-01 1.245e-04 1.195e-04 4.387e-04 -1.000 9.694e-04 -2.966 0.633 -1.622 -2.767 -3.136 -3.346 -3.435
0.001 -1.19029 9.47712 1.2580857277 2.5144667625    1.043  3.237  3.6125  0.621    8  0.554  0.379    45.86    27.98    18.58    14.56    11.85  2 -1.78e-07      0.00 7.260e-01 2.730e-01 1.248e-04 1.195e-04 4.388e-04 -1.000 9.698e-04 -3.322 0.694 -1.764 -3.034 -3.450 -3.687 -3.788
0.001 -1.19029 9.47712 1.2580878735 2.5144670010    1.035  3.365  3.6005  0.442    8  0.554  0.380    66.52    38.64    25.28    19.92    16.22  1  -3.3e-07      0.00 7.260e-01 2.730e-01 1.251e-04 1.195e-04 4.388e-04 -1.000 9.701e-04 -3.643 0.728 -1.861 -3.258 -3.725 -3.990 -4.101
0.001 -1.19029 9.47712 1.2580901384 2.5144674778    1.025  3.450  3.5924  0.320    8  0.554  0.381    85.57    48.05    31.13    24.61    20.05  1 -4.99e-07      0.00 7.260e-01 2.730e-01 1.255e-04 1.195e-04 4.389e-04 -1.000 9.706e-04 -3.856 0.741 -1.900 -3.395 -3.903 -4.189 -4.307
0.001 -1.19029 9.47712 1.2580928802 2.5144677162    1.014  3.496  3.5879  0.252    8  0.555  0.382    98.36    54.18    34.90    27.65    22.53  1 -6.32e-07      0.00 7.260e-01 2.730e-01 1.259e-04 1.195e-04 4.390e-04 -1.000 9.712e-04 -3.969 0.746 -1.912 -3.461 -3.994 -4.293 -4.415
0.001 -1.19029 9.47712 1.2580959797 2.5144681931    1.002  3.516  3.5855  0.217    8  0.555  0.384   105.65    57.58    36.98    29.34    23.91  1 -7.19e-07      0.00 7.260e-01 2.730e-01 1.264e-04 1.195e-04 4.391e-04 -1.000 9.717e-04 -4.021 0.751 -1.908 -3.486 -4.034 -4.339 -4.464
0.001 -1.19029 9.47712 1.2580993176 2.5144684315    0.988  3.527  3.5839  0.193    8  0.556  0.385   110.61    59.84    38.35    30.46    24.82  1 -7.88e-07      0.00 7.260e-01 2.730e-01 1.270e-04 1.195e-04 4.392e-04 -1.000 9.724e-04 -4.048 0.761 -1.899 -3.497 -4.053 -4.363 -4.490
0.001 -1.19029 9.47712 1.2580994368 2.5144684315    0.988  3.443  3.5915  0.307    8  0.556  0.386    87.23    48.71    31.51    24.95    20.32  1 -5.43e-07      0.00 7.260e-01 2.730e-01 1.270e-04 1.195e-04 4.392e-04 -1.000 9.724e-04 -3.839 0.784 -1.862 -3.368 -3.881 -4.170 -4.289
0.001 -1.19029 9.47712 1.2580999136 2.5144686699    0.985  3.290  3.6053  0.515    8  0.556  0.386    56.47    33.43    21.99    17.32    14.09  1 -2.73e-07      0.00 7.260e-01 2.730e-01 1.272e-04 1.195e-04 4.393e-04 -1.000 9.726e-04 -3.454 0.777 -1.770 -3.112 -3.556 -3.809 -3.915
0.001 -1.19029 9.47712 1.2581007481 2.5144686699    0.981  3.066  3.6255  0.818    8  0.556  0.387    29.97    19.31    13.02    10.17     8.27  2 -9.66e-08      0.00 7.260e-01 2.730e-01 1.274e-04 1.195e-04 4.393e-04 -1.000 9.729e-04 -2.894 0.708 -1.549 -2.695 -3.064 -3.274 -3.363
0.001 -1.19029 9.47712 1.2581019402 2.5144689083    0.975  3.069  3.6250  0.810    8  0.557  0.388    30.41    19.56    13.18    10.30     8.37  2    -1e-07      0.00 7.260e-01 2.730e-01 1.278e-04 1.195e-04 4.394e-04 -1.000 9.734e-04 -2.902 0.717 -1.548 -2.699 -3.070 -3.281 -3.371
0.001 -1.19029 9.47712 1.2581034899 2.5144691467    0.967  3.147  3.6175  0.698    8  0.557  0.389    38.31    23.88    15.94    12.50    10.16  2 -1.49e-07      0.00 7.260e-01 2.731e-01 1.282e-04 1.195e-04 4.395e-04 -1.000 9.740e-04 -3.097 0.757 -1.625 -2.846 -3.243 -3.469 -3.565
0.001 -1.19029 9.47712 1.2581053972 2.5144693851    0.957  3.286  3.6044  0.502    8  0.557  0.391    57.60    33.95    22.30    17.59    14.31  1 -2.94e-07      0.00 7.260e-01 2.731e-01 1.288e-04 1.195e-04 4.396e-04 -1.000 9.747e-04 -3.446 0.810 -1.746 -3.096 -3.544 -3.799 -3.906
0.001 -1.19029 9.47712 1.2581076622 2.5144696236    0.945  3.412  3.5925  0.324    8  0.558  0.393    83.45    46.71    30.24    23.97    19.52  1  -5.4e-07      0.00 7.259e-01 2.731e-01 1.295e-04 1.195e-04 4.398e-04 -1.000 9.756e-04 -3.759 0.834 -1.806 -3.299 -3.806 -4.092 -4.210
0.001 -1.19029 9.47712 1.2581104040 2.5144698620    0.932  3.495  3.5843  0.202    8  0.558  0.395   107.44    58.02    37.19    29.58    24.10  1 -8.18e-07      0.00 7.259e-01 2.731e-01 1.304e-04 1.195e-04 4.400e-04 -1.000 9.766e-04 -3.967 0.832 -1.829 -3.420 -3.974 -4.283 -4.409
0.001 -1.19029 9.47712 1.2581133842 2.5144703388    0.917  3.538  3.5797  0.133    8  0.559  0.398   123.93    65.51    41.74    33.29    27.12  1 -1.04e-06      0.00 7.259e-01 2.731e-01 1.313e-04 1.195e-04 4.402e-04 -1.000 9.778e-04 -4.076 0.831 -1.828 -3.477 -4.059 -4.381 -4.512
0.001 -1.19029 9.47712 1.2581168413 2.5144705772    0.901  3.558  3.5771  0.095    8  0.560  0.401   133.85    69.85    44.36    35.44    28.87  1 -1.21e-06      0.00 7.259e-01 2.731e-01 1.323e-04 1.195e-04 4.404e-04 -1.000 9.790e-04 -4.126 0.834 -1.812 -3.494 -4.094 -4.425 -4.558
0.001 -1.19029 9.47712 1.2581206560 2.5144710541    0.883  3.569  3.5752  0.068    8  0.560  0.404   141.10    72.92    46.20    36.95    30.11  1 -1.34e-06      0.00 7.259e-01 2.731e-01 1.335e-04 1.195e-04 4.406e-04 -1.000 9.805e-04 -4.152 0.846 -1.792 -3.496 -4.110 -4.447 -4.582
0.001 -1.19029 9.47712 1.2581464052 2.5144743919    0.566 -9.999  4.0000  1.630    9  0.566  0.000     0.00     0.00     0.00     0.00     0.00 -1    -1e-30      0.00 7.252e-01 2.737e-01 1.839e-04 1.194e-04 4.481e-04 -1.000 1.039e-03 29.767 30.088 29.953 30.231 30.461 30.543 30.632
#isochrone terminated
