# File generated by CMD 3.6 (http://stev.oapd.inaf.it/cmd) on Thu Apr 21 17:50:41 CEST 2022
# isochrones based on PARSEC release v1.2S +  COLIBRI S_37 + S_35 + PR16
# Basic references: Bressan et al. (2012), MNRAS, 427, 127 + Chen et al. (2014, 2015), MNRAS, 444, 2525 + MNRAS, 452, 1068 + Tang et al. (2014), MNRAS, 445, 4287 + Marigo et al. (2017), ApJ, 835, 77 + Pastorelli al. (2019), MNRAS, 485, 5666 + Pastorelli al. (2020), MNRAS, in press
# Thermal pulse cycles included 
# On RGB, assumed Reimers mass loss with efficiency eta=0.2
# LPV periods and growth rates added cf. Trabucchi et al. (2019)
# but fundamental-mode LPV periods are from Trabucchi et al. (2021)
# Photometric system: DECAM (ABmags)
# Using YBC version of bolometric corrections as in Chen et al. (2019)
# O-rich circumstellar dpmod60alox40 dust from Groenewegen (2006)
# C-rich circumstellar AMCSIC15 dust from Groenewegen (2006)
# IMF: Kroupa (2001, 2002) + Kroupa et al. (2013) canonical two-part-power law IMF corrected for unresolved binaries 
# Kind of output: isochrone tables
# Zini     MH   logAge Mini        int_IMF         Mass   logL    logTe  logg  label   McoreTP C_O  period0  period1  period2  period3  period4  pmode  Mloss  tau1m   X   Y   Xc  Xn  Xo  Cexcess  Z 	 mbolmag  umag    gmag    rmag    imag    zmag    Ymag
0.0001 -2.19174 9.77815 0.1000000015 1.1711064577    0.100 -2.786  3.5578  5.408    1  0.000  0.545     0.00     0.00     0.00     0.00     0.00 -1 -1.29e-16      0.00 7.481e-01 2.518e-01 1.798e-05 4.851e-06 4.400e-05 -1.000 1.001e-04 11.736 15.949 13.675 12.116 11.466 11.168 11.069
0.0001 -2.19174 9.77815 0.1098214313 1.2482755184    0.109 -2.638  3.5732  5.359    1  0.000  0.545     0.00     0.00     0.00     0.00     0.00 -1 -1.83e-16      0.00 7.473e-01 2.526e-01 1.798e-05 4.851e-06 4.400e-05 -1.000 9.996e-05 11.364 15.215 13.090 11.652 11.102 10.828 10.734
0.0001 -2.19174 9.77815 0.1294642836 1.3786746264    0.129 -2.398  3.5957  5.282    1  0.000  0.545     0.00     0.00     0.00     0.00     0.00 -1  -3.2e-16      0.00 7.456e-01 2.543e-01 1.798e-05 4.851e-06 4.400e-05 -1.000 1.000e-04 10.765 14.095 12.213 10.966 10.506 10.265 10.181
0.0001 -2.19174 9.77815 0.1491071582 1.4855960608    0.149 -2.241  3.6071  5.231    1  0.000  0.545     0.00     0.00     0.00     0.00     0.00 -1 -4.54e-16      0.00 7.445e-01 2.554e-01 1.798e-05 4.851e-06 4.400e-05 -1.000 1.001e-04 10.371 13.462 11.694 10.538 10.111 9.886 9.808
0.0001 -2.19174 9.77815 0.1687500030 1.5756140947    0.168 -2.118  3.6145  5.192    1  0.000  0.545     0.00     0.00     0.00     0.00     0.00 -1 -5.93e-16      0.00 7.438e-01 2.561e-01 1.798e-05 4.851e-06 4.400e-05 -1.000 1.000e-04 10.066 13.008 11.312 10.212 9.804 9.590 9.516
0.0001 -2.19174 9.77815 0.2080357224 1.7204496861    0.207 -1.916  3.6256  5.125    1  0.000  0.545     0.00     0.00     0.00     0.00     0.00 -1 -9.16e-16      0.00 7.431e-01 2.568e-01 1.798e-05 4.851e-06 4.400e-05 -1.000 1.000e-04 9.560 12.291 10.697 9.676 9.295 9.097 9.029
0.0001 -2.19174 9.77815 0.2571428716 1.8581268787    0.257 -1.723  3.6357  5.064    1  0.000  0.545     0.00     0.00     0.00     0.00     0.00 -1 -1.38e-15      0.00 7.430e-01 2.569e-01 1.798e-05 4.851e-06 4.400e-05 -1.000 1.000e-04 9.076 11.626 10.121 9.165 8.808 8.625 8.562
0.0001 -2.19174 9.77815 0.3062500358 1.9652637243    0.306 -1.572  3.6439  5.023    1  0.000  0.545     0.00     0.00     0.00     0.00     0.00 -1 -1.88e-15      0.00 7.431e-01 2.568e-01 1.798e-05 4.852e-06 4.400e-05 -1.000 1.001e-04 8.699 11.108 9.673 8.766 8.428 8.256 8.198
0.0001 -2.19174 9.77815 0.3553571403 2.0521113873    0.355 -1.447  3.6516  4.993    1  0.000  0.545     0.00     0.00     0.00     0.00     0.00 -1  -2.4e-15      0.00 7.439e-01 2.560e-01 1.797e-05 4.852e-06 4.400e-05 -1.000 1.000e-04 8.387 10.672 9.299 8.435 8.113 7.952 7.898
0.0001 -2.19174 9.77815 0.4044643044 2.1246092319    0.404 -1.333  3.6596  4.968    1  0.000  0.545     0.00     0.00     0.00     0.00     0.00 -1 -3.01e-15      0.00 7.504e-01 2.495e-01 1.798e-05 4.851e-06 4.400e-05 -1.000 9.997e-05 8.103 10.262 8.955 8.133 7.828 7.678 7.628
0.0001 -2.19174 9.77815 0.4535714388 2.1864814758    0.453 -1.196  3.6718  4.929    1  0.000  0.545     0.00     0.00     0.00     0.00     0.00 -1 -4.08e-15      0.00 7.508e-01 2.491e-01 1.798e-05 4.851e-06 4.400e-05 -1.000 9.999e-05 7.759 9.728 8.525 7.765 7.485 7.350 7.307
0.0001 -2.19174 9.77815 0.5026785731 2.2401986122    0.503 -1.044  3.6853  4.876    1  0.000  0.545     0.00     0.00     0.00     0.00     0.00 -1 -5.84e-15      0.00 7.517e-01 2.482e-01 1.792e-05 4.835e-06 4.385e-05 -1.000 1.001e-04 7.380 9.153 8.060 7.365 7.111 6.994 6.958
0.0001 -2.19174 9.77815 0.5113383532 2.2488451004    0.511 -1.012  3.6884  4.864    1  0.000  0.545     0.00     0.00     0.00     0.00     0.00 -1 -6.32e-15      0.00 7.547e-01 2.452e-01 1.772e-05 4.781e-06 4.337e-05 -1.000 9.951e-05 7.300 9.031 7.963 7.281 7.033 6.920 6.886
0.0001 -2.19174 9.77815 0.5517857671 2.2851314545    0.551 -0.870  3.7023  4.811    1  0.000  0.545     0.00     0.00     0.00     0.00     0.00 -1 -8.96e-15      0.00 7.680e-01 2.319e-01 1.682e-05 4.539e-06 4.118e-05 -1.000 9.680e-05 6.946 8.494 7.532 6.912 6.691 6.595 6.568
0.0001 -2.19174 9.77815 0.6008928418 2.3217256069    0.601 -0.693  3.7235  4.755    1  0.000  0.544     0.00     0.00     0.00     0.00     0.00 -1 -1.38e-14      0.00 7.744e-01 2.255e-01 1.640e-05 4.426e-06 4.016e-05 -1.000 2.745e-05 6.502 7.807 6.990 6.457 6.274 6.203 6.186
0.0001 -2.19174 9.77815 0.6194036007 2.3338003159    0.619 -0.624  3.7327  4.737    1  0.000  0.544     0.00     0.00     0.00     0.00     0.00 -1 -1.62e-14      0.00 7.776e-01 2.223e-01 1.619e-05 4.371e-06 3.966e-05 -1.000 1.000e-04 6.331 7.545 6.783 6.285 6.117 6.056 6.043
0.0001 -2.19174 9.77815 0.6409386396 2.3468434811    0.641 -0.545  3.7432  4.715    1  0.000  0.544     0.00     0.00     0.00     0.00     0.00 -1 -1.96e-14      0.00 7.816e-01 2.183e-01 1.593e-05 4.301e-06 3.903e-05 -1.000 8.242e-05 6.134 7.254 6.548 6.090 5.940 5.890 5.882
0.0001 -2.19174 9.77815 0.6499999762 2.3520355225    0.650 -0.513  3.7476  4.706    1  0.000  0.544     0.00     0.00     0.00     0.00     0.00 -1 -2.12e-14      0.00 7.835e-01 2.164e-01 1.581e-05 4.269e-06 3.875e-05 -1.000 1.000e-04 6.051 7.136 6.451 6.010 5.868 5.823 5.817
0.0001 -2.19174 9.77815 0.6639612913 2.3597168922    0.664 -0.461  3.7545  4.692    1  0.000  0.544     0.00     0.00     0.00     0.00     0.00 -1  -2.4e-14      0.00 7.869e-01 2.130e-01 1.558e-05 4.210e-06 3.822e-05 -1.000 1.000e-04 5.924 6.955 6.302 5.887 5.757 5.719 5.716
0.0001 -2.19174 9.77815 0.6874486804 2.3718338013    0.687 -0.376  3.7658  4.666    1  0.000  0.543     0.00     0.00     0.00     0.00     0.00 -1 -2.96e-14      0.00 7.934e-01 2.065e-01 1.517e-05 4.099e-06 3.722e-05 -1.000 1.001e-04 5.710 6.663 6.058 5.684 5.572 5.546 5.547
0.0001 -2.19174 9.77815 0.6999999881 2.3779268265    0.700 -0.331  3.7716  4.652    1  0.000  0.543     0.00     0.00     0.00     0.00     0.00 -1 -3.31e-14      0.00 7.973e-01 2.026e-01 1.492e-05 4.033e-06 3.663e-05 -1.000 1.000e-04 5.597 6.514 5.931 5.577 5.474 5.454 5.457
0.0001 -2.19174 9.77815 0.7113370299 2.3832182884    0.711 -0.290  3.7767  4.639    1  0.000  0.541     0.00     0.00     0.00     0.00     0.00 -1 -3.66e-14      0.00 8.021e-01 1.978e-01 1.457e-05 3.949e-06 3.588e-05 -1.000 1.000e-04 5.495 6.384 5.818 5.481 5.386 5.370 5.375
0.0001 -2.19174 9.77815 0.7274013162 2.3903925419    0.727 -0.232  3.7837  4.618    1  0.000  0.538     0.00     0.00     0.00     0.00     0.00 -1 -4.23e-14      0.00 8.094e-01 1.905e-01 1.405e-05 3.824e-06 3.478e-05 -1.000 1.000e-04 5.350 6.203 5.657 5.345 5.261 5.252 5.260
0.0001 -2.19174 9.77815 0.7420698404 2.3966321945    0.742 -0.179  3.7899  4.599    1  0.000  0.536     0.00     0.00     0.00     0.00     0.00 -1 -4.84e-14      0.00 8.163e-01 1.836e-01 1.357e-05 3.709e-06 3.376e-05 -1.000 1.000e-04 5.217 6.040 5.511 5.221 5.147 5.144 5.154
0.0001 -2.19174 9.77815 0.7500000000 2.3998889923    0.750 -0.150  3.7932  4.588    1  0.000  0.534     0.00     0.00     0.00     0.00     0.00 -1 -5.21e-14      0.00 8.201e-01 1.798e-01 1.332e-05 3.647e-06 3.322e-05 -1.000 1.000e-04 5.145 5.954 5.432 5.153 5.084 5.085 5.096
0.0001 -2.19174 9.77815 0.7631026506 2.4050998688    0.763 -0.102  3.7985  4.569    1  0.000  0.534     0.00     0.00     0.00     0.00     0.00 -1 -5.89e-14      0.00 8.214e-01 1.785e-01 1.333e-05 3.655e-06 3.330e-05 -1.000 1.000e-04 5.026 5.813 5.301 5.041 4.980 4.986 4.999
0.0001 -2.19174 9.77815 0.7766065001 2.4102590084    0.776 -0.053  3.8039  4.548    1  0.000  0.533     0.00     0.00     0.00     0.00     0.00 -1  -6.7e-14      0.00 8.224e-01 1.775e-01 1.337e-05 3.668e-06 3.344e-05 -1.000 9.996e-05 4.902 5.668 5.166 4.923 4.871 4.883 4.897
0.0001 -2.19174 9.77815 0.7891963124 2.4148867130    0.789 -0.006  3.8089  4.528    1  0.000  0.533     0.00     0.00     0.00     0.00     0.00 -1 -7.58e-14      0.00 8.232e-01 1.768e-01 1.342e-05 3.685e-06 3.361e-05 -1.000 2.837e-05 4.785 5.534 5.038 4.812 4.768 4.785 4.800
0.0001 -2.19174 9.77815 0.8000000119 2.4187245369    0.799  0.035  3.8131  4.511    1  0.000  0.532     0.00     0.00     0.00     0.00     0.00 -1 -8.43e-14      0.00 8.236e-01 1.763e-01 1.347e-05 3.701e-06 3.377e-05 -1.000 4.518e-05 4.684 5.419 4.928 4.716 4.678 4.699 4.716
0.0001 -2.19174 9.77815 0.8071243167 2.4211907387    0.807  0.061  3.8159  4.499    1  0.000  0.532     0.00     0.00     0.00     0.00     0.00 -1 -9.04e-14      0.00 8.238e-01 1.761e-01 1.347e-05 3.701e-06 3.377e-05 -1.000 9.997e-05 4.617 5.344 4.855 4.651 4.618 4.641 4.659
0.0001 -2.19174 9.77815 0.8196018338 2.4253916740    0.819  0.109  3.8209  4.478    1  0.000  0.532     0.00     0.00     0.00     0.00     0.00 -1 -1.03e-13      0.00 8.239e-01 1.760e-01 1.348e-05 3.704e-06 3.381e-05 -1.000 9.999e-05 4.498 5.210 4.724 4.536 4.511 4.539 4.558
0.0001 -2.19174 9.77815 0.8305487037 2.4289579391    0.830  0.151  3.8253  4.459    1  0.000  0.532     0.00     0.00     0.00     0.00     0.00 -1 -1.15e-13      0.00 8.239e-01 1.760e-01 1.350e-05 3.709e-06 3.385e-05 -1.000 6.178e-05 4.391 5.091 4.607 4.432 4.414 4.446 4.467
0.0001 -2.19174 9.77815 0.8412422538 2.4323387146    0.840  0.195  3.8296  4.438    1  0.000  0.532     0.00     0.00     0.00     0.00     0.00 -1 -1.29e-13      0.00 8.238e-01 1.761e-01 1.352e-05 3.715e-06 3.391e-05 -1.000 8.284e-05 4.283 4.970 4.488 4.327 4.315 4.352 4.374
0.0001 -2.19174 9.77815 0.8500000238 2.4350347519    0.849  0.231  3.8331  4.421    1  0.000  0.532     0.00     0.00     0.00     0.00     0.00 -1 -1.42e-13      0.00 8.236e-01 1.763e-01 1.355e-05 3.722e-06 3.397e-05 -1.000 9.534e-05 4.193 4.871 4.389 4.238 4.233 4.273 4.296
0.0001 -2.19174 9.77815 0.8608958125 2.4383010864    0.860  0.277  3.8380  4.400    1  0.000  0.532     0.00     0.00     0.00     0.00     0.00 -1 -1.61e-13      0.00 8.235e-01 1.764e-01 1.355e-05 3.723e-06 3.398e-05 -1.000 7.801e-05 4.077 4.743 4.261 4.125 4.128 4.173 4.197
0.0001 -2.19174 9.77815 0.8727047443 2.4417355061    0.872  0.330  3.8436  4.375    1  0.000  0.532     0.00     0.00     0.00     0.00     0.00 -1 -1.86e-13      0.00 8.233e-01 1.767e-01 1.356e-05 3.725e-06 3.400e-05 -1.000 4.607e-05 3.945 4.598 4.115 3.997 4.009 4.058 4.084
0.0001 -2.19174 9.77815 0.8830066919 2.4446456432    0.882  0.378  3.8486  4.351    1  0.000  0.532     0.00     0.00     0.00     0.00     0.00 -1 -2.12e-13      0.00 8.231e-01 1.768e-01 1.357e-05 3.728e-06 3.402e-05 -1.000 7.267e-05 3.824 4.465 3.980 3.878 3.899 3.953 3.980
0.0001 -2.19174 9.77815 0.8927312493 2.4473216534    0.891  0.427  3.8535  4.327    1  0.000  0.532     0.00     0.00     0.00     0.00     0.00 -1 -2.42e-13      0.00 8.229e-01 1.770e-01 1.357e-05 3.731e-06 3.405e-05 -1.000 9.996e-05 3.704 4.333 3.846 3.761 3.790 3.849 3.876
0.0001 -2.19174 9.77815 0.8999999762 2.4492788315    0.899  0.465  3.8573  4.308    1  0.000  0.532     0.00     0.00     0.00     0.00     0.00 -1 -2.69e-13      0.00 8.227e-01 1.772e-01 1.359e-05 3.734e-06 3.407e-05 -1.000 9.996e-05 3.608 4.228 3.740 3.667 3.704 3.765 3.793
0.0001 -2.19174 9.77815 0.9043307304 2.4504275322    0.903  0.487  3.8600  4.298    1  0.000  0.532     0.00     0.00     0.00     0.00     0.00 -1 -2.86e-13      0.00 8.227e-01 1.772e-01 1.359e-05 3.733e-06 3.407e-05 -1.000 9.558e-05 3.551 4.165 3.677 3.612 3.653 3.717 3.746
0.0001 -2.19174 9.77815 0.9141251445 2.4529795647    0.913  0.541  3.8663  4.274    1  0.000  0.532     0.00     0.00     0.00     0.00     0.00 -1 -3.31e-13      0.00 8.227e-01 1.772e-01 1.358e-05 3.732e-06 3.406e-05 -1.000 8.506e-05 3.416 4.017 3.525 3.481 3.534 3.603 3.632
0.0001 -2.19174 9.77815 0.9239434004 2.4554753304    0.922  0.599  3.8726  4.246    1  0.000  0.532     0.00     0.00     0.00     0.00     0.00 -1 -3.88e-13      0.00 8.227e-01 1.773e-01 1.358e-05 3.733e-06 3.407e-05 -1.000 8.257e-05 3.272 3.860 3.364 3.341 3.406 3.479 3.510
0.0001 -2.19174 9.77815 0.9335385561 2.4578561783    0.932  0.660  3.8784  4.213    1  0.000  0.532     0.00     0.00     0.00     0.00     0.00 -1 -4.61e-13      0.00 8.221e-01 1.779e-01 1.362e-05 3.742e-06 3.414e-05 -1.000 6.758e-05 3.120 3.695 3.196 3.193 3.269 3.346 3.377
0.0001 -2.19174 9.77815 0.9421640635 2.4599490166    0.940  0.721  3.8828  4.174    1  0.000  0.532     0.00     0.00     0.00     0.00     0.00 -1 -5.55e-13      0.00 8.205e-01 1.795e-01 1.371e-05 3.766e-06 3.436e-05 -1.000 8.470e-05 2.969 3.533 3.031 3.044 3.129 3.209 3.240
0.0001 -2.19174 9.77815 0.9430202842 2.4601542950    0.941  0.727  3.8831  4.169    1  0.000  0.532     0.00     0.00     0.00     0.00     0.00 -1 -5.68e-13      0.00 8.203e-01 1.796e-01 1.372e-05 3.769e-06 3.439e-05 -1.000 8.637e-05 2.953 3.516 3.014 3.029 3.114 3.194 3.225
0.0001 -2.19174 9.77815 0.9465223551 2.4609897137    0.945  0.756  3.8836  4.144    1  0.000  0.532     0.00     0.00     0.00     0.00     0.00 -1 -6.21e-13      0.00 8.196e-01 1.803e-01 1.376e-05 3.779e-06 3.448e-05 -1.000 9.321e-05 2.881 3.441 2.938 2.956 3.043 3.123 3.154
0.0001 -2.19174 9.77815 0.9499999881 2.4618122578    0.948  0.786  3.8834  4.115    1  0.000  0.532     0.00     0.00     0.00     0.00     0.00 -1 -6.85e-13      0.00 8.189e-01 1.810e-01 1.380e-05 3.790e-06 3.458e-05 -1.000 1.000e-04 2.806 3.364 2.861 2.879 2.967 3.046 3.077
0.0001 -2.19174 9.77815 0.9519799352 2.4622776508    0.950  0.804  3.8825  4.094    1  0.000  0.532     0.00     0.00     0.00     0.00     0.00 -1 -7.31e-13      0.00 8.186e-01 1.813e-01 1.382e-05 3.795e-06 3.462e-05 -1.000 9.599e-05 2.759 3.318 2.814 2.831 2.918 2.996 3.027
0.0001 -2.19174 9.77815 0.9524972439 2.4623987675    0.951  0.809  3.8823  4.088    1  0.000  0.532     0.00     0.00     0.00     0.00     0.00 -1 -7.44e-13      0.00 8.185e-01 1.814e-01 1.382e-05 3.796e-06 3.464e-05 -1.000 9.491e-05 2.747 3.305 2.802 2.819 2.905 2.983 3.014
0.0001 -2.19174 9.77815 0.9549042583 2.4629607201    0.953  0.834  3.8792  4.052    2  0.000  0.532     0.00     0.00     0.00     0.00     0.00 -1 -8.23e-13      0.00 8.181e-01 1.818e-01 1.385e-05 3.802e-06 3.469e-05 -1.000 8.999e-05 2.685 3.245 2.742 2.751 2.833 2.908 2.939
0.0001 -2.19174 9.77815 0.9582924247 2.4637460709    0.957  0.872  3.8723  3.987    2  0.000  0.532     0.00     0.00     0.00     0.00     0.00 -1 -9.63e-13      0.00 8.176e-01 1.823e-01 1.388e-05 3.811e-06 3.477e-05 -1.000 8.306e-05 2.589 3.158 2.656 2.646 2.717 2.787 2.816
0.0001 -2.19174 9.77815 0.9608299732 2.4643301964    0.959  0.905  3.8627  3.917    2  0.000  0.532     0.00     0.00     0.00     0.00     0.00 -1 -1.13e-12      0.00 8.172e-01 1.827e-01 1.390e-05 3.817e-06 3.482e-05 -1.000 7.790e-05 2.507 3.089 2.590 2.553 2.608 2.670 2.698
0.0001 -2.19174 9.77815 0.9628180265 2.4647853374    0.961  0.936  3.8496  3.835    2  0.000  0.532     0.00     0.00     0.00     0.00     0.00 -1 -1.33e-12      0.00 8.169e-01 1.830e-01 1.392e-05 3.822e-06 3.487e-05 -1.000 7.387e-05 2.430 3.037 2.540 2.464 2.497 2.548 2.573
0.0001 -2.19174 9.77815 0.9640182257 2.4650590420    0.962  0.957  3.8389  3.772    2  0.000  0.532     0.00     0.00     0.00     0.00     0.00 -1  -1.5e-12      0.00 8.167e-01 1.832e-01 1.393e-05 3.825e-06 3.489e-05 -1.000 7.139e-05 2.378 3.008 2.510 2.402 2.418 2.460 2.483
0.0001 -2.19174 9.77815 0.9649770260 2.4652771950    0.963  0.976  3.8285  3.712    2  0.000  0.532     0.00     0.00     0.00     0.00     0.00 -1 -1.67e-12      0.00 8.166e-01 1.833e-01 1.394e-05 3.827e-06 3.492e-05 -1.000 6.956e-05 2.331 2.988 2.487 2.348 2.346 2.380 2.400
0.0001 -2.19174 9.77815 0.9656593204 2.4654319286    0.964  0.990  3.8195  3.663    2  0.000  0.532     0.00     0.00     0.00     0.00     0.00 -1 -1.83e-12      0.00 8.165e-01 1.835e-01 1.394e-05 3.829e-06 3.493e-05 -1.000 6.819e-05 2.296 2.980 2.473 2.307 2.291 2.316 2.334
0.0001 -2.19174 9.77815 0.9661744237 2.4655487537    0.964  1.000  3.8119  3.621    2  0.000  0.532     0.00     0.00     0.00     0.00     0.00 -1 -1.97e-12      0.00 8.164e-01 1.835e-01 1.395e-05 3.830e-06 3.494e-05 -1.000 6.717e-05 2.269 2.977 2.465 2.275 2.247 2.265 2.280
0.0001 -2.19174 9.77815 0.9667238593 2.4656732082    0.965  1.012  3.8028  3.573    2  0.000  0.532     0.00     0.00     0.00     0.00     0.00 -1 -2.14e-12      0.00 8.163e-01 1.836e-01 1.395e-05 3.832e-06 3.495e-05 -1.000 6.598e-05 2.240 2.982 2.460 2.240 2.197 2.207 2.219
0.0001 -2.19174 9.77815 0.9671937227 2.4657795429    0.965  1.022  3.7944  3.530    2  0.000  0.532     0.00     0.00     0.00     0.00     0.00 -1  -2.3e-12      0.00 8.154e-01 1.845e-01 1.401e-05 3.846e-06 3.509e-05 -1.000 6.506e-05 2.216 2.991 2.459 2.211 2.154 2.156 2.165
0.0001 -2.19174 9.77815 0.9676503539 2.4658825397    0.966  1.031  3.7860  3.488    2  0.000  0.532     0.00     0.00     0.00     0.00     0.00 -1 -2.47e-12      0.00 8.137e-01 1.862e-01 1.411e-05 3.875e-06 3.535e-05 -1.000 6.410e-05 2.192 3.004 2.459 2.184 2.113 2.106 2.113
0.0001 -2.19174 9.77815 0.9680894017 2.4659817219    0.966  1.040  3.7785  3.449    2  0.000  0.533     0.00     0.00     0.00     0.00     0.00 -1 -2.63e-12      0.00 8.030e-01 1.969e-01 1.471e-05 4.035e-06 3.677e-05 -1.000 6.326e-05 2.169 3.015 2.457 2.157 2.074 2.061 2.064
0.0001 -2.19174 9.77815 0.9685124755 2.4660770893    0.967  1.050  3.7713  3.411    2  0.000  0.534     0.00     0.00     0.00     0.00     0.00 -1 -2.81e-12      0.00 7.945e-01 2.054e-01 1.520e-05 4.164e-06 3.792e-05 -1.000 6.230e-05 2.146 3.029 2.454 2.130 2.036 2.015 2.016
0.0001 -2.19174 9.77815 0.9689429998 2.4661741257    0.967  1.061  3.7644  3.372    2  0.000  0.535     0.00     0.00     0.00     0.00     0.00 -1 -3.01e-12      0.00 7.892e-01 2.107e-01 1.550e-05 4.245e-06 3.865e-05 -1.000 6.148e-05 2.118 3.039 2.447 2.100 1.994 1.967 1.965
0.0001 -2.19174 9.77815 0.9693953991 2.4662756920    0.967  1.073  3.7579  3.335    2  0.000  0.535     0.00     0.00     0.00     0.00     0.00 -1 -3.23e-12      0.00 7.791e-01 2.208e-01 1.608e-05 4.400e-06 4.003e-05 -1.000 6.732e-05 2.088 3.047 2.437 2.067 1.951 1.917 1.913
0.0001 -2.19174 9.77815 0.9699583054 2.4664022923    0.968  1.096  3.7516  3.287    2  0.000  0.536     0.00     0.00     0.00     0.00     0.00 -1 -3.59e-12      0.00 7.696e-01 2.303e-01 1.662e-05 4.546e-06 4.132e-05 -1.000 9.395e-05 2.031 3.031 2.401 2.009 1.883 1.842 1.835
0.0001 -2.19174 9.77815 0.9703556299 2.4664914608    0.968  1.115  3.7478  3.252    2  0.000  0.537     0.00     0.00     0.00     0.00     0.00 -1 -3.93e-12      0.00 7.654e-01 2.346e-01 1.687e-05 4.610e-06 4.191e-05 -1.000 4.134e-05 1.982 3.008 2.364 1.959 1.826 1.781 1.773
0.0001 -2.19174 9.77815 0.9705740809 2.4665403366    0.968  1.130  3.7463  3.231    2  0.000  0.537     0.00     0.00     0.00     0.00     0.00 -1 -4.15e-12      0.00 7.643e-01 2.357e-01 1.693e-05 4.627e-06 4.205e-05 -1.000 6.713e-05 1.945 2.982 2.332 1.922 1.787 1.740 1.731
0.0001 -2.19174 9.77815 0.9712572694 2.4666934013    0.969  1.180  3.7422  3.165    3  0.000  0.537     0.00     0.00     0.00     0.00     0.00 -1    -5e-12      0.00 7.613e-01 2.386e-01 1.708e-05 4.668e-06 4.241e-05 -1.000 1.000e-04 1.820 2.885 2.221 1.797 1.655 1.604 1.593
0.0001 -2.19174 9.77815 0.9718089700 2.4668169022    0.970  1.226  3.7396  3.109    3  0.000  0.537     0.00     0.00     0.00     0.00     0.00 -1 -5.93e-12      0.00 7.593e-01 2.406e-01 1.716e-05 4.690e-06 4.261e-05 -1.000 9.996e-05 1.705 2.789 2.116 1.682 1.536 1.482 1.470
0.0001 -2.19174 9.77815 0.9722697139 2.4669198990    0.970  1.267  3.7378  3.061    3  0.000  0.537     0.00     0.00     0.00     0.00     0.00 -1 -6.89e-12      0.00 7.578e-01 2.421e-01 1.721e-05 4.704e-06 4.273e-05 -1.000 1.000e-04 1.603 2.701 2.020 1.580 1.431 1.375 1.362
0.0001 -2.19174 9.77815 0.9727206826 2.4670205116    0.970  1.309  3.7360  3.012    3  0.000  0.537     0.00     0.00     0.00     0.00     0.00 -1 -8.02e-12      0.00 7.564e-01 2.435e-01 1.725e-05 4.716e-06 4.283e-05 -1.000 9.999e-05 1.497 2.608 1.920 1.475 1.324 1.265 1.252
0.0001 -2.19174 9.77815 0.9731483459 2.4671158791    0.971  1.351  3.7343  2.963    3  0.000  0.536     0.00     0.00     0.00     0.00     0.00 -1 -9.35e-12      0.00 7.549e-01 2.450e-01 1.725e-05 4.732e-06 4.291e-05 -1.000 9.999e-05 1.392 2.515 1.821 1.371 1.216 1.156 1.142
0.0001 -2.19174 9.77815 0.9735970497 2.4672157764    0.971  1.398  3.7327  2.910    3  0.000  0.533     0.00     0.00     0.00     0.00     0.00 -1 -1.11e-11      0.00 7.532e-01 2.467e-01 1.718e-05 4.775e-06 4.299e-05 -1.000 9.999e-05 1.276 2.410 1.709 1.254 1.097 1.035 1.020
0.0001 -2.19174 9.77815 0.9739805460 2.4673011303    0.971  1.440  3.7312  2.862    3  0.000  0.528     0.00     0.00     0.00     0.00     0.00 -1 -1.29e-11      0.00 7.518e-01 2.481e-01 1.704e-05 4.880e-06 4.304e-05 -1.000 9.991e-05 1.170 2.315 1.609 1.149 0.990 0.926 0.910
0.0001 -2.19174 9.77815 0.9743652940 2.4673867226    0.972  1.485  3.7297  2.811    3  0.000  0.519     0.00     0.00     0.00     0.00     0.00 -1 -1.52e-11      0.00 7.504e-01 2.495e-01 1.677e-05 5.136e-06 4.308e-05 -1.000 1.001e-04 1.058 2.214 1.502 1.037 0.876 0.810 0.793
0.0001 -2.19174 9.77815 0.9747217298 2.4674658775    0.972  1.529  3.7282  2.761    3  0.000  0.508     0.00     0.00     0.00     0.00     0.00 -1 -1.78e-11      0.00 7.490e-01 2.509e-01 1.644e-05 5.511e-06 4.312e-05 -1.000 1.000e-04 0.947 2.115 1.396 0.927 0.763 0.696 0.678
0.0001 -2.19174 9.77815 0.9750660658 2.4675421715    0.972  1.576  3.7266  2.709    3  0.000  0.497     0.00     0.00     0.00     0.00     0.00 -1  -2.1e-11      0.00 7.476e-01 2.523e-01 1.609e-05 5.931e-06 4.315e-05 -1.000 9.996e-05 0.831 2.012 1.286 0.812 0.646 0.577 0.558
0.0001 -2.19174 9.77815 0.9753649831 2.4676086903    0.972  1.619  3.7251  2.660    3  0.000  0.489     0.00     0.00     0.00     0.00     0.00 -1 -2.45e-11      0.00 7.467e-01 2.532e-01 1.582e-05 6.263e-06 4.318e-05 -1.000 1.000e-04 0.724 1.916 1.184 0.705 0.536 0.466 0.447
0.0001 -2.19174 9.77815 0.9756600261 2.4676740170    0.972  1.664  3.7235  2.608    3  0.000  0.481     0.00     0.00     0.00     0.00     0.00 -1 -2.89e-11      0.00 7.457e-01 2.542e-01 1.559e-05 6.553e-06 4.320e-05 -1.000 9.999e-05 0.609 1.814 1.075 0.592 0.420 0.348 0.328
0.0001 -2.19174 9.77815 0.9759261608 2.4677329063    0.972  1.708  3.7220  2.558    3  0.000  0.476     0.00     0.00     0.00     0.00     0.00 -1 -3.39e-11      0.00 7.449e-01 2.550e-01 1.542e-05 6.775e-06 4.321e-05 -1.000 1.000e-04 0.499 1.715 0.970 0.482 0.308 0.234 0.214
0.0001 -2.19174 9.77815 0.9761641026 2.4677855968    0.973  1.751  3.7205  2.509    3  0.000  0.472     0.00     0.00     0.00     0.00     0.00 -1 -3.96e-11      0.00 7.443e-01 2.556e-01 1.529e-05 6.942e-06 4.322e-05 -1.000 1.001e-04 0.393 1.620 0.870 0.377 0.201 0.125 0.104
0.0001 -2.19174 9.77815 0.9763944745 2.4678366184    0.973  1.795  3.7189  2.458    3  0.000  0.469     0.00     0.00     0.00     0.00     0.00 -1 -4.65e-11      0.00 7.439e-01 2.560e-01 1.519e-05 7.062e-06 4.323e-05 -1.000 9.999e-05 0.282 1.525 0.766 0.267 0.088 0.011 -0.012
0.0001 -2.19174 9.77815 0.9766093493 2.4678840637    0.973  1.840  3.7174  2.407    3  0.000  0.466     0.00     0.00     0.00     0.00     0.00 -1 -5.46e-11      0.00 7.435e-01 2.564e-01 1.512e-05 7.152e-06 4.324e-05 -1.000 1.000e-04 0.170 1.430 0.660 0.156 -0.026 -0.105 -0.128
0.0001 -2.19174 9.77815 0.9768102765 2.4679284096    0.972  1.885  3.7157  2.356    3  0.000  0.465     0.00     0.00     0.00     0.00     0.00 -1 -6.42e-11      0.00 7.433e-01 2.566e-01 1.508e-05 7.208e-06 4.324e-05 -1.000 9.996e-05 0.058 1.334 0.555 0.044 -0.140 -0.222 -0.245
0.0001 -2.19174 9.77815 0.9769881368 2.4679677486    0.972  1.928  3.7141  2.306    3  0.000  0.464     0.00     0.00     0.00     0.00     0.00 -1 -7.51e-11      0.00 7.432e-01 2.567e-01 1.506e-05 7.237e-06 4.324e-05 -1.000 1.000e-04 -0.049 1.244 0.455 -0.062 -0.249 -0.333 -0.357
0.0001 -2.19174 9.77815 0.9771586061 2.4680054188    0.972  1.972  3.7124  2.255    3  0.000  0.464     0.00     0.00     0.00     0.00     0.00 -1 -8.82e-11      0.00 7.432e-01 2.567e-01 1.505e-05 7.248e-06 4.325e-05 -1.000 1.000e-04 -0.160 1.150 0.350 -0.173 -0.363 -0.448 -0.474
0.0001 -2.19174 9.77815 0.9773122668 2.4680392742    0.972  2.016  3.7108  2.205    3  0.000  0.464     0.00     0.00     0.00     0.00     0.00 -1 -1.03e-10      0.00 7.432e-01 2.567e-01 1.505e-05 7.251e-06 4.325e-05 -1.000 9.999e-05 -0.270 1.058 0.248 -0.282 -0.474 -0.561 -0.588
0.0001 -2.19174 9.77815 0.9774522781 2.4680702686    0.972  2.059  3.7091  2.155    3  0.000  0.464     0.00     0.00     0.00     0.00     0.00 -1 -1.21e-10      0.00 7.432e-01 2.567e-01 1.505e-05 7.253e-06 4.325e-05 -1.000 1.000e-04 -0.378 0.969 0.149 -0.388 -0.584 -0.673 -0.701
0.0001 -2.19174 9.77815 0.9775821567 2.4680988789    0.972  2.102  3.7074  2.105    3  0.000  0.464     0.00     0.00     0.00     0.00     0.00 -1 -1.42e-10      0.00 7.432e-01 2.567e-01 1.505e-05 7.255e-06 4.325e-05 -1.000 1.000e-04 -0.486 0.880 0.048 -0.495 -0.694 -0.785 -0.813
0.0001 -2.19174 9.77815 0.9777035713 2.4681255817    0.971  2.146  3.7057  2.054    3  0.000  0.464     0.00     0.00     0.00     0.00     0.00 -1 -1.66e-10      0.00 7.432e-01 2.567e-01 1.504e-05 7.257e-06 4.325e-05 -1.000 9.999e-05 -0.596 0.791 -0.053 -0.604 -0.805 -0.899 -0.928
0.0001 -2.19174 9.77815 0.9778158665 2.4681503773    0.971  2.190  3.7039  2.003    3  0.000  0.464     0.00     0.00     0.00     0.00     0.00 -1 -1.95e-10      0.00 7.431e-01 2.568e-01 1.504e-05 7.259e-06 4.325e-05 -1.000 1.000e-04 -0.705 0.703 -0.153 -0.712 -0.916 -1.012 -1.042
0.0001 -2.19174 9.77815 0.9779199958 2.4681732655    0.971  2.234  3.7022  1.952    3  0.000  0.464     0.00     0.00     0.00     0.00     0.00 -1 -2.28e-10      0.00 7.431e-01 2.568e-01 1.504e-05 7.260e-06 4.325e-05 -1.000 9.999e-05 -0.814 0.615 -0.254 -0.820 -1.027 -1.125 -1.156
0.0001 -2.19174 9.77815 0.9780164957 2.4681944847    0.970  2.277  3.7004  1.902    3  0.000  0.464     0.00     0.00     0.00     0.00     0.00 -1 -2.68e-10      0.00 7.431e-01 2.568e-01 1.504e-05 7.262e-06 4.325e-05 -1.000 1.000e-04 -0.922 0.530 -0.353 -0.927 -1.138 -1.238 -1.270
0.0001 -2.19174 9.77815 0.9781072736 2.4682145119    0.970  2.320  3.6986  1.851    3  0.000  0.464     0.00     0.00     0.00     0.00     0.00 -1 -3.14e-10      0.00 7.431e-01 2.568e-01 1.504e-05 7.263e-06 4.325e-05 -1.000 1.000e-04 -1.030 0.447 -0.451 -1.033 -1.247 -1.349 -1.382
0.0001 -2.19174 9.77815 0.9781966805 2.4682343006    0.969  2.361  3.6970  1.803    3  0.000  0.464     0.00     0.00     0.00     0.00     0.00 -1 -3.64e-10      0.00 7.431e-01 2.568e-01 1.504e-05 7.264e-06 4.325e-05 -1.000 9.999e-05 -1.133 0.367 -0.544 -1.135 -1.352 -1.456 -1.490
0.0001 -2.19174 9.77815 0.9783148766 2.4682602882    0.969  2.405  3.6952  1.752    3  0.000  0.464     0.00     0.00     0.00     0.00     0.00 -1 -4.29e-10      0.00 7.431e-01 2.568e-01 1.504e-05 7.266e-06 4.325e-05 -1.000 1.000e-04 -1.242 0.284 -0.643 -1.242 -1.463 -1.569 -1.604
0.0001 -2.19174 9.77815 0.9783558846 2.4682693481    0.968  2.387  3.6962  1.773    3  0.000  0.464     0.00     0.00     0.00     0.00     0.00 -1 -4.05e-10      0.00 7.431e-01 2.568e-01 1.504e-05 7.267e-06 4.325e-05 -1.000 1.000e-04 -1.198 0.314 -0.605 -1.199 -1.418 -1.523 -1.558
0.0001 -2.19174 9.77815 0.9783875346 2.4682762623    0.968  2.374  3.6969  1.790    3  0.000  0.464     0.00     0.00     0.00     0.00     0.00 -1 -3.88e-10      0.00 7.431e-01 2.568e-01 1.504e-05 7.267e-06 4.325e-05 -1.000 9.999e-05 -1.165 0.337 -0.575 -1.166 -1.384 -1.488 -1.522
0.0001 -2.19174 9.77815 0.9784097075 2.4682810307    0.968  2.388  3.6963  1.773    3  0.000  0.464     0.00     0.00     0.00     0.00     0.00 -1 -4.06e-10      0.00 7.431e-01 2.568e-01 1.504e-05 7.268e-06 4.325e-05 -1.000 9.999e-05 -1.200 0.311 -0.607 -1.201 -1.420 -1.525 -1.559
0.0001 -2.19174 9.77815 0.9784705043 2.4682946205    0.967  2.428  3.6945  1.726    3  0.000  0.464     0.00     0.00     0.00     0.00     0.00 -1 -4.65e-10      0.00 7.431e-01 2.568e-01 1.504e-05 7.269e-06 4.325e-05 -1.000 1.000e-04 -1.299 0.237 -0.696 -1.298 -1.521 -1.628 -1.663
0.0001 -2.19174 9.77815 0.9785313606 2.4683079720    0.967  2.469  3.6927  1.678    3  0.000  0.464     0.00     0.00     0.00     0.00     0.00 -1  -5.4e-10      0.00 7.431e-01 2.568e-01 1.504e-05 7.270e-06 4.325e-05 -1.000 1.000e-04 -1.402 0.160 -0.788 -1.399 -1.624 -1.734 -1.770
0.0001 -2.19174 9.77815 0.9785875082 2.4683203697    0.966  2.508  3.6910  1.631    3  0.000  0.464     5.45     4.42     3.19     2.44     1.97  4 -6.25e-10      0.00 7.431e-01 2.568e-01 1.503e-05 7.271e-06 4.325e-05 -1.000 9.996e-05 -1.501 0.085 -0.877 -1.497 -1.725 -1.837 -1.874
0.0001 -2.19174 9.77815 0.9786401987 2.4683318138    0.965  2.548  3.6892  1.584    3  0.000  0.463     6.02     4.82     3.46     2.65     2.14  4 -7.23e-10      0.00 7.431e-01 2.568e-01 1.503e-05 7.271e-06 4.325e-05 -1.000 9.999e-05 -1.600 0.013 -0.965 -1.593 -1.826 -1.940 -1.978
0.0001 -2.19174 9.77815 0.9786902070 2.4683427811    0.965  2.588  3.6875  1.536    3  0.000  0.463     6.64     5.25     3.75     2.88     2.33  4 -8.37e-10      0.00 7.431e-01 2.568e-01 1.503e-05 7.272e-06 4.325e-05 -1.000 9.999e-05 -1.700 -0.060 -1.054 -1.691 -1.927 -2.043 -2.082
0.0001 -2.19174 9.77815 0.9787349701 2.4683527946    0.964  2.626  3.6858  1.491    3  0.000  0.463     7.30     5.70     4.06     3.11     2.52  4 -9.64e-10      0.00 7.431e-01 2.568e-01 1.503e-05 7.273e-06 4.325e-05 -1.000 1.000e-04 -1.796 -0.127 -1.138 -1.784 -2.023 -2.142 -2.182
0.0001 -2.19174 9.77815 0.9787781239 2.4683620930    0.963  2.665  3.6839  1.444    3  0.000  0.463     8.05     6.20     4.40     3.38     2.74  3 -1.11e-09      0.00 7.431e-01 2.568e-01 1.503e-05 7.274e-06 4.325e-05 -1.000 1.000e-04 -1.893 -0.176 -1.220 -1.881 -2.124 -2.245 -2.286
0.0001 -2.19174 9.77815 0.9788176417 2.4683709145    0.962  2.704  3.6823  1.399    3  0.000  0.463     8.84     6.72     4.75     3.66     2.96  3 -1.28e-09      0.00 7.431e-01 2.568e-01 1.503e-05 7.274e-06 4.325e-05 -1.000 1.000e-04 -1.989 -0.226 -1.301 -1.976 -2.223 -2.346 -2.388
0.0001 -2.19174 9.77815 0.9788540006 2.4683787823    0.961  2.741  3.6806  1.354    3  0.000  0.463     9.71     7.29     5.13     3.96     3.21  3 -1.47e-09      0.00 7.431e-01 2.568e-01 1.503e-05 7.275e-06 4.325e-05 -1.000 9.996e-05 -2.083 -0.266 -1.378 -2.069 -2.320 -2.445 -2.488
0.0001 -2.19174 9.77815 0.9788885713 2.4683864117    0.960  2.779  3.6787  1.308    3  0.000  0.463    10.68     7.92     5.55     4.29     3.48  3 -1.69e-09      0.00 7.431e-01 2.568e-01 1.503e-05 7.275e-06 4.325e-05 -1.000 9.999e-05 -2.178 -0.301 -1.454 -2.162 -2.418 -2.546 -2.590
0.0001 -2.19174 9.77815 0.9789198637 2.4683933258    0.959  2.816  3.6770  1.264    3  0.000  0.463    11.71     8.57     5.99     4.63     3.75  3 -1.94e-09      0.00 7.431e-01 2.568e-01 1.503e-05 7.276e-06 4.325e-05 -1.000 1.000e-04 -2.269 -0.332 -1.526 -2.252 -2.512 -2.642 -2.687
0.0001 -2.19174 9.77815 0.9789502621 2.4684000015    0.957  2.853  3.6751  1.218    3  0.000  0.463    12.87     9.30     6.48     5.01     4.06  3 -2.23e-09      0.00 7.431e-01 2.568e-01 1.503e-05 7.276e-06 4.325e-05 -1.000 1.000e-04 -2.363 -0.357 -1.597 -2.344 -2.609 -2.742 -2.788
0.0001 -2.19174 9.77815 0.9789833426 2.4684073925    0.956  2.897  3.6730  1.166    3  0.000  0.463    14.37    10.23     7.09     5.50     4.46  3 -2.62e-09      0.00 7.431e-01 2.568e-01 1.503e-05 7.277e-06 4.325e-05 -1.000 9.999e-05 -2.472 -0.382 -1.679 -2.451 -2.722 -2.858 -2.905
0.0001 -2.19174 9.77815 0.9790096283 2.4684131145    0.954  2.934  3.6713  1.121    3  0.000  0.463    15.77    11.09     7.66     5.94     4.82  3 -3.01e-09      0.00 7.431e-01 2.568e-01 1.503e-05 7.277e-06 4.325e-05 -1.000 1.000e-04 -2.565 -0.400 -1.746 -2.541 -2.818 -2.957 -3.005
0.0001 -2.19174 9.77815 0.9790378213 2.4684193134    0.952  2.976  3.6690  1.069    3  0.000  0.463    17.58    12.18     8.38     6.51     5.28  2 -3.52e-09      0.00 7.431e-01 2.568e-01 1.503e-05 7.278e-06 4.325e-05 -1.000 1.000e-04 -2.670 -0.405 -1.818 -2.643 -2.927 -3.069 -3.119
0.0001 -2.19174 9.77815 0.9790602922 2.4684243202    0.951  3.012  3.6673  1.025    3  0.000  0.463    19.26    13.17     9.03     7.02     5.70  2 -4.03e-09      0.00 7.431e-01 2.568e-01 1.503e-05 7.278e-06 4.325e-05 -1.000 1.000e-04 -2.760 -0.411 -1.880 -2.729 -3.019 -3.165 -3.215
0.0001 -2.19174 9.77815 0.9790844917 2.4684295654    0.949  3.053  3.6651  0.974    3  0.000  0.463    21.41    14.44     9.85     7.68     6.23  2  -4.7e-09      0.00 7.431e-01 2.568e-01 1.503e-05 7.278e-06 4.325e-05 -1.000 1.000e-04 -2.863 -0.401 -1.943 -2.827 -3.125 -3.275 -3.327
0.0001 -2.19174 9.77815 0.9791036844 2.4684338570    0.947  3.087  3.6633  0.932    3  0.000  0.463    23.38    15.57    10.59     8.26     6.71  2 -5.35e-09      0.00 7.431e-01 2.568e-01 1.503e-05 7.279e-06 4.325e-05 -1.000 9.996e-05 -2.949 -0.385 -1.992 -2.907 -3.214 -3.366 -3.420
0.0001 -2.19174 9.77815 0.9791249037 2.4684383869    0.944  3.128  3.6612  0.882    3  0.000  0.463    25.92    17.03    11.53     9.01     7.32  2 -6.22e-09      0.00 7.431e-01 2.568e-01 1.503e-05 7.279e-06 4.325e-05 -1.000 1.000e-04 -3.049 -0.360 -2.046 -3.001 -3.317 -3.474 -3.529
0.0001 -2.19174 9.77815 0.9791451097 2.4684429169    0.941  3.168  3.6589  0.832    3  0.000  0.463    28.78    18.63    12.57     9.83     7.99  2 -7.23e-09      0.00 7.431e-01 2.568e-01 1.503e-05 7.279e-06 4.325e-05 -1.000 1.000e-04 -3.149 -0.322 -2.094 -3.093 -3.420 -3.582 -3.639
0.0001 -2.19174 9.77815 0.9791644216 2.4684472084    0.938  3.207  3.6568  0.783    3  0.000  0.463    31.85    20.34    13.66    10.70     8.70  2  -8.4e-09      0.00 7.431e-01 2.568e-01 1.503e-05 7.280e-06 4.325e-05 -1.000 1.000e-04 -3.247 -0.312 -2.146 -3.181 -3.518 -3.684 -3.743
0.0001 -2.19174 9.77815 0.9791716933 2.4684486389    0.937  3.220  3.6561  0.766    3  0.000  0.463    32.97    20.95    14.06    11.02     8.95  2  -8.9e-09      0.00 7.431e-01 2.568e-01 1.503e-05 7.280e-06 4.325e-05 -1.000 9.999e-05 -3.280 -0.316 -2.166 -3.211 -3.551 -3.719 -3.778
0.0001 -2.19174 9.77815 0.9791716933 2.4684486389    0.937  1.808  3.7898  2.713    4  0.000  0.481     0.00     0.00     0.00     0.00     0.00 -1    -1e-30      0.00 7.452e-01 2.547e-01 1.554e-05 6.586e-06 4.312e-05 -1.000 1.001e-04 0.249 1.011 0.459 0.220 0.165 0.160 0.167
0.0001 -2.19174 9.77815 0.9792882204 2.4684743881    0.937  1.827  3.7800  2.654    4  0.000  0.481     0.00     0.00     0.00     0.00     0.00 -1    -1e-30      0.00 7.452e-01 2.547e-01 1.554e-05 6.588e-06 4.312e-05 -1.000 1.000e-04 0.202 1.012 0.445 0.171 0.100 0.085 0.089
0.0001 -2.19174 9.77815 0.9794005752 2.4684989452    0.937  1.830  3.7792  2.648    4  0.000  0.480     0.00     0.00     0.00     0.00     0.00 -1    -1e-30      0.00 7.452e-01 2.547e-01 1.554e-05 6.591e-06 4.312e-05 -1.000 1.000e-04 0.194 1.009 0.441 0.164 0.091 0.076 0.079
0.0001 -2.19174 9.77815 0.9795138240 2.4685237408    0.937  1.832  3.7790  2.645    4  0.000  0.480     0.00     0.00     0.00     0.00     0.00 -1    -1e-30      0.00 7.452e-01 2.547e-01 1.554e-05 6.593e-06 4.312e-05 -1.000 9.996e-05 0.189 1.005 0.436 0.159 0.085 0.070 0.073
0.0001 -2.19174 9.77815 0.9796292782 2.4685492516    0.937  1.834  3.7792  2.645    4  0.000  0.480     0.00     0.00     0.00     0.00     0.00 -1    -1e-30      0.00 7.452e-01 2.547e-01 1.553e-05 6.595e-06 4.312e-05 -1.000 1.000e-04 0.185 1.000 0.431 0.154 0.081 0.066 0.069
0.0001 -2.19174 9.77815 0.9797452688 2.4685747623    0.937  1.836  3.7798  2.646    4  0.000  0.480     0.00     0.00     0.00     0.00     0.00 -1    -1e-30      0.00 7.452e-01 2.547e-01 1.553e-05 6.597e-06 4.312e-05 -1.000 1.000e-04 0.181 0.992 0.425 0.150 0.079 0.064 0.068
0.0001 -2.19174 9.77815 0.9798618555 2.4686002731    0.937  1.837  3.7809  2.649    4  0.000  0.480     0.00     0.00     0.00     0.00     0.00 -1    -1e-30      0.00 7.452e-01 2.547e-01 1.553e-05 6.599e-06 4.312e-05 -1.000 1.001e-04 0.178 0.984 0.418 0.148 0.078 0.064 0.068
0.0001 -2.19174 9.77815 0.9799756408 2.4686250687    0.938  1.838  3.7824  2.654    4  0.000  0.480     0.00     0.00     0.00     0.00     0.00 -1    -1e-30      0.00 7.452e-01 2.547e-01 1.553e-05 6.602e-06 4.312e-05 -1.000 1.001e-04 0.176 0.974 0.411 0.146 0.078 0.066 0.071
0.0001 -2.19174 9.77815 0.9800930023 2.4686508179    0.938  1.838  3.7843  2.661    4  0.000  0.480     0.00     0.00     0.00     0.00     0.00 -1    -1e-30      0.00 7.452e-01 2.547e-01 1.553e-05 6.604e-06 4.312e-05 -1.000 1.001e-04 0.175 0.963 0.402 0.144 0.080 0.070 0.075
0.0001 -2.19174 9.77815 0.9802007675 2.4686746597    0.938  1.839  3.7862  2.668    4  0.000  0.480     0.00     0.00     0.00     0.00     0.00 -1    -1e-30      0.00 7.452e-01 2.547e-01 1.553e-05 6.606e-06 4.312e-05 -1.000 1.000e-04 0.173 0.952 0.394 0.143 0.082 0.074 0.079
0.0001 -2.19174 9.77815 0.9803180695 2.4687001705    0.938  1.839  3.7884  2.677    4  0.000  0.480     0.00     0.00     0.00     0.00     0.00 -1    -1e-30      0.00 7.452e-01 2.547e-01 1.552e-05 6.608e-06 4.312e-05 -1.000 1.001e-04 0.172 0.939 0.385 0.142 0.085 0.079 0.085
0.0001 -2.19174 9.77815 0.9804368615 2.4687261581    0.938  1.840  3.7907  2.686    4  0.000  0.480     0.00     0.00     0.00     0.00     0.00 -1    -1e-30      0.00 7.452e-01 2.547e-01 1.552e-05 6.610e-06 4.312e-05 -1.000 1.001e-04 0.171 0.927 0.376 0.141 0.088 0.084 0.091
0.0001 -2.19174 9.77815 0.9805454612 2.4687500000    0.938  1.840  3.7926  2.693    4  0.000  0.480     0.00     0.00     0.00     0.00     0.00 -1    -1e-30      0.00 7.452e-01 2.547e-01 1.552e-05 6.612e-06 4.312e-05 -1.000 1.000e-04 0.170 0.916 0.368 0.140 0.091 0.088 0.096
0.0001 -2.19174 9.77815 0.9806606770 2.4687752724    0.938  1.841  3.7945  2.700    4  0.000  0.480     0.00     0.00     0.00     0.00     0.00 -1    -1e-30      0.00 7.452e-01 2.547e-01 1.552e-05 6.615e-06 4.312e-05 -1.000 1.000e-04 0.168 0.905 0.359 0.139 0.093 0.091 0.100
0.0001 -2.19174 9.77815 0.9807698131 2.4687991142    0.938  1.841  3.7961  2.706    4  0.000  0.480     0.00     0.00     0.00     0.00     0.00 -1    -1e-30      0.00 7.451e-01 2.548e-01 1.552e-05 6.617e-06 4.312e-05 -1.000 1.000e-04 0.167 0.896 0.352 0.137 0.094 0.094 0.103
0.0001 -2.19174 9.77815 0.9807922840 2.4688041210    0.938  1.841  3.7964  2.707    4  0.000  0.480     0.00     0.00     0.00     0.00     0.00 -1    -1e-30      0.00 7.451e-01 2.548e-01 1.552e-05 6.617e-06 4.312e-05 -1.000 1.000e-04 0.166 0.895 0.351 0.137 0.095 0.095 0.104
0.0001 -2.19174 9.77815 0.9808810949 2.4688234329    0.939  1.842  3.7973  2.710    4  0.000  0.480     0.00     0.00     0.00     0.00     0.00 -1    -1e-30      0.00 7.451e-01 2.548e-01 1.552e-05 6.619e-06 4.312e-05 -1.000 1.000e-04 0.165 0.889 0.346 0.135 0.095 0.095 0.105
0.0001 -2.19174 9.77815 0.9809940457 2.4688482285    0.939  1.843  3.7980  2.712    4  0.000  0.480     0.00     0.00     0.00     0.00     0.00 -1    -1e-30      0.00 7.451e-01 2.548e-01 1.551e-05 6.621e-06 4.312e-05 -1.000 1.000e-04 0.162 0.882 0.341 0.133 0.094 0.095 0.105
0.0001 -2.19174 9.77815 0.9811108708 2.4688737392    0.939  1.844  3.7983  2.712    4  0.000  0.480     0.00     0.00     0.00     0.00     0.00 -1    -1e-30      0.00 7.451e-01 2.548e-01 1.551e-05 6.623e-06 4.313e-05 -1.000 1.001e-04 0.159 0.878 0.337 0.130 0.091 0.093 0.103
0.0001 -2.19174 9.77815 0.9812238216 2.4688985348    0.939  1.846  3.7981  2.709    4  0.000  0.480     0.00     0.00     0.00     0.00     0.00 -1    -1e-30      0.00 7.451e-01 2.548e-01 1.551e-05 6.625e-06 4.313e-05 -1.000 1.001e-04 0.156 0.876 0.334 0.127 0.087 0.089 0.099
0.0001 -2.19174 9.77815 0.9813453555 2.4689249992    0.939  1.847  3.7970  2.704    4  0.000  0.480     0.00     0.00     0.00     0.00     0.00 -1    -1e-30      0.00 7.451e-01 2.548e-01 1.551e-05 6.628e-06 4.313e-05 -1.000 1.001e-04 0.152 0.876 0.334 0.122 0.081 0.082 0.091
0.0001 -2.19174 9.77815 0.9814631939 2.4689507484    0.939  1.849  3.7954  2.695    4  0.000  0.479     0.00     0.00     0.00     0.00     0.00 -1    -1e-30      0.00 7.451e-01 2.548e-01 1.551e-05 6.630e-06 4.313e-05 -1.000 1.000e-04 0.147 0.879 0.334 0.117 0.073 0.072 0.081
0.0001 -2.19174 9.77815 0.9815736413 2.4689750671    0.939  1.851  3.7933  2.685    4  0.000  0.479     0.00     0.00     0.00     0.00     0.00 -1    -1e-30      0.00 7.451e-01 2.548e-01 1.551e-05 6.632e-06 4.313e-05 -1.000 1.000e-04 0.141 0.884 0.336 0.111 0.063 0.061 0.069
0.0001 -2.19174 9.77815 0.9816102386 2.4689829350    0.939  1.852  3.7926  2.681    4  0.000  0.479     0.00     0.00     0.00     0.00     0.00 -1    -1e-30      0.00 7.451e-01 2.548e-01 1.551e-05 6.633e-06 4.313e-05 -1.000 1.001e-04 0.139 0.886 0.337 0.109 0.060 0.057 0.065
0.0001 -2.19174 9.77815 0.9816523790 2.4689922333    0.939  1.853  3.7916  2.676    4  0.000  0.479     0.00     0.00     0.00     0.00     0.00 -1    -1e-30      0.00 7.451e-01 2.548e-01 1.551e-05 6.634e-06 4.313e-05 -1.000 1.000e-04 0.137 0.888 0.338 0.106 0.056 0.052 0.059
0.0001 -2.19174 9.77815 0.9817692041 2.4690177441    0.940  1.856  3.7887  2.662    4  0.000  0.479     0.00     0.00     0.00     0.00     0.00 -1    -1e-30      0.00 7.451e-01 2.548e-01 1.550e-05 6.636e-06 4.313e-05 -1.000 1.000e-04 0.130 0.895 0.341 0.099 0.043 0.036 0.043
0.0001 -2.19174 9.77815 0.9818893671 2.4690439701    0.940  1.859  3.7854  2.645    4  0.000  0.479     0.00     0.00     0.00     0.00     0.00 -1    -1e-30      0.00 7.451e-01 2.548e-01 1.550e-05 6.638e-06 4.313e-05 -1.000 1.001e-04 0.122 0.903 0.344 0.091 0.029 0.019 0.025
0.0001 -2.19174 9.77815 0.9820085168 2.4690699577    0.940  1.863  3.7819  2.627    4  0.000  0.479     0.00     0.00     0.00     0.00     0.00 -1    -1e-30      0.00 7.451e-01 2.548e-01 1.550e-05 6.640e-06 4.313e-05 -1.000 1.000e-04 0.113 0.912 0.347 0.081 0.013 0.000 0.005
0.0001 -2.19174 9.77815 0.9821226001 2.4690947533    0.940  1.867  3.7783  2.609    4  0.000  0.479     0.00     0.00     0.00     0.00     0.00 -1    -1e-30      0.00 7.451e-01 2.548e-01 1.550e-05 6.643e-06 4.313e-05 -1.000 1.000e-04 0.102 0.921 0.350 0.071 -0.003 -0.019 -0.016
0.0001 -2.19174 9.77815 0.9822371006 2.4691197872    0.940  1.872  3.7747  2.590    4  0.000  0.479     0.00     0.00     0.00     0.00     0.00 -1    -1e-30      0.00 7.451e-01 2.548e-01 1.550e-05 6.645e-06 4.313e-05 -1.000 1.001e-04 0.091 0.930 0.351 0.060 -0.021 -0.040 -0.039
0.0001 -2.19174 9.77815 0.9823514819 2.4691448212    0.940  1.876  3.7715  2.573    4  0.000  0.479     0.00     0.00     0.00     0.00     0.00 -1    -1e-30      0.00 7.451e-01 2.548e-01 1.550e-05 6.647e-06 4.313e-05 -1.000 1.000e-04 0.079 0.937 0.351 0.048 -0.038 -0.061 -0.061
0.0001 -2.19174 9.77815 0.9824675918 2.4691700935    0.940  1.882  3.7685  2.555    4  0.000  0.479     0.00     0.00     0.00     0.00     0.00 -1    -1e-30      0.00 7.450e-01 2.549e-01 1.549e-05 6.649e-06 4.313e-05 -1.000 1.000e-04 0.066 0.941 0.348 0.035 -0.057 -0.082 -0.083
0.0001 -2.19174 9.77815 0.9825807214 2.4691946507    0.940  1.888  3.7655  2.538    4  0.000  0.479     0.00     0.00     0.00     0.00     0.00 -1    -1e-30      0.00 7.450e-01 2.549e-01 1.549e-05 6.651e-06 4.313e-05 -1.000 1.001e-04 0.051 0.944 0.344 0.021 -0.076 -0.104 -0.107
0.0001 -2.19174 9.77815 0.9826980829 2.4692203999    0.941  1.891  3.7647  2.531    4  0.000  0.479     0.00     0.00     0.00     0.00     0.00 -1    -1e-30      0.00 7.450e-01 2.549e-01 1.549e-05 6.654e-06 4.313e-05 -1.000 1.000e-04 0.043 0.942 0.340 0.013 -0.085 -0.114 -0.117
0.0001 -2.19174 9.77815 0.9828114510 2.4692449570    0.941  1.894  3.7631  2.522    4  0.000  0.479     0.00     0.00     0.00     0.00     0.00 -1    -1e-30      0.00 7.450e-01 2.549e-01 1.549e-05 6.656e-06 4.313e-05 -1.000 1.000e-04 0.036 0.943 0.338 0.006 -0.096 -0.126 -0.129
0.0001 -2.19174 9.77815 0.9829313755 2.4692711830    0.941  1.910  3.7561  2.477    4  0.000  0.479     0.00     0.00     0.00     0.00     0.00 -1    -1e-30      0.00 7.450e-01 2.549e-01 1.549e-05 6.658e-06 4.313e-05 -1.000 1.000e-04 -0.006 0.946 0.323 -0.035 -0.148 -0.185 -0.192
0.0001 -2.19174 9.77815 0.9830458164 2.4692959785    0.941  1.937  3.7475  2.417    4  0.000  0.479     0.00     0.00     0.00     0.00     0.00 -1    -1e-30      0.00 7.450e-01 2.549e-01 1.549e-05 6.660e-06 4.313e-05 -1.000 1.000e-04 -0.071 0.937 0.290 -0.098 -0.226 -0.272 -0.282
0.0001 -2.19174 9.77815 0.9831123352 2.4693105221    0.941  1.963  3.7403  2.362    4  0.000  0.479     0.00     0.00     0.00     0.00     0.00 -1    -1e-30      0.00 7.450e-01 2.549e-01 1.548e-05 6.662e-06 4.313e-05 -1.000 1.000e-04 -0.138 0.920 0.250 -0.163 -0.303 -0.357 -0.369
0.0001 -2.19174 9.77815 0.9831454158 2.4693176746    0.941  1.992  3.7341  2.308    4  0.000  0.479     0.00     0.00     0.00     0.00     0.00 -1    -1e-30      0.00 7.450e-01 2.549e-01 1.548e-05 6.662e-06 4.313e-05 -1.000 1.000e-04 -0.211 0.898 0.203 -0.234 -0.385 -0.446 -0.461
0.0001 -2.19174 9.77815 0.9831590056 2.4693207741    0.941  2.025  3.7285  2.252    4  0.000  0.479     0.00     0.00     0.00     0.00     0.00 -1    -1e-30      0.00 7.450e-01 2.549e-01 1.548e-05 6.662e-06 4.313e-05 -1.000 1.000e-04 -0.293 0.863 0.143 -0.315 -0.476 -0.543 -0.561
0.0001 -2.19174 9.77815 0.9831645489 2.4693219662    0.941  2.059  3.7242  2.201    4  0.000  0.479     0.00     0.00     0.00     0.00     0.00 -1    -1e-30      0.00 7.450e-01 2.549e-01 1.548e-05 6.663e-06 4.313e-05 -1.000 1.000e-04 -0.377 0.818 0.077 -0.398 -0.565 -0.637 -0.657
0.0001 -2.19174 9.77815 0.9831651449 2.4693219662    0.941  2.064  3.7236  2.194    7  0.000  0.479     0.00     0.00     0.00     0.00     0.00 -1    -1e-30      0.00 7.450e-01 2.549e-01 1.548e-05 6.663e-06 4.313e-05 -1.000 1.000e-04 -0.390 0.810 0.066 -0.410 -0.579 -0.652 -0.672
0.0001 -2.19174 9.77815 0.9831659198 2.4693222046    0.941  2.076  3.7226  2.178    7  0.000  0.479     0.00     0.00     0.00     0.00     0.00 -1    -1e-30      0.00 7.450e-01 2.549e-01 1.548e-05 6.663e-06 4.313e-05 -1.000 1.000e-04 -0.420 0.790 0.041 -0.439 -0.610 -0.683 -0.704
0.0001 -2.19174 9.77815 0.9831682444 2.4693226814    0.941  2.115  3.7194  2.126    7  0.000  0.479     0.00     0.00     0.00     0.00     0.00 -1    -1e-30      0.00 7.450e-01 2.549e-01 1.548e-05 6.663e-06 4.313e-05 -1.000 1.001e-04 -0.517 0.722 -0.043 -0.535 -0.711 -0.788 -0.811
0.0001 -2.19174 9.77815 0.9831702113 2.4693231583    0.941  2.148  3.7170  2.083    7  0.000  0.479     0.00     0.00     0.00     0.00     0.00 -1    -1e-30      0.00 7.450e-01 2.549e-01 1.548e-05 6.663e-06 4.313e-05 -1.000 1.001e-04 -0.601 0.664 -0.116 -0.618 -0.798 -0.878 -0.902
0.0001 -2.19174 9.77815 0.9831721187 2.4693236351    0.941  2.177  3.7152  2.048    7  0.000  0.479     0.00     0.00     0.00     0.00     0.00 -1    -1e-30      0.00 7.450e-01 2.549e-01 1.548e-05 6.663e-06 4.313e-05 -1.000 9.996e-05 -0.671 0.613 -0.178 -0.687 -0.870 -0.953 -0.977
0.0001 -2.19174 9.77815 0.9831746817 2.4693241119    0.941  2.188  3.7145  2.034    7  0.000  0.479     0.00     0.00     0.00     0.00     0.00 -1    -1e-30      0.00 7.450e-01 2.549e-01 1.548e-05 6.663e-06 4.313e-05 -1.000 1.000e-04 -0.700 0.591 -0.203 -0.715 -0.900 -0.983 -1.008
0.0001 -2.19174 9.77815 0.9831805825 2.4693253040    0.941  2.177  3.7154  2.048    7  0.000  0.479     0.00     0.00     0.00     0.00     0.00 -1    -1e-30      0.00 7.450e-01 2.549e-01 1.548e-05 6.663e-06 4.313e-05 -1.000 1.000e-04 -0.673 0.608 -0.181 -0.689 -0.872 -0.954 -0.979
0.0001 -2.19174 9.77815 0.9831891656 2.4693272114    0.941  2.174  3.7156  2.052    7  0.000  0.479     0.00     0.00     0.00     0.00     0.00 -1    -1e-30      0.00 7.450e-01 2.549e-01 1.548e-05 6.663e-06 4.313e-05 -1.000 1.000e-04 -0.665 0.614 -0.174 -0.681 -0.864 -0.945 -0.970
0.0001 -2.19174 9.77815 0.9832407832 2.4693384171    0.941  2.196  3.7140  2.024    7  0.000  0.479     0.00     0.00     0.00     0.00     0.00 -1    -1e-30      0.00 7.450e-01 2.549e-01 1.548e-05 6.664e-06 4.313e-05 -1.000 1.001e-04 -0.719 0.578 -0.220 -0.734 -0.920 -1.003 -1.028
0.0001 -2.19174 9.77815 0.9832740426 2.4693458080    0.941  2.226  3.7119  1.986    7  0.000  0.479     0.00     0.00     0.00     0.00     0.00 -1    -1e-30      0.00 7.450e-01 2.549e-01 1.548e-05 6.665e-06 4.313e-05 -1.000 1.000e-04 -0.794 0.524 -0.285 -0.808 -0.998 -1.084 -1.110
0.0001 -2.19174 9.77815 0.9833126664 2.4693541527    0.941  2.279  3.7086  1.919    7  0.000  0.479     0.00     0.00     0.00     0.00     0.00 -1    -1e-30      0.00 7.450e-01 2.549e-01 1.548e-05 6.665e-06 4.313e-05 -1.000 1.000e-04 -0.928 0.429 -0.403 -0.941 -1.136 -1.226 -1.254
0.0001 -2.19174 9.77815 0.9833492637 2.4693620205    0.941  2.336  3.7053  1.849    7  0.000  0.479     0.00     0.00     0.00     0.00     0.00 -1    -1e-30      0.00 7.450e-01 2.549e-01 1.548e-05 6.666e-06 4.313e-05 -1.000 1.000e-04 -1.070 0.328 -0.528 -1.080 -1.281 -1.375 -1.405
0.0001 -2.19174 9.77815 0.9833821058 2.4693691730    0.941  2.384  3.7027  1.791    7  0.000  0.479     0.00     0.00     0.00     0.00     0.00 -1    -1e-30      0.00 7.450e-01 2.549e-01 1.548e-05 6.667e-06 4.313e-05 -1.000 1.000e-04 -1.189 0.242 -0.633 -1.198 -1.404 -1.501 -1.532
0.0001 -2.19174 9.77815 0.9834113121 2.4693756104    0.941  2.428  3.7003  1.737    7  0.000  0.478     0.00     0.00     0.00     0.00     0.00 -1    -1e-30      0.00 7.450e-01 2.549e-01 1.547e-05 6.670e-06 4.313e-05 -1.000 9.999e-05 -1.299 0.162 -0.731 -1.306 -1.516 -1.616 -1.649
0.0001 -2.19174 9.77815 0.9834368229 2.4693810940    0.941  2.470  3.6981  1.687    7  0.000  0.477     0.00     0.00     0.00     0.00     0.00 -1    -1e-30      0.00 7.450e-01 2.549e-01 1.543e-05 6.690e-06 4.313e-05 -1.000 1.000e-04 -1.404 0.088 -0.823 -1.408 -1.623 -1.726 -1.760
0.0001 -2.19174 9.77815 0.9834593534 2.4693861008    0.941  2.510  3.6960  1.638    7  0.000  0.473     5.32     4.34     3.13     2.39     1.94  4    -1e-30      0.00 7.449e-01 2.550e-01 1.532e-05 6.788e-06 4.314e-05 -1.000 9.996e-05 -1.506 0.016 -0.912 -1.508 -1.727 -1.832 -1.867
0.0001 -2.19174 9.77815 0.9834795594 2.4693903923    0.941  2.550  3.6939  1.589    7  0.000  0.466     5.89     4.74     3.40     2.61     2.11  4    -1e-30      0.00 7.448e-01 2.551e-01 1.507e-05 7.048e-06 4.314e-05 -1.000 9.990e-05 -1.606 -0.055 -1.000 -1.606 -1.829 -1.937 -1.972
0.0001 -2.19174 9.77815 0.9834976792 2.4693944454    0.941  2.590  3.6919  1.541    7  0.000  0.455     6.51     5.17     3.69     2.84     2.30  4    -1e-30      0.00 7.447e-01 2.552e-01 1.473e-05 7.444e-06 4.314e-05 -1.000 1.001e-04 -1.705 -0.126 -1.087 -1.703 -1.930 -2.041 -2.078
0.0001 -2.19174 9.77815 0.9835144281 2.4693980217    0.941  2.631  3.6898  1.492    7  0.000  0.445     7.22     5.65     4.02     3.09     2.50  4    -1e-30      0.00 7.446e-01 2.553e-01 1.440e-05 7.863e-06 4.315e-05 -1.000 1.000e-04 -1.807 -0.197 -1.176 -1.802 -2.033 -2.147 -2.184
0.0001 -2.19174 9.77815 0.9835296273 2.4694013596    0.941  2.671  3.6877  1.444    7  0.000  0.436     7.98     6.16     4.37     3.36     2.72  3    -1e-30      0.00 7.445e-01 2.554e-01 1.410e-05 8.226e-06 4.315e-05 -1.000 1.001e-04 -1.907 -0.262 -1.261 -1.899 -2.134 -2.251 -2.290
0.0001 -2.19174 9.77815 0.9835439920 2.4694044590    0.941  2.710  3.6857  1.396    7  0.000  0.428     8.83     6.72     4.75     3.66     2.96  3    -1e-30      0.00 7.443e-01 2.556e-01 1.385e-05 8.536e-06 4.315e-05 -1.000 1.000e-04 -2.006 -0.325 -1.346 -1.995 -2.235 -2.354 -2.394
0.0001 -2.19174 9.77815 0.9835575819 2.4694073200    0.941  2.750  3.6836  1.348    7  0.000  0.422     9.75     7.32     5.15     3.97     3.22  3    -1e-30      0.00 7.442e-01 2.557e-01 1.364e-05 8.797e-06 4.315e-05 -1.000 1.000e-04 -2.104 -0.367 -1.426 -2.093 -2.337 -2.459 -2.500
0.0001 -2.19174 9.77815 0.9835708141 2.4694101810    0.941  2.789  3.6815  1.300    7  0.000  0.416    10.79     7.99     5.60     4.32     3.51  3    -1e-30      0.00 7.441e-01 2.558e-01 1.346e-05 9.027e-06 4.313e-05 -1.000 9.999e-05 -2.204 -0.404 -1.506 -2.191 -2.441 -2.565 -2.607
0.0001 -2.19174 9.77815 0.9835833311 2.4694130421    0.941  2.829  3.6794  1.252    7  0.000  0.411    11.94     8.72     6.09     4.71     3.82  3    -1e-30      0.00 7.439e-01 2.560e-01 1.329e-05 9.236e-06 4.310e-05 -1.000 1.000e-04 -2.303 -0.437 -1.584 -2.290 -2.544 -2.671 -2.715
0.0001 -2.19174 9.77815 0.9835945964 2.4694154263    0.942  2.868  3.6773  1.205    7  0.000  0.407    13.16     9.48     6.60     5.11     4.14  3    -1e-30      0.00 7.437e-01 2.562e-01 1.315e-05 9.427e-06 4.305e-05 -1.000 1.000e-04 -2.400 -0.461 -1.657 -2.384 -2.644 -2.774 -2.818
0.0001 -2.19174 9.77815 0.9836056828 2.4694178104    0.942  2.908  3.6752  1.157    7  0.000  0.404    14.57    10.35     7.17     5.56     4.51  3    -1e-30      0.00 7.435e-01 2.564e-01 1.303e-05 9.623e-06 4.297e-05 -1.000 9.996e-05 -2.499 -0.479 -1.730 -2.480 -2.747 -2.880 -2.926
0.0001 -2.19174 9.77815 0.9836153984 2.4694199562    0.942  2.946  3.6731  1.110    7  0.000  0.402    16.08    11.28     7.78     6.04     4.90  2    -1e-30      0.00 7.433e-01 2.566e-01 1.292e-05 9.834e-06 4.285e-05 -1.000 1.000e-04 -2.596 -0.491 -1.799 -2.575 -2.847 -2.984 -3.031
0.0001 -2.19174 9.77815 0.9836233854 2.4694216251    0.942  2.984  3.6710  1.064    7  0.000  0.401    17.69    12.24     8.42     6.54     5.31  2    -1e-30      0.00 7.431e-01 2.568e-01 1.283e-05 1.006e-05 4.270e-05 -1.000 1.000e-04 -2.689 -0.496 -1.862 -2.665 -2.944 -3.083 -3.132
0.0001 -2.19174 9.77815 0.9836299419 2.4694230556    0.942  3.018  3.6690  1.022    7  0.000  0.400    19.34    13.22     9.06     7.05     5.72  2    -1e-30      0.00 7.430e-01 2.569e-01 1.276e-05 1.027e-05 4.256e-05 -1.000 1.000e-04 -2.776 -0.494 -1.919 -2.748 -3.034 -3.176 -3.226
0.0001 -2.19174 9.77815 0.9836366773 2.4694247246    0.942  3.056  3.6669  0.976    7  0.000  0.399    21.30    14.37     9.81     7.64     6.20  2    -1e-30      0.00 7.428e-01 2.571e-01 1.270e-05 1.048e-05 4.240e-05 -1.000 1.001e-04 -2.869 -0.482 -1.976 -2.837 -3.130 -3.277 -3.328
0.0001 -2.19174 9.77815 0.9836422205 2.4694259167    0.942  3.087  3.6650  0.937    7  0.000  0.399    23.11    15.42    10.49     8.18     6.64  2    -1e-30      0.00 7.427e-01 2.572e-01 1.266e-05 1.064e-05 4.228e-05 -1.000 1.000e-04 -2.949 -0.465 -2.021 -2.912 -3.212 -3.362 -3.414
0.0001 -2.19174 9.77815 0.9836474657 2.4694268703    0.942  3.130  3.6625  0.884    7  0.000  0.399    25.78    16.94    11.48     8.97     7.28  2    -1e-30      0.00 7.425e-01 2.574e-01 1.261e-05 1.084e-05 4.212e-05 -1.000 9.996e-05 -3.054 -0.429 -2.075 -3.010 -3.321 -3.476 -3.530
0.0001 -2.19174 9.77815 0.9836476445 2.4694271088    0.942  3.131  3.6624  0.882    7  0.000  0.399    25.90    17.01    11.52     9.00     7.31  2    -1e-30      0.00 7.425e-01 2.574e-01 1.261e-05 1.085e-05 4.212e-05 -1.000 1.000e-04 -3.058 -0.428 -2.077 -3.014 -3.326 -3.480 -3.535
0.0001 -2.19174 9.77815 0.9836478829 2.4694271088    0.942  3.134  3.6623  0.879    7  0.000  0.399    26.07    17.11    11.59     9.05     7.35  2    -1e-30      0.00 7.425e-01 2.574e-01 1.260e-05 1.087e-05 4.211e-05 -1.000 1.000e-04 -3.065 -0.425 -2.080 -3.020 -3.332 -3.487 -3.542
0.0001 -2.19174 9.77815 0.9836484790 2.4694271088    0.942  3.140  3.6619  0.872    7  0.000  0.399    26.45    17.33    11.73     9.16     7.44  2    -1e-30      0.00 7.424e-01 2.575e-01 1.260e-05 1.089e-05 4.208e-05 -1.000 1.001e-04 -3.079 -0.419 -2.087 -3.033 -3.347 -3.503 -3.557
0.0001 -2.19174 9.77815 0.9836496115 2.4694273472    0.942  3.149  3.6613  0.860    7  0.000  0.399    27.14    17.72    11.98     9.36     7.60  2    -1e-30      0.00 7.424e-01 2.575e-01 1.258e-05 1.095e-05 4.204e-05 -1.000 1.000e-04 -3.104 -0.409 -2.098 -3.056 -3.373 -3.530 -3.585
0.0001 -2.19174 9.77815 0.9836531878 2.4694283009    0.942  3.215  3.6573  0.778    7  0.000  0.399    32.20    20.53    13.79    10.80     8.78  2    -1e-30      0.00 7.421e-01 2.578e-01 1.251e-05 1.126e-05 4.180e-05 -1.000 1.000e-04 -3.267 -0.340 -2.171 -3.203 -3.539 -3.704 -3.763
0.0001 -2.19174 9.77815 0.9836551547 2.4694285393    0.942  3.274  3.6536  0.704    7  0.534  0.399    37.63    23.48    15.68    12.30    10.00  1    -1e-30      0.00 7.417e-01 2.582e-01 1.241e-05 1.164e-05 4.150e-05 -1.000 1.000e-04 -3.416 -0.343 -2.253 -3.335 -3.686 -3.859 -3.920
0.0001 -2.19174 9.77815 0.9836552739 2.4694285393    0.942  3.277  3.6534  0.700    7  0.533  0.399    37.92    23.64    15.78    12.38    10.07  1    -1e-30      0.00 7.417e-01 2.582e-01 1.241e-05 1.167e-05 4.148e-05 -1.000 1.000e-04 -3.423 -0.343 -2.257 -3.341 -3.693 -3.867 -3.928
0.0001 -2.19174 9.77815 0.9836553335 2.4694287777    0.941  3.277  3.6520  0.695    8  0.533  0.418    38.35    23.87    15.93    12.50    10.16  1 -3.68e-07      0.00 7.417e-01 2.582e-01 1.310e-05 1.168e-05 4.178e-05 -1.000 1.466e-04 -3.423 -0.305 -2.238 -3.335 -3.691 -3.867 -3.930
0.0001 -2.19174 9.77815 0.9836554527 2.4694287777    0.940  3.104  3.6626  0.909    8  0.533  0.418    24.47    16.20    11.00     8.58     6.97  2 -1.87e-07      0.00 7.417e-01 2.582e-01 1.310e-05 1.168e-05 4.178e-05 -1.000 1.466e-04 -2.991 -0.383 -2.018 -2.947 -3.257 -3.411 -3.465
0.0001 -2.19174 9.77815 0.9836556315 2.4694287777    0.939  2.972  3.6704  1.072    8  0.533  0.418    17.39    12.07     8.30     6.45     5.24  2 -1.16e-07      0.00 7.417e-01 2.582e-01 1.310e-05 1.168e-05 4.178e-05 -1.000 1.466e-04 -2.661 -0.447 -1.827 -2.636 -2.916 -3.056 -3.105
0.0001 -2.19174 9.77815 0.9836560488 2.4694287777    0.936  2.729  3.6847  1.371    8  0.533  0.418     9.29     7.02     4.95     3.82     3.09  3  -5.2e-08      0.00 7.417e-01 2.582e-01 1.310e-05 1.168e-05 4.178e-05 -1.000 1.466e-04 -2.053 -0.346 -1.385 -2.042 -2.284 -2.404 -2.445
0.0001 -2.19174 9.77815 0.9836566448 2.4694290161    0.931  2.732  3.6843  1.364    8  0.533  0.418     9.40     7.10     5.00     3.86     3.12  3 -5.26e-08      0.00 7.417e-01 2.582e-01 1.310e-05 1.168e-05 4.178e-05 -1.000 1.467e-04 -2.060 -0.343 -1.389 -2.049 -2.292 -2.413 -2.454
0.0001 -2.19174 9.77815 0.9836573601 2.4694290161    0.926  2.787  3.6808  1.293    8  0.533  0.418    10.90     8.06     5.65     4.36     3.54  3 -6.28e-08      0.00 7.417e-01 2.582e-01 1.310e-05 1.168e-05 4.178e-05 -1.000 1.466e-04 -2.197 -0.378 -1.493 -2.184 -2.435 -2.561 -2.603
0.0001 -2.19174 9.77815 0.9836582541 2.4694292545    0.919  2.954  3.6706  1.082    8  0.534  0.418    16.93    11.79     8.11     6.31     5.12  2 -1.11e-07      0.00 7.417e-01 2.582e-01 1.310e-05 1.168e-05 4.178e-05 -1.000 1.466e-04 -2.615 -0.412 -1.785 -2.590 -2.870 -3.010 -3.059
0.0001 -2.19174 9.77815 0.9836592674 2.4694294930    0.911  3.114  3.6607  0.878    8  0.534  0.418    25.89    17.00    11.51     9.00     7.31  2    -2e-07      0.00 7.417e-01 2.582e-01 1.310e-05 1.168e-05 4.178e-05 -1.000 1.466e-04 -3.016 -0.302 -2.003 -2.966 -3.285 -3.443 -3.498
0.0001 -2.19174 9.77815 0.9836604595 2.4694297314    0.902  3.222  3.6539  0.739    8  0.534  0.418    34.61    21.81    14.60    11.46     9.31  1 -3.09e-07      0.00 7.417e-01 2.582e-01 1.310e-05 1.168e-05 4.178e-05 -1.000 1.466e-04 -3.286 -0.245 -2.136 -3.206 -3.555 -3.727 -3.788
0.0001 -2.19174 9.77815 0.9836618304 2.4694299698    0.892  3.279  3.6500  0.661    8  0.535  0.418    40.63    25.03    16.64    13.10    10.64  1 -3.96e-07      0.00 7.417e-01 2.582e-01 1.310e-05 1.168e-05 4.178e-05 -1.000 1.466e-04 -3.429 -0.234 -2.208 -3.331 -3.696 -3.876 -3.940
0.0001 -2.19174 9.77815 0.9836633801 2.4694304466    0.881  3.305  3.6480  0.622    8  0.535  0.418    43.94    26.75    17.73    13.98    11.36  1 -4.47e-07      0.00 7.417e-01 2.582e-01 1.310e-05 1.168e-05 4.178e-05 -1.000 1.467e-04 -3.492 -0.219 -2.234 -3.383 -3.756 -3.941 -4.006
0.0001 -2.19174 9.77815 0.9836650491 2.4694306850    0.869  3.316  3.6468  0.600    8  0.536  0.418    45.92    27.77    18.37    14.49    11.78  1 -4.77e-07      0.00 7.417e-01 2.582e-01 1.310e-05 1.168e-05 4.178e-05 -1.000 1.466e-04 -3.521 -0.201 -2.239 -3.405 -3.783 -3.971 -4.037
0.0001 -2.19174 9.77815 0.9836651683 2.4694309235    0.868  3.201  3.6536  0.742    8  0.536  0.418    34.03    21.46    14.36    11.29     9.17  1 -2.96e-07      0.00 7.417e-01 2.582e-01 1.310e-05 1.168e-05 4.178e-05 -1.000 1.466e-04 -3.232 -0.186 -2.079 -3.151 -3.500 -3.673 -3.734
0.0001 -2.19174 9.77815 0.9836655259 2.4694309235    0.863  3.022  3.6641  0.961    8  0.536  0.418    21.44    14.44     9.83     7.69     6.24  2 -1.49e-07      0.00 7.417e-01 2.582e-01 1.310e-05 1.168e-05 4.178e-05 -1.000 1.466e-04 -2.785 -0.273 -1.847 -2.745 -3.048 -3.199 -3.252
0.0001 -2.19174 9.77815 0.9836661220 2.4694309235    0.856  2.780  3.6783  1.256    8  0.536  0.418    11.49     8.45     5.90     4.57     3.71  3 -6.51e-08      0.00 7.417e-01 2.582e-01 1.310e-05 1.168e-05 4.178e-05 -1.000 1.466e-04 -2.181 -0.282 -1.450 -2.165 -2.422 -2.551 -2.595
0.0001 -2.19174 9.77815 0.9836669564 2.4694311619    0.847  2.785  3.6778  1.244    8  0.536  0.418    11.73     8.61     6.00     4.66     3.77  3 -6.69e-08      0.00 7.417e-01 2.582e-01 1.310e-05 1.168e-05 4.178e-05 -1.000 1.466e-04 -2.192 -0.274 -1.456 -2.176 -2.435 -2.564 -2.609
0.0001 -2.19174 9.77815 0.9836680293 2.4694314003    0.834  2.842  3.6740  1.165    8  0.537  0.418    13.78     9.88     6.84     5.32     4.32  2  -8.2e-08      0.00 7.417e-01 2.582e-01 1.310e-05 1.168e-05 4.178e-05 -1.000 1.467e-04 -2.335 -0.278 -1.553 -2.315 -2.584 -2.718 -2.765
0.0001 -2.19174 9.77815 0.9836692810 2.4694316387    0.820  3.008  3.6636  0.950    8  0.537  0.418    21.63    14.53     9.88     7.74     6.28  2  -1.5e-07      0.00 7.417e-01 2.582e-01 1.310e-05 1.168e-05 4.178e-05 -1.000 1.466e-04 -2.751 -0.212 -1.803 -2.710 -3.015 -3.167 -3.220
0.0001 -2.19174 9.77815 0.9836708307 2.4694321156    0.802  3.168  3.6535  0.741    8  0.538  0.418    33.48    21.09    14.10    11.11     9.02  1 -2.86e-07      0.00 7.417e-01 2.582e-01 1.310e-05 1.168e-05 4.178e-05 -1.000 1.466e-04 -3.149 -0.100 -1.995 -3.068 -3.417 -3.590 -3.651
0.0001 -2.19174 9.77815 0.9836726189 2.4694323540    0.783  3.276  3.6464  0.594    8  0.538  0.418    45.46    27.34    18.05    14.30    11.61  1 -4.62e-07      0.00 7.417e-01 2.582e-01 1.310e-05 1.168e-05 4.178e-05 -1.000 1.467e-04 -3.419 -0.085 -2.131 -3.301 -3.681 -3.869 -3.936
0.0001 -2.19174 9.77815 0.9836745858 2.4694328308    0.762  3.334  3.6423  0.506    8  0.539  0.418    54.41    31.79    20.84    16.55    13.44  1 -6.21e-07      0.00 7.417e-01 2.582e-01 1.310e-05 1.168e-05 4.178e-05 -1.000 1.467e-04 -3.566 -0.062 -2.192 -3.424 -3.823 -4.021 -4.091
0.0001 -2.19174 9.77815 0.9836768508 2.4694333076    0.738  3.362  3.6401  0.456    8  0.540  0.418    60.17    34.53    22.54    17.94    14.57  1 -7.37e-07      0.00 7.417e-01 2.582e-01 1.310e-05 1.168e-05 4.178e-05 -1.000 1.466e-04 -3.636 -0.038 -2.210 -3.479 -3.890 -4.094 -4.167
0.0001 -2.19174 9.77815 0.9836792946 2.4694337845    0.714  3.378  3.6388  0.421    8  0.541  0.418    64.46    36.48    23.73    18.94    15.38  1 -8.34e-07      0.00 7.417e-01 2.582e-01 1.310e-05 1.168e-05 4.178e-05 -1.000 1.467e-04 -3.674 -0.019 -2.213 -3.507 -3.926 -4.133 -4.208
0.0001 -2.19174 9.77815 0.9836899042 2.4694361687    0.544 -9.999  4.0000  1.767    9  0.544  0.000     0.00     0.00     0.00     0.00     0.00 -1    -1e-30      0.00 7.416e-01 2.582e-01 1.310e-05 1.168e-05 4.178e-05 -1.000 1.466e-04 29.767 30.114 29.975 30.253 30.481 30.559 30.648
#isochrone terminated
