# File generated by CMD 3.6 (http://stev.oapd.inaf.it/cmd) on Thu Apr 21 18:05:57 CEST 2022
# isochrones based on PARSEC release v1.2S +  COLIBRI S_37 + S_35 + PR16
# Basic references: Bressan et al. (2012), MNRAS, 427, 127 + Chen et al. (2014, 2015), MNRAS, 444, 2525 + MNRAS, 452, 1068 + Tang et al. (2014), MNRAS, 445, 4287 + Marigo et al. (2017), ApJ, 835, 77 + Pastorelli al. (2019), MNRAS, 485, 5666 + Pastorelli al. (2020), MNRAS, in press
# Thermal pulse cycles included 
# On RGB, assumed Reimers mass loss with efficiency eta=0.2
# LPV periods and growth rates added cf. Trabucchi et al. (2019)
# but fundamental-mode LPV periods are from Trabucchi et al. (2021)
# Photometric system: DECAM (ABmags)
# Using YBC version of bolometric corrections as in Chen et al. (2019)
# O-rich circumstellar dpmod60alox40 dust from Groenewegen (2006)
# C-rich circumstellar AMCSIC15 dust from Groenewegen (2006)
# IMF: Kroupa (2001, 2002) + Kroupa et al. (2013) canonical two-part-power law IMF corrected for unresolved binaries 
# Kind of output: isochrone tables
# Zini     MH   logAge Mini        int_IMF         Mass   logL    logTe  logg  label   McoreTP C_O  period0  period1  period2  period3  period4  pmode  Mloss  tau1m   X   Y   Xc  Xn  Xo  Cexcess  Z 	 mbolmag  umag    gmag    rmag    imag    zmag    Ymag
0.001 -1.19029 9.60206 0.0900000036 1.0816895962    0.090 -3.216  3.4560  5.385    1  0.000  0.545     0.00     0.00     0.00     0.00     0.00 -1 -5.17e-17      0.00 7.482e-01 2.508e-01 1.798e-04 4.851e-05 4.400e-04 -1.000 1.000e-03 12.811 18.031 16.781 14.917 12.878 12.198 12.069
0.001 -1.19029 9.60206 0.0901141614 1.0827822685    0.090 -3.213  3.4564  5.384    1  0.000  0.545     0.00     0.00     0.00     0.00     0.00 -1 -5.21e-17      0.00 7.482e-01 2.508e-01 1.798e-04 4.851e-05 4.400e-04 -1.000 9.999e-04 12.803 18.022 16.763 14.899 12.869 12.191 12.062
0.001 -1.19029 9.60206 0.1000000015 1.1711064577    0.100 -2.961  3.4925  5.321    1  0.000  0.545     0.00     0.00     0.00     0.00     0.00 -1 -9.51e-17      0.00 7.478e-01 2.512e-01 1.798e-04 4.851e-05 4.400e-04 -1.000 1.000e-03 12.172 17.246 15.321 13.526 12.102 11.595 11.474
0.001 -1.19029 9.60206 0.1156341061 1.2898416519    0.116 -2.735  3.5186  5.262    1  0.000  0.545     0.00     0.00     0.00     0.00     0.00 -1 -1.59e-16      0.00 7.472e-01 2.518e-01 1.798e-04 4.851e-05 4.400e-04 -1.000 1.000e-03 11.607 16.400 14.241 12.543 11.473 11.059 10.944
0.001 -1.19029 9.60206 0.1199999973 1.3193154335    0.120 -2.677  3.5253  5.247    1  0.000  0.545     0.00     0.00     0.00     0.00     0.00 -1 -1.82e-16      0.00 7.470e-01 2.520e-01 1.798e-04 4.851e-05 4.400e-04 -1.000 1.000e-03 11.463 16.161 13.979 12.312 11.315 10.921 10.808
0.001 -1.19029 9.60206 0.1400000006 1.4384527206    0.140 -2.497  3.5415  5.199    1  0.000  0.545     0.00     0.00     0.00     0.00     0.00 -1 -2.69e-16      0.00 7.465e-01 2.525e-01 1.798e-04 4.851e-05 4.400e-04 -1.000 1.000e-03 11.013 15.448 13.260 11.673 10.836 10.485 10.377
0.001 -1.19029 9.60206 0.1599999964 1.5372931957    0.160 -2.361  3.5519  5.163    1  0.000  0.545     0.00     0.00     0.00     0.00     0.00 -1 -3.59e-16      0.00 7.459e-01 2.531e-01 1.798e-04 4.851e-05 4.400e-04 -1.000 1.000e-03 10.673 14.926 12.764 11.229 10.481 10.154 10.050
0.001 -1.19029 9.60206 0.2000000179 1.6938792467    0.200 -2.152  3.5661  5.107    1  0.000  0.545     0.00     0.00     0.00     0.00     0.00 -1 -5.54e-16      0.00 7.452e-01 2.538e-01 1.798e-04 4.851e-05 4.400e-04 -1.000 1.000e-03 10.150 14.139 12.042 10.582 9.942 9.644 9.546
0.001 -1.19029 9.60206 0.2500000000 1.8403258324    0.250 -1.953  3.5776  5.051    1  0.000  0.545     0.00     0.00     0.00     0.00     0.00 -1 -8.35e-16      0.00 7.446e-01 2.544e-01 1.798e-04 4.851e-05 4.400e-04 -1.000 1.000e-03 9.652 13.431 11.396 10.002 9.433 9.157 9.063
0.001 -1.19029 9.60206 0.3000000417 1.9529141188    0.300 -1.794  3.5862  5.005    1  0.000  0.545     0.00     0.00     0.00     0.00     0.00 -1 -1.16e-15      0.00 7.445e-01 2.545e-01 1.798e-04 4.851e-05 4.400e-04 -1.000 1.000e-03 9.254 12.875 10.896 9.554 9.029 8.767 8.678
0.001 -1.19029 9.60206 0.3499999940 2.0434174538    0.350 -1.652  3.5930  4.958    1  0.000  0.545     0.00     0.00     0.00     0.00     0.00 -1 -1.57e-15      0.00 7.486e-01 2.504e-01 1.798e-04 4.851e-05 4.400e-04 -1.000 1.000e-03 8.899 12.397 10.462 9.165 8.670 8.420 8.333
0.001 -1.19029 9.60206 0.4000000060 2.1185026169    0.400 -1.509  3.6037  4.916    1  0.000  0.545     0.00     0.00     0.00     0.00     0.00 -1 -2.14e-15      0.00 7.489e-01 2.501e-01 1.798e-04 4.851e-05 4.400e-04 -1.000 1.000e-03 8.544 11.865 9.990 8.762 8.306 8.072 7.991
0.001 -1.19029 9.60206 0.4500000179 2.1822810173    0.450 -1.341  3.6193  4.861    1  0.000  0.545     0.00     0.00     0.00     0.00     0.00 -1 -3.17e-15      0.00 7.489e-01 2.501e-01 1.798e-04 4.851e-05 4.400e-04 -1.000 1.000e-03 8.122 11.203 9.406 8.281 7.876 7.666 7.593
0.001 -1.19029 9.60206 0.5000000000 2.2374541759    0.500 -1.151  3.6448  4.819    1  0.000  0.545     0.00     0.00     0.00     0.00     0.00 -1 -4.89e-15      0.00 7.489e-01 2.501e-01 1.798e-04 4.851e-05 4.400e-04 -1.000 1.000e-03 7.648 10.356 8.682 7.724 7.393 7.223 7.162
0.001 -1.19029 9.60206 0.5253866315 2.2621772289    0.525 -1.050  3.6601  4.800    1  0.000  0.545     0.00     0.00     0.00     0.00     0.00 -1 -6.15e-15      0.00 7.550e-01 2.440e-01 1.758e-04 4.742e-05 4.301e-04 -1.000 9.927e-04 7.395 9.870 8.287 7.425 7.136 6.989 6.936
0.001 -1.19029 9.60206 0.5500000715 2.2836585045    0.550 -0.956  3.6742  4.783    1  0.000  0.545     0.00     0.00     0.00     0.00     0.00 -1 -7.61e-15      0.00 7.608e-01 2.383e-01 1.719e-04 4.637e-05 4.206e-04 -1.000 9.838e-04 7.160 9.398 7.930 7.156 6.901 6.775 6.728
0.001 -1.19029 9.60206 0.6000000238 2.3211214542    0.600 -0.777  3.6990  4.742    1  0.000  0.545     0.00     0.00     0.00     0.00     0.00 -1 -1.15e-14      0.00 7.640e-01 2.350e-01 1.698e-04 4.582e-05 4.157e-04 -1.000 9.367e-04 6.714 8.539 7.305 6.662 6.456 6.363 6.330
0.001 -1.19029 9.60206 0.6100072265 2.3277761936    0.610 -0.742  3.7045  4.735    1  0.000  0.544     0.00     0.00     0.00     0.00     0.00 -1 -1.25e-14      0.00 7.648e-01 2.343e-01 1.693e-04 4.570e-05 4.146e-04 -1.000 9.393e-04 6.624 8.368 7.185 6.566 6.369 6.283 6.253
0.001 -1.19029 9.60206 0.6499999762 2.3520355225    0.650 -0.603  3.7260  4.710    1  0.000  0.544     0.00     0.00     0.00     0.00     0.00 -1 -1.71e-14      0.00 7.678e-01 2.312e-01 1.674e-04 4.518e-05 4.099e-04 -1.000 9.913e-04 6.278 7.733 6.733 6.202 6.039 5.977 5.960
0.001 -1.19029 9.60206 0.6792066693 2.3676915169    0.679 -0.505  3.7408  4.690    1  0.000  0.544     0.00     0.00     0.00     0.00     0.00 -1 -2.15e-14      0.00 7.706e-01 2.285e-01 1.657e-04 4.472e-05 4.058e-04 -1.000 9.010e-04 6.032 7.319 6.430 5.952 5.811 5.765 5.754
0.001 -1.19029 9.60206 0.6999999881 2.3779268265    0.700 -0.436  3.7510  4.675    1  0.000  0.544     0.00     0.00     0.00     0.00     0.00 -1 -2.52e-14      0.00 7.727e-01 2.263e-01 1.643e-04 4.437e-05 4.027e-04 -1.000 9.613e-04 5.861 7.044 6.223 5.784 5.659 5.624 5.618
0.001 -1.19029 9.60206 0.7123087645 2.3836629391    0.712 -0.397  3.7568  4.666    1  0.000  0.542     0.00     0.00     0.00     0.00     0.00 -1 -2.77e-14      0.00 7.742e-01 2.248e-01 1.628e-04 4.409e-05 4.004e-04 -1.000 9.803e-04 5.761 6.889 6.105 5.688 5.572 5.543 5.539
0.001 -1.19029 9.60206 0.7417559624 2.3965017796    0.742 -0.303  3.7701  4.643    1  0.000  0.538     0.00     0.00     0.00     0.00     0.00 -1 -3.46e-14      0.00 7.783e-01 2.208e-01 1.590e-04 4.337e-05 3.942e-04 -1.000 9.001e-04 5.527 6.540 5.832 5.464 5.368 5.352 5.354
0.001 -1.19029 9.60206 0.7500000000 2.3998889923    0.750 -0.277  3.7736  4.636    1  0.000  0.536     0.00     0.00     0.00     0.00     0.00 -1 -3.68e-14      0.00 7.796e-01 2.195e-01 1.578e-04 4.316e-05 3.924e-04 -1.000 9.000e-04 5.462 6.447 5.758 5.402 5.312 5.300 5.304
0.001 -1.19029 9.60206 0.7640243769 2.4054586887    0.764 -0.233  3.7786  4.620    1  0.000  0.536     0.00     0.00     0.00     0.00     0.00 -1 -4.11e-14      0.00 7.831e-01 2.161e-01 1.557e-04 4.258e-05 3.871e-04 -1.000 8.770e-04 5.352 6.300 5.636 5.298 5.216 5.209 5.214
0.001 -1.19029 9.60206 0.7920775414 2.4159219265    0.792 -0.146  3.7880  4.587    1  0.000  0.536     0.00     0.00     0.00     0.00     0.00 -1 -5.12e-14      0.00 7.909e-01 2.083e-01 1.508e-04 4.126e-05 3.754e-04 -1.000 8.094e-04 5.135 6.022 5.397 5.093 5.024 5.026 5.035
0.001 -1.19029 9.60206 0.8000000119 2.4187245369    0.800 -0.122  3.7906  4.577    1  0.000  0.536     0.00     0.00     0.00     0.00     0.00 -1 -5.45e-14      0.00 7.934e-01 2.058e-01 1.493e-04 4.085e-05 3.717e-04 -1.000 8.114e-04 5.074 5.946 5.330 5.035 4.970 4.975 4.984
0.001 -1.19029 9.60206 0.8274295330 2.4279527664    0.827 -0.037  3.7993  4.542    1  0.000  0.535     0.00     0.00     0.00     0.00     0.00 -1 -6.78e-14      0.00 7.990e-01 2.002e-01 1.469e-04 4.023e-05 3.663e-04 -1.000 8.428e-04 4.863 5.687 5.100 4.835 4.783 4.796 4.809
0.001 -1.19029 9.60206 0.8500000238 2.4350347519    0.849  0.032  3.8062  4.511    1  0.000  0.534     0.00     0.00     0.00     0.00     0.00 -1 -8.12e-14      0.00 8.027e-01 1.965e-01 1.458e-04 3.995e-05 3.640e-04 -1.000 8.000e-04 4.689 5.481 4.911 4.669 4.629 4.648 4.663
0.001 -1.19029 9.60206 0.8579520583 2.4374279976    0.857  0.056  3.8086  4.501    1  0.000  0.534     0.00     0.00     0.00     0.00     0.00 -1 -8.64e-14      0.00 8.027e-01 1.965e-01 1.460e-04 4.001e-05 3.645e-04 -1.000 8.000e-04 4.629 5.409 4.845 4.612 4.575 4.597 4.612
0.001 -1.19029 9.60206 0.8845490217 2.4450745583    0.884  0.137  3.8167  4.466    1  0.000  0.533     0.00     0.00     0.00     0.00     0.00 -1 -1.07e-13      0.00 8.023e-01 1.968e-01 1.467e-04 4.024e-05 3.668e-04 -1.000 8.696e-04 4.427 5.174 4.624 4.418 4.393 4.423 4.441
0.001 -1.19029 9.60206 0.8999999762 2.4492788315    0.899  0.185  3.8213  4.444    1  0.000  0.533     0.00     0.00     0.00     0.00     0.00 -1 -1.21e-13      0.00 8.021e-01 1.971e-01 1.472e-04 4.040e-05 3.682e-04 -1.000 8.321e-04 4.308 5.038 4.494 4.303 4.286 4.319 4.339
0.001 -1.19029 9.60206 0.9071151614 2.4511594772    0.906  0.207  3.8235  4.434    1  0.000  0.533     0.00     0.00     0.00     0.00     0.00 -1 -1.28e-13      0.00 8.022e-01 1.970e-01 1.472e-04 4.038e-05 3.681e-04 -1.000 8.095e-04 4.253 4.976 4.435 4.250 4.236 4.272 4.292
0.001 -1.19029 9.60206 0.9278585911 2.4564535618    0.927  0.272  3.8299  4.405    1  0.000  0.533     0.00     0.00     0.00     0.00     0.00 -1 -1.52e-13      0.00 8.023e-01 1.969e-01 1.472e-04 4.038e-05 3.681e-04 -1.000 8.292e-04 4.091 4.791 4.257 4.094 4.090 4.132 4.154
0.001 -1.19029 9.60206 0.9467058778 2.4610333443    0.946  0.332  3.8358  4.377    1  0.000  0.533     0.00     0.00     0.00     0.00     0.00 -1 -1.79e-13      0.00 8.021e-01 1.971e-01 1.473e-04 4.042e-05 3.685e-04 -1.000 8.568e-04 3.940 4.623 4.093 3.948 3.954 4.001 4.024
0.001 -1.19029 9.60206 0.9499999881 2.4618122578    0.949  0.343  3.8368  4.372    1  0.000  0.533     0.00     0.00     0.00     0.00     0.00 -1 -1.84e-13      0.00 8.020e-01 1.971e-01 1.474e-04 4.043e-05 3.686e-04 -1.000 8.476e-04 3.913 4.592 4.063 3.922 3.929 3.977 4.001
0.001 -1.19029 9.60206 0.9615335464 2.4644916058    0.961  0.380  3.8408  4.356    1  0.000  0.533     0.00     0.00     0.00     0.00     0.00 -1 -2.03e-13      0.00 8.019e-01 1.972e-01 1.474e-04 4.044e-05 3.687e-04 -1.000 8.173e-04 3.820 4.488 3.960 3.832 3.846 3.898 3.922
0.001 -1.19029 9.60206 0.9794313312 2.4685058594    0.979  0.440  3.8471  4.329    1  0.000  0.533     0.00     0.00     0.00     0.00     0.00 -1 -2.38e-13      0.00 8.017e-01 1.975e-01 1.475e-04 4.046e-05 3.689e-04 -1.000 8.376e-04 3.671 4.321 3.795 3.687 3.712 3.770 3.795
0.001 -1.19029 9.60206 0.9954645038 2.4719612598    0.995  0.495  3.8527  4.304    1  0.000  0.533     0.00     0.00     0.00     0.00     0.00 -1 -2.76e-13      0.00 8.013e-01 1.978e-01 1.476e-04 4.050e-05 3.691e-04 -1.000 8.457e-04 3.534 4.168 3.644 3.555 3.589 3.651 3.678
0.001 -1.19029 9.60206 1.0000000000 2.4729156494    0.999  0.510  3.8543  4.297    1  0.000  0.533     0.00     0.00     0.00     0.00     0.00 -1 -2.88e-13      0.00 8.013e-01 1.979e-01 1.477e-04 4.051e-05 3.692e-04 -1.000 8.464e-04 3.495 4.125 3.601 3.517 3.555 3.618 3.645
0.001 -1.19029 9.60206 1.0007550716 2.4730734825    1.000  0.513  3.8546  4.296    1  0.000  0.533     0.00     0.00     0.00     0.00     0.00 -1  -2.9e-13      0.00 8.013e-01 1.979e-01 1.476e-04 4.050e-05 3.692e-04 -1.000 8.461e-04 3.488 4.118 3.594 3.511 3.549 3.612 3.639
0.001 -1.19029 9.60206 1.0171227455 2.4764306545    1.016  0.570  3.8611  4.271    1  0.000  0.533     0.00     0.00     0.00     0.00     0.00 -1 -3.29e-13      0.00 8.017e-01 1.975e-01 1.475e-04 4.045e-05 3.687e-04 -1.000 8.253e-04 3.345 3.958 3.435 3.374 3.423 3.492 3.520
0.001 -1.19029 9.60206 1.0308763981 2.4791569710    1.030  0.620  3.8663  4.248    1  0.000  0.533     0.00     0.00     0.00     0.00     0.00 -1 -3.69e-13      0.00 8.019e-01 1.973e-01 1.474e-04 4.042e-05 3.685e-04 -1.000 8.485e-04 3.221 3.822 3.298 3.254 3.313 3.385 3.414
0.001 -1.19029 9.60206 1.0424174070 2.4813809395    1.041  0.665  3.8705  4.225    1  0.000  0.533     0.00     0.00     0.00     0.00     0.00 -1 -4.11e-13      0.00 8.012e-01 1.979e-01 1.477e-04 4.052e-05 3.693e-04 -1.000 8.852e-04 3.108 3.699 3.174 3.145 3.212 3.287 3.316
0.001 -1.19029 9.60206 1.0499999523 2.4828116894    1.049  0.696  3.8732  4.207    1  0.000  0.533     0.00     0.00     0.00     0.00     0.00 -1 -4.44e-13      0.00 8.003e-01 1.988e-01 1.482e-04 4.066e-05 3.706e-04 -1.000 9.000e-04 3.030 3.614 3.088 3.069 3.141 3.218 3.247
0.001 -1.19029 9.60206 1.0540560484 2.4835672379    1.053  0.712  3.8742  4.197    1  0.000  0.533     0.00     0.00     0.00     0.00     0.00 -1 -4.61e-13      0.00 7.998e-01 1.993e-01 1.485e-04 4.073e-05 3.713e-04 -1.000 9.000e-04 2.990 3.571 3.045 3.029 3.104 3.181 3.211
0.001 -1.19029 9.60206 1.0560081005 2.4839284420    1.055  0.720  3.8745  4.191    1  0.000  0.533     0.00     0.00     0.00     0.00     0.00 -1 -4.74e-13      0.00 7.996e-01 1.995e-01 1.486e-04 4.076e-05 3.715e-04 -1.000 9.000e-04 2.970 3.550 3.025 3.010 3.085 3.162 3.192
0.001 -1.19029 9.60206 1.0582129955 2.4843347073    1.057  0.730  3.8748  4.183    1  0.000  0.533     0.00     0.00     0.00     0.00     0.00 -1 -4.87e-13      0.00 7.994e-01 1.997e-01 1.487e-04 4.080e-05 3.718e-04 -1.000 9.000e-04 2.944 3.523 2.997 2.984 3.059 3.137 3.166
0.001 -1.19029 9.60206 1.0616663694 2.4849669933    1.060  0.747  3.8754  4.170    1  0.000  0.533     0.00     0.00     0.00     0.00     0.00 -1 -5.09e-13      0.00 7.992e-01 1.999e-01 1.489e-04 4.083e-05 3.722e-04 -1.000 9.000e-04 2.902 3.479 2.953 2.942 3.019 3.097 3.127
0.001 -1.19029 9.60206 1.0649292469 2.4855599403    1.063  0.764  3.8764  4.158    1  0.000  0.533     0.00     0.00     0.00     0.00     0.00 -1 -5.32e-13      0.00 7.990e-01 2.001e-01 1.490e-04 4.086e-05 3.724e-04 -1.000 9.000e-04 2.861 3.435 2.908 2.901 2.980 3.059 3.088
0.001 -1.19029 9.60206 1.0670467615 2.4859426022    1.065  0.777  3.8771  4.149    1  0.000  0.533     0.00     0.00     0.00     0.00     0.00 -1 -5.52e-13      0.00 7.989e-01 2.002e-01 1.490e-04 4.088e-05 3.726e-04 -1.000 9.000e-04 2.828 3.400 2.873 2.869 2.950 3.028 3.058
0.001 -1.19029 9.60206 1.0708622932 2.4866278172    1.069  0.796  3.8769  4.131    2  0.000  0.533     0.00     0.00     0.00     0.00     0.00 -1 -5.85e-13      0.00 7.986e-01 2.005e-01 1.492e-04 4.093e-05 3.730e-04 -1.000 9.000e-04 2.780 3.351 2.825 2.821 2.902 2.980 3.010
0.001 -1.19029 9.60206 1.0777825117 2.4878561497    1.076  0.829  3.8763  4.098    2  0.000  0.533     0.00     0.00     0.00     0.00     0.00 -1 -6.43e-13      0.00 7.981e-01 2.010e-01 1.495e-04 4.101e-05 3.738e-04 -1.000 9.000e-04 2.698 3.267 2.740 2.736 2.817 2.894 2.924
0.001 -1.19029 9.60206 1.0859258175 2.4892787933    1.084  0.872  3.8735  4.047    2  0.000  0.533     0.00     0.00     0.00     0.00     0.00 -1 -7.39e-13      0.00 7.974e-01 2.017e-01 1.499e-04 4.112e-05 3.747e-04 -1.000 9.000e-04 2.591 3.163 2.635 2.624 2.701 2.775 2.804
0.001 -1.19029 9.60206 1.0917651653 2.4902837276    1.090  0.906  3.8683  3.994    2  0.000  0.534     0.00     0.00     0.00     0.00     0.00 -1 -8.41e-13      0.00 7.969e-01 2.022e-01 1.502e-04 4.119e-05 3.754e-04 -1.000 9.000e-04 2.504 3.083 2.554 2.529 2.598 2.668 2.696
0.001 -1.19029 9.60206 1.0961278677 2.4910266399    1.094  0.935  3.8610  3.938    2  0.000  0.534     0.00     0.00     0.00     0.00     0.00 -1 -9.52e-13      0.00 7.966e-01 2.025e-01 1.504e-04 4.124e-05 3.759e-04 -1.000 9.000e-04 2.432 3.024 2.494 2.448 2.505 2.569 2.596
0.001 -1.19029 9.60206 1.0987633467 2.4914720058    1.097  0.954  3.8538  3.891    2  0.000  0.534     0.00     0.00     0.00     0.00     0.00 -1 -1.05e-12      0.00 7.964e-01 2.027e-01 1.505e-04 4.127e-05 3.762e-04 -1.000 9.000e-04 2.385 2.992 2.459 2.392 2.437 2.496 2.521
0.001 -1.19029 9.60206 1.1000000238 2.4916803837    1.098  0.964  3.8488  3.862    2  0.000  0.534     0.00     0.00     0.00     0.00     0.00 -1  -1.1e-12      0.00 7.963e-01 2.028e-01 1.506e-04 4.129e-05 3.763e-04 -1.000 9.000e-04 2.360 2.979 2.445 2.362 2.399 2.454 2.478
0.001 -1.19029 9.60206 1.1010581255 2.4918580055    1.099  0.972  3.8442  3.836    2  0.000  0.534     0.00     0.00     0.00     0.00     0.00 -1 -1.16e-12      0.00 7.962e-01 2.029e-01 1.506e-04 4.130e-05 3.764e-04 -1.000 9.000e-04 2.340 2.971 2.434 2.337 2.367 2.418 2.441
0.001 -1.19029 9.60206 1.1029847860 2.4921805859    1.101  0.987  3.8333  3.778    2  0.000  0.534     0.00     0.00     0.00     0.00     0.00 -1 -1.28e-12      0.00 7.961e-01 2.030e-01 1.507e-04 4.132e-05 3.765e-04 -1.000 9.000e-04 2.302 2.963 2.419 2.288 2.300 2.342 2.363
0.001 -1.19029 9.60206 1.1049766541 2.4925127029    1.103  1.003  3.8196  3.708    2  0.000  0.534     0.00     0.00     0.00     0.00     0.00 -1 -1.43e-12      0.00 7.960e-01 2.031e-01 1.508e-04 4.133e-05 3.767e-04 -1.000 9.000e-04 2.264 2.971 2.411 2.238 2.228 2.258 2.275
0.001 -1.19029 9.60206 1.1066324711 2.4927875996    1.105  1.014  3.8064  3.645    2  0.000  0.534     0.00     0.00     0.00     0.00     0.00 -1 -1.57e-12      0.00 7.959e-01 2.032e-01 1.508e-04 4.135e-05 3.768e-04 -1.000 9.001e-04 2.235 2.996 2.416 2.199 2.168 2.186 2.199
0.001 -1.19029 9.60206 1.1080166101 2.4930167198    1.106  1.020  3.7938  3.589    2  0.000  0.534     0.00     0.00     0.00     0.00     0.00 -1 -1.69e-12      0.00 7.942e-01 2.049e-01 1.518e-04 4.161e-05 3.791e-04 -1.000 9.004e-04 2.221 3.042 2.436 2.177 2.125 2.132 2.141
0.001 -1.19029 9.60206 1.1092383862 2.4932186604    1.107  1.020  3.7819  3.542    2  0.000  0.534     0.00     0.00     0.00     0.00     0.00 -1 -1.78e-12      0.00 7.919e-01 2.072e-01 1.531e-04 4.195e-05 3.821e-04 -1.000 9.008e-04 2.221 3.108 2.471 2.170 2.100 2.095 2.100
0.001 -1.19029 9.60206 1.1103541851 2.4934024811    1.108  1.013  3.7709  3.505    2  0.000  0.535     0.00     0.00     0.00     0.00     0.00 -1 -1.83e-12      0.00 7.814e-01 2.177e-01 1.588e-04 4.350e-05 3.958e-04 -1.000 9.014e-04 2.237 3.196 2.521 2.182 2.094 2.078 2.079
0.001 -1.19029 9.60206 1.1114270687 2.4935786724    1.109  1.005  3.7616  3.476    2  0.000  0.536     0.00     0.00     0.00     0.00     0.00 -1 -1.86e-12      0.00 7.666e-01 2.325e-01 1.673e-04 4.575e-05 4.159e-04 -1.000 9.072e-04 2.257 3.281 2.570 2.198 2.095 2.071 2.068
0.001 -1.19029 9.60206 1.1127346754 2.4937930107    1.111  1.005  3.7520  3.438    2  0.000  0.537     0.00     0.00     0.00     0.00     0.00 -1 -1.93e-12      0.00 7.596e-01 2.395e-01 1.712e-04 4.678e-05 4.250e-04 -1.000 9.158e-04 2.257 3.357 2.602 2.196 2.078 2.043 2.036
0.001 -1.19029 9.60206 1.1142158508 2.4940352440    1.112  1.031  3.7442  3.382    2  0.000  0.537     0.00     0.00     0.00     0.00     0.00 -1 -2.17e-12      0.00 7.557e-01 2.433e-01 1.731e-04 4.730e-05 4.296e-04 -1.000 9.988e-04 2.192 3.356 2.565 2.131 2.001 1.958 1.948
0.001 -1.19029 9.60206 1.1143932343 2.4940640926    1.112  1.036  3.7435  3.374    2  0.000  0.537     0.00     0.00     0.00     0.00     0.00 -1 -2.22e-12      0.00 7.554e-01 2.436e-01 1.733e-04 4.735e-05 4.300e-04 -1.000 1.000e-03 2.180 3.351 2.556 2.120 1.989 1.945 1.934
0.001 -1.19029 9.60206 1.1145812273 2.4940948486    1.112  1.042  3.7429  3.366    2  0.000  0.537     0.00     0.00     0.00     0.00     0.00 -1 -2.28e-12      0.00 7.551e-01 2.440e-01 1.734e-04 4.738e-05 4.303e-04 -1.000 9.876e-04 2.165 3.341 2.543 2.105 1.973 1.928 1.917
0.001 -1.19029 9.60206 1.1158906221 2.4943082333    1.114  1.087  3.7390  3.306    3  0.000  0.537     0.00     0.00     0.00     0.00     0.00 -1 -2.68e-12      0.00 7.526e-01 2.465e-01 1.740e-04 4.759e-05 4.321e-04 -1.000 9.282e-04 2.053 3.262 2.445 1.994 1.856 1.807 1.794
0.001 -1.19029 9.60206 1.1169780493 2.4944849014    1.115  1.130  3.7364  3.253    3  0.000  0.534     0.00     0.00     0.00     0.00     0.00 -1 -3.13e-12      0.00 7.503e-01 2.487e-01 1.735e-04 4.799e-05 4.331e-04 -1.000 9.978e-04 1.945 3.177 2.347 1.888 1.746 1.693 1.679
0.001 -1.19029 9.60206 1.1179926395 2.4946494102    1.116  1.174  3.7341  3.200    3  0.000  0.524     0.00     0.00     0.00     0.00     0.00 -1 -3.67e-12      0.00 7.479e-01 2.511e-01 1.706e-04 5.017e-05 4.339e-04 -1.000 1.000e-03 1.836 3.088 2.246 1.780 1.634 1.579 1.564
0.001 -1.19029 9.60206 1.1190135479 2.4948146343    1.117  1.221  3.7322  3.145    3  0.000  0.500     0.00     0.00     0.00     0.00     0.00 -1 -4.36e-12      0.00 7.450e-01 2.540e-01 1.628e-04 5.850e-05 4.345e-04 -1.000 1.000e-03 1.716 2.986 2.134 1.662 1.513 1.456 1.440
0.001 -1.19029 9.60206 1.1199492216 2.4949655533    1.118  1.268  3.7303  3.091    3  0.000  0.474     0.00     0.00     0.00     0.00     0.00 -1 -5.16e-12      0.00 7.423e-01 2.567e-01 1.546e-04 6.853e-05 4.351e-04 -1.000 1.000e-03 1.599 2.885 2.024 1.546 1.394 1.335 1.317
0.001 -1.19029 9.60206 1.1207493544 2.4950945377    1.118  1.311  3.7287  3.042    3  0.000  0.456     0.00     0.00     0.00     0.00     0.00 -1 -6.02e-12      0.00 7.400e-01 2.590e-01 1.488e-04 7.583e-05 4.354e-04 -1.000 1.000e-03 1.492 2.793 1.923 1.440 1.285 1.224 1.206
0.001 -1.19029 9.60206 1.1215903759 2.4952299595    1.119  1.360  3.7269  2.986    3  0.000  0.442     0.00     0.00     0.00     0.00     0.00 -1 -7.16e-12      0.00 7.378e-01 2.612e-01 1.443e-04 8.164e-05 4.356e-04 -1.000 1.000e-03 1.370 2.688 1.809 1.320 1.163 1.100 1.080
0.001 -1.19029 9.60206 1.1223161221 2.4953465462    1.120  1.405  3.7251  2.935    3  0.000  0.431     0.00     0.00     0.00     0.00     0.00 -1 -8.41e-12      0.00 7.359e-01 2.631e-01 1.410e-04 8.575e-05 4.358e-04 -1.000 1.000e-03 1.258 2.593 1.704 1.209 1.049 0.984 0.963
0.001 -1.19029 9.60206 1.1230001450 2.4954562187    1.120  1.451  3.7234  2.882    3  0.000  0.424     0.00     0.00     0.00     0.00     0.00 -1 -9.92e-12      0.00 7.344e-01 2.646e-01 1.388e-04 8.857e-05 4.360e-04 -1.000 1.000e-03 1.143 2.496 1.597 1.095 0.933 0.865 0.844
0.001 -1.19029 9.60206 1.1236100197 2.4955539703    1.121  1.495  3.7217  2.831    3  0.000  0.420     0.00     0.00     0.00     0.00     0.00 -1 -1.16e-11      0.00 7.333e-01 2.657e-01 1.373e-04 9.055e-05 4.361e-04 -1.000 1.000e-03 1.033 2.402 1.493 0.986 0.821 0.751 0.729
0.001 -1.19029 9.60206 1.1242020130 2.4956486225    1.121  1.541  3.7197  2.777    3  0.000  0.416     0.00     0.00     0.00     0.00     0.00 -1 -1.38e-11      0.00 7.324e-01 2.666e-01 1.361e-04 9.197e-05 4.362e-04 -1.000 1.000e-03 0.916 2.306 1.385 0.871 0.703 0.631 0.608
0.001 -1.19029 9.60206 1.1247144938 2.4957306385    1.122  1.585  3.7179  2.726    3  0.000  0.414     0.00     0.00     0.00     0.00     0.00 -1 -1.61e-11      0.00 7.318e-01 2.672e-01 1.355e-04 9.284e-05 4.362e-04 -1.000 1.000e-03 0.807 2.216 1.284 0.764 0.593 0.518 0.494
0.001 -1.19029 9.60206 1.1252216101 2.4958114624    1.122  1.632  3.7159  2.672    3  0.000  0.413     0.00     0.00     0.00     0.00     0.00 -1 -1.91e-11      0.00 7.314e-01 2.676e-01 1.350e-04 9.343e-05 4.363e-04 -1.000 1.000e-03 0.691 2.122 1.177 0.650 0.475 0.398 0.373
0.001 -1.19029 9.60206 1.1256546974 2.4958806038    1.123  1.675  3.7140  2.621    3  0.000  0.412     0.00     0.00     0.00     0.00     0.00 -1 -2.23e-11      0.00 7.312e-01 2.678e-01 1.347e-04 9.375e-05 4.363e-04 -1.000 1.000e-03 0.583 2.035 1.079 0.545 0.367 0.287 0.261
0.001 -1.19029 9.60206 1.1260732412 2.4959473610    1.123  1.719  3.7119  2.569    3  0.000  0.411     0.00     0.00     0.00     0.00     0.00 -1 -2.63e-11      0.00 7.311e-01 2.679e-01 1.346e-04 9.392e-05 4.363e-04 -1.000 1.000e-03 0.471 1.945 0.977 0.435 0.253 0.172 0.144
0.001 -1.19029 9.60206 1.1264605522 2.4960091114    1.123  1.764  3.7098  2.515    3  0.000  0.411     0.00     0.00     0.00     0.00     0.00 -1  -3.1e-11      0.00 7.311e-01 2.679e-01 1.346e-04 9.398e-05 4.363e-04 -1.000 1.000e-03 0.359 1.856 0.875 0.325 0.140 0.056 0.027
0.001 -1.19029 9.60206 1.1268085241 2.4960644245    1.123  1.808  3.7078  2.464    3  0.000  0.411     0.00     0.00     0.00     0.00     0.00 -1 -3.63e-11      0.00 7.311e-01 2.679e-01 1.346e-04 9.400e-05 4.363e-04 -1.000 1.000e-03 0.250 1.773 0.776 0.218 0.030 -0.057 -0.087
0.001 -1.19029 9.60206 1.1271400452 2.4961171150    1.124  1.852  3.7056  2.411    3  0.000  0.411     0.00     0.00     0.00     0.00     0.00 -1 -4.28e-11      0.00 7.311e-01 2.679e-01 1.345e-04 9.402e-05 4.363e-04 -1.000 1.000e-03 0.139 1.691 0.676 0.109 -0.083 -0.173 -0.204
0.001 -1.19029 9.60206 1.1274379492 2.4961643219    1.124  1.895  3.7035  2.359    3  0.000  0.411     0.00     0.00     0.00     0.00     0.00 -1 -5.01e-11      0.00 7.311e-01 2.679e-01 1.345e-04 9.404e-05 4.363e-04 -1.000 1.000e-03 0.032 1.612 0.580 0.004 -0.192 -0.284 -0.316
0.001 -1.19029 9.60206 1.1277281046 2.4962105751    1.124  1.940  3.7012  2.306    3  0.000  0.411     0.00     0.00     0.00     0.00     0.00 -1  -5.9e-11      0.00 7.311e-01 2.679e-01 1.345e-04 9.406e-05 4.363e-04 -1.000 1.000e-03 -0.080 1.531 0.481 -0.105 -0.305 -0.400 -0.433
0.001 -1.19029 9.60206 1.1279873848 2.4962515831    1.124  1.982  3.6990  2.254    3  0.000  0.411     0.00     0.00     0.00     0.00     0.00 -1  -6.9e-11      0.00 7.311e-01 2.679e-01 1.345e-04 9.407e-05 4.363e-04 -1.000 1.000e-03 -0.186 1.456 0.387 -0.209 -0.412 -0.510 -0.544
0.001 -1.19029 9.60206 1.1282439232 2.4962923527    1.124  2.026  3.6967  2.202    3  0.000  0.411     0.00     0.00     0.00     0.00     0.00 -1  -8.1e-11      0.00 7.311e-01 2.679e-01 1.345e-04 9.409e-05 4.363e-04 -1.000 1.000e-03 -0.294 1.381 0.292 -0.314 -0.521 -0.622 -0.658
0.001 -1.19029 9.60206 1.1285003424 2.4963331223    1.124  2.065  3.6945  2.153    3  0.000  0.411     0.00     0.00     0.00     0.00     0.00 -1  -9.4e-11      0.00 7.311e-01 2.679e-01 1.345e-04 9.410e-05 4.363e-04 -1.000 1.000e-03 -0.394 1.313 0.205 -0.410 -0.622 -0.725 -0.762
0.001 -1.19029 9.60206 1.1287544966 2.4963731766    1.124  2.094  3.6931  2.119    3  0.000  0.411     0.00     0.00     0.00     0.00     0.00 -1 -1.05e-10      0.00 7.311e-01 2.679e-01 1.345e-04 9.412e-05 4.363e-04 -1.000 1.000e-03 -0.465 1.262 0.142 -0.480 -0.694 -0.799 -0.837
0.001 -1.19029 9.60206 1.1288326979 2.4963855743    1.124  2.086  3.6936  2.130    3  0.000  0.411     0.00     0.00     0.00     0.00     0.00 -1 -1.02e-10      0.00 7.311e-01 2.679e-01 1.345e-04 9.412e-05 4.363e-04 -1.000 1.000e-03 -0.444 1.275 0.160 -0.459 -0.673 -0.777 -0.815
0.001 -1.19029 9.60206 1.1289870739 2.4964101315    1.124  2.053  3.6957  2.170    3  0.000  0.411     0.00     0.00     0.00     0.00     0.00 -1 -9.11e-11      0.00 7.311e-01 2.679e-01 1.345e-04 9.413e-05 4.363e-04 -1.000 9.999e-04 -0.364 1.326 0.228 -0.382 -0.592 -0.693 -0.730
0.001 -1.19029 9.60206 1.1290526390 2.4964206219    1.124  2.035  3.6969  2.194    3  0.000  0.411     0.00     0.00     0.00     0.00     0.00 -1 -8.45e-11      0.00 7.311e-01 2.679e-01 1.345e-04 9.414e-05 4.363e-04 -1.000 1.000e-03 -0.317 1.356 0.268 -0.337 -0.544 -0.645 -0.680
0.001 -1.19029 9.60206 1.1291444302 2.4964349270    1.124  2.055  3.6958  2.169    3  0.000  0.411     0.00     0.00     0.00     0.00     0.00 -1 -9.06e-11      0.00 7.311e-01 2.679e-01 1.344e-04 9.414e-05 4.363e-04 -1.000 1.000e-03 -0.367 1.322 0.224 -0.385 -0.595 -0.697 -0.733
0.001 -1.19029 9.60206 1.1293346882 2.4964652061    1.124  2.097  3.6934  2.118    3  0.000  0.411     0.00     0.00     0.00     0.00     0.00 -1 -1.05e-10      0.00 7.311e-01 2.679e-01 1.344e-04 9.415e-05 4.363e-04 -1.000 1.000e-03 -0.472 1.251 0.133 -0.487 -0.701 -0.805 -0.843
0.001 -1.19029 9.60206 1.1295164824 2.4964938164    1.124  2.138  3.6911  2.067    3  0.000  0.411     0.00     0.00     0.00     0.00     0.00 -1 -1.23e-10      0.00 7.311e-01 2.679e-01 1.344e-04 9.416e-05 4.363e-04 -1.000 1.000e-03 -0.576 1.181 0.043 -0.587 -0.805 -0.913 -0.952
0.001 -1.19029 9.60206 1.1296919584 2.4965217113    1.124  2.181  3.6886  2.015    3  0.000  0.411     0.00     0.00     0.00     0.00     0.00 -1 -1.44e-10      0.00 7.311e-01 2.679e-01 1.344e-04 9.417e-05 4.363e-04 -1.000 1.000e-03 -0.682 1.112 -0.047 -0.689 -0.911 -1.022 -1.063
0.001 -1.19029 9.60206 1.1298488379 2.4965465069    1.123  2.221  3.6863  1.965    3  0.000  0.411     0.00     0.00     0.00     0.00     0.00 -1 -1.67e-10      0.00 7.311e-01 2.679e-01 1.344e-04 9.418e-05 4.363e-04 -1.000 1.000e-03 -0.783 1.052 -0.132 -0.785 -1.012 -1.126 -1.168
0.001 -1.19029 9.60206 1.1299977303 2.4965701103    1.123  2.262  3.6838  1.914    3  0.000  0.411     0.00     0.00     0.00     0.00     0.00 -1 -1.95e-10      0.00 7.311e-01 2.679e-01 1.344e-04 9.419e-05 4.363e-04 -1.000 1.000e-03 -0.885 1.001 -0.218 -0.885 -1.116 -1.233 -1.277
0.001 -1.19029 9.60206 1.1301350594 2.4965918064    1.123  2.302  3.6813  1.863    3  0.000  0.411     0.00     0.00     0.00     0.00     0.00 -1 -2.27e-10      0.00 7.311e-01 2.679e-01 1.344e-04 9.420e-05 4.363e-04 -1.000 1.000e-03 -0.986 0.955 -0.301 -0.984 -1.219 -1.339 -1.384
0.001 -1.19029 9.60206 1.1302610636 2.4966115952    1.123  2.342  3.6789  1.814    3  0.000  0.411     0.00     0.00     0.00     0.00     0.00 -1 -2.63e-10      0.00 7.311e-01 2.679e-01 1.344e-04 9.421e-05 4.363e-04 -1.000 1.000e-03 -1.085 0.913 -0.381 -1.081 -1.319 -1.443 -1.489
0.001 -1.19029 9.60206 1.1303772926 2.4966299534    1.123  2.381  3.6765  1.765    3  0.000  0.411     0.00     0.00     0.00     0.00     0.00 -1 -3.05e-10      0.00 7.311e-01 2.679e-01 1.344e-04 9.421e-05 4.363e-04 -1.000 1.000e-03 -1.183 0.875 -0.458 -1.176 -1.418 -1.544 -1.593
0.001 -1.19029 9.60206 1.1304860115 2.4966471195    1.122  2.420  3.6740  1.716    3  0.000  0.411     0.00     0.00     0.00     0.00     0.00 -1 -3.53e-10      0.00 7.311e-01 2.679e-01 1.344e-04 9.422e-05 4.363e-04 -1.000 1.000e-03 -1.280 0.839 -0.535 -1.271 -1.517 -1.646 -1.696
0.001 -1.19029 9.60206 1.1305844784 2.4966626167    1.122  2.458  3.6715  1.668    3  0.000  0.411     0.00     0.00     0.00     0.00     0.00 -1 -4.07e-10      0.00 7.311e-01 2.679e-01 1.344e-04 9.423e-05 4.363e-04 -1.000 1.000e-03 -1.374 0.807 -0.608 -1.362 -1.612 -1.745 -1.796
0.001 -1.19029 9.60206 1.1306777000 2.4966773987    1.122  2.496  3.6690  1.620    3  0.000  0.411     0.00     0.00     0.00     0.00     0.00 -1  -4.7e-10      0.00 7.311e-01 2.679e-01 1.344e-04 9.423e-05 4.363e-04 -1.000 1.000e-03 -1.470 0.779 -0.680 -1.454 -1.708 -1.844 -1.897
0.001 -1.19029 9.60206 1.1307634115 2.4966909885    1.121  2.533  3.6665  1.573    3  0.000  0.411     6.52     5.11     3.67     2.80     2.27  4 -5.41e-10      0.00 7.311e-01 2.679e-01 1.344e-04 9.424e-05 4.363e-04 -1.000 1.000e-03 -1.563 0.757 -0.748 -1.543 -1.802 -1.940 -1.996
0.001 -1.19029 9.60206 1.1308432817 2.4967036247    1.121  2.570  3.6640  1.525    3  0.000  0.411     7.19     5.56     3.98     3.04     2.46  4 -6.23e-10      0.00 7.311e-01 2.679e-01 1.344e-04 9.424e-05 4.363e-04 -1.000 1.000e-03 -1.655 0.738 -0.815 -1.630 -1.894 -2.035 -2.093
0.001 -1.19029 9.60206 1.1309182644 2.4967153072    1.120  2.607  3.6615  1.478    3  0.000  0.411     7.92     6.06     4.31     3.30     2.68  4 -7.17e-10      0.00 7.311e-01 2.679e-01 1.344e-04 9.425e-05 4.363e-04 -1.000 1.000e-03 -1.748 0.723 -0.880 -1.717 -1.986 -2.131 -2.190
0.001 -1.19029 9.60206 1.1309862137 2.4967260361    1.120  2.642  3.6590  1.433    3  0.000  0.411     8.70     6.57     4.67     3.57     2.90  4  -8.2e-10      0.00 7.311e-01 2.679e-01 1.344e-04 9.425e-05 4.363e-04 -1.000 9.999e-04 -1.836 0.717 -0.940 -1.800 -2.074 -2.222 -2.284
0.001 -1.19029 9.60206 1.1310518980 2.4967365265    1.119  2.679  3.6565  1.386    3  0.000  0.411     9.59     7.16     5.06     3.88     3.15  4 -9.43e-10      0.00 7.311e-01 2.679e-01 1.344e-04 9.426e-05 4.363e-04 -1.000 1.000e-03 -1.927 0.705 -1.001 -1.883 -2.162 -2.315 -2.378
0.001 -1.19029 9.60206 1.1311113834 2.4967458248    1.118  2.714  3.6539  1.340    3  0.000  0.411    10.54     7.77     5.47     4.20     3.41  3 -1.08e-09      0.00 7.311e-01 2.679e-01 1.344e-04 9.426e-05 4.363e-04 -1.000 1.000e-03 -2.016 0.689 -1.060 -1.961 -2.247 -2.404 -2.469
0.001 -1.19029 9.60206 1.1311680079 2.4967546463    1.118  2.749  3.6513  1.294    3  0.000  0.411    11.59     8.44     5.92     4.55     3.69  3 -1.23e-09      0.00 7.311e-01 2.679e-01 1.344e-04 9.426e-05 4.363e-04 -1.000 9.999e-04 -2.104 0.675 -1.119 -2.039 -2.331 -2.492 -2.560
0.001 -1.19029 9.60206 1.1312209368 2.4967629910    1.117  2.785  3.6488  1.248    3  0.000  0.411    12.74     9.17     6.41     4.93     4.00  3 -1.41e-09      0.00 7.311e-01 2.679e-01 1.344e-04 9.427e-05 4.363e-04 -1.000 1.000e-03 -2.192 0.661 -1.176 -2.117 -2.415 -2.581 -2.650
0.001 -1.19029 9.60206 1.1312811375 2.4967725277    1.116  2.827  3.6456  1.193    3  0.000  0.411    14.29    10.14     7.05     5.43     4.41  3 -1.67e-09      0.00 7.311e-01 2.679e-01 1.343e-04 9.427e-05 4.363e-04 -1.000 1.000e-03 -2.299 0.647 -1.244 -2.209 -2.516 -2.687 -2.759
0.001 -1.19029 9.60206 1.1313265562 2.4967796803    1.115  2.861  3.6431  1.148    3  0.000  0.411    15.66    10.98     7.61     5.87     4.77  3  -1.9e-09      0.00 7.311e-01 2.679e-01 1.343e-04 9.427e-05 4.363e-04 -1.000 1.000e-03 -2.383 0.639 -1.297 -2.282 -2.596 -2.771 -2.845
0.001 -1.19029 9.60206 1.1313793659 2.4967880249    1.114  2.903  3.6398  1.093    3  0.000  0.411    17.57    12.14     8.38     6.47     5.26  3 -2.24e-09      0.00 7.311e-01 2.679e-01 1.343e-04 9.427e-05 4.363e-04 -1.000 1.000e-03 -2.489 0.629 -1.362 -2.373 -2.695 -2.876 -2.953
0.001 -1.19029 9.60206 1.1314271688 2.4967956543    1.113  2.944  3.6368  1.039    3  0.000  0.411    19.61    13.36     9.19     7.11     5.78  3 -2.62e-09      0.00 7.311e-01 2.679e-01 1.343e-04 9.428e-05 4.363e-04 -1.000 1.000e-03 -2.590 0.620 -1.424 -2.458 -2.790 -2.976 -3.056
0.001 -1.19029 9.60206 1.1314718723 2.4968025684    1.111  2.985  3.6337  0.986    3  0.000  0.411    21.90    14.72    10.07     7.80     6.34  3 -3.07e-09      0.00 7.311e-01 2.679e-01 1.343e-04 9.428e-05 4.363e-04 -1.000 1.000e-03 -2.692 0.615 -1.483 -2.543 -2.884 -3.076 -3.158
0.001 -1.19029 9.60206 1.1315063238 2.4968080521    1.110  3.018  3.6311  0.942    3  0.000  0.411    23.97    15.92    10.86     8.42     6.85  2 -3.49e-09      0.00 7.311e-01 2.679e-01 1.343e-04 9.428e-05 4.363e-04 -1.000 1.000e-03 -2.774 0.620 -1.526 -2.611 -2.959 -3.157 -3.241
0.001 -1.19029 9.60206 1.1315444708 2.4968140125    1.108  3.056  3.6281  0.891    3  0.000  0.411    26.65    17.47    11.86     9.21     7.49  2 -4.06e-09      0.00 7.311e-01 2.679e-01 1.343e-04 9.428e-05 4.363e-04 -1.000 1.000e-03 -2.870 0.625 -1.574 -2.688 -3.047 -3.251 -3.338
0.001 -1.19029 9.60206 1.1315804720 2.4968197346    1.107  3.095  3.6250  0.839    3  0.000  0.411    29.64    19.16    12.96    10.08     8.20  2 -4.73e-09      0.00 7.311e-01 2.679e-01 1.343e-04 9.429e-05 4.363e-04 -1.000 1.000e-03 -2.967 0.629 -1.622 -2.766 -3.135 -3.345 -3.435
0.001 -1.19029 9.60206 1.1316144466 2.4968249798    1.105  3.133  3.6220  0.788    3  0.000  0.410    32.95    21.02    14.15    11.02     8.97  2  -5.5e-09      0.00 7.311e-01 2.679e-01 1.343e-04 9.429e-05 4.363e-04 -1.000 1.000e-03 -3.063 0.633 -1.669 -2.843 -3.223 -3.439 -3.531
0.001 -1.19029 9.60206 1.1316462755 2.4968299866    1.102  3.171  3.6189  0.737    3  0.000  0.410    36.63    23.05    15.46    12.06     9.81  2  -6.4e-09      0.00 7.311e-01 2.679e-01 1.343e-04 9.429e-05 4.363e-04 -1.000 9.999e-04 -3.159 0.640 -1.714 -2.917 -3.309 -3.532 -3.626
0.001 -1.19029 9.60206 1.1316756010 2.4968347549    1.100  3.208  3.6159  0.687    3  0.000  0.410    40.61    25.22    16.84    13.15    10.71  2 -7.42e-09      0.00 7.311e-01 2.679e-01 1.343e-04 9.429e-05 4.363e-04 -1.000 1.000e-03 -3.251 0.646 -1.755 -2.989 -3.391 -3.621 -3.718
0.001 -1.19029 9.60206 1.1317033768 2.4968390465    1.098  3.245  3.6130  0.637    3  0.000  0.410    44.96    27.55    18.33    14.34    11.67  2 -8.59e-09      0.00 7.311e-01 2.679e-01 1.343e-04 9.429e-05 4.363e-04 -1.000 1.000e-03 -3.343 0.650 -1.797 -3.060 -3.473 -3.709 -3.809
0.001 -1.19029 9.60206 1.1317292452 2.4968430996    1.095  3.280  3.6102  0.590    3  0.000  0.410    49.51    29.97    19.86    15.55    12.66  2 -9.89e-09      0.00 7.311e-01 2.679e-01 1.343e-04 9.430e-05 4.363e-04 -1.000 1.000e-03 -3.430 0.654 -1.835 -3.126 -3.550 -3.792 -3.894
0.001 -1.19029 9.60206 1.1317530870 2.4968469143    1.092  3.311  3.6077  0.548    3  0.000  0.410    54.02    32.33    21.35    16.74    13.63  1 -1.12e-08      0.00 7.311e-01 2.679e-01 1.343e-04 9.430e-05 4.363e-04 -1.000 1.000e-03 -3.508 0.654 -1.866 -3.184 -3.618 -3.866 -3.971
0.001 -1.19029 9.60206 1.1317530870 2.4968469143    1.092  1.855  3.7303  2.494    4  0.000  0.415     0.00     0.00     0.00     0.00     0.00 -1    -1e-30      0.00 7.272e-01 2.718e-01 1.369e-04 9.353e-05 4.404e-04 -1.000 1.000e-03 0.132 1.405 0.550 0.080 -0.071 -0.132 -0.150
0.001 -1.19029 9.60206 1.1319721937 2.4968814850    1.092  1.867  3.7291  2.478    4  0.000  0.414     0.00     0.00     0.00     0.00     0.00 -1    -1e-30      0.00 7.272e-01 2.718e-01 1.369e-04 9.356e-05 4.404e-04 -1.000 1.000e-03 0.103 1.389 0.526 0.052 -0.101 -0.163 -0.182
0.001 -1.19029 9.60206 1.1321949959 2.4969165325    1.092  1.872  3.7287  2.471    4  0.000  0.414     0.00     0.00     0.00     0.00     0.00 -1    -1e-30      0.00 7.272e-01 2.718e-01 1.369e-04 9.359e-05 4.404e-04 -1.000 1.000e-03 0.091 1.381 0.516 0.039 -0.114 -0.176 -0.195
0.001 -1.19029 9.60206 1.1324199438 2.4969518185    1.093  1.875  3.7286  2.467    4  0.000  0.414     0.00     0.00     0.00     0.00     0.00 -1    -1e-30      0.00 7.272e-01 2.718e-01 1.368e-04 9.362e-05 4.404e-04 -1.000 1.000e-03 0.082 1.373 0.507 0.030 -0.123 -0.186 -0.205
0.001 -1.19029 9.60206 1.1326484680 2.4969878197    1.093  1.878  3.7288  2.466    4  0.000  0.414     0.00     0.00     0.00     0.00     0.00 -1    -1e-30      0.00 7.271e-01 2.719e-01 1.368e-04 9.365e-05 4.404e-04 -1.000 1.000e-03 0.075 1.365 0.499 0.024 -0.129 -0.192 -0.211
0.001 -1.19029 9.60206 1.1328784227 2.4970238209    1.093  1.880  3.7291  2.465    4  0.000  0.414     0.00     0.00     0.00     0.00     0.00 -1    -1e-30      0.00 7.271e-01 2.719e-01 1.368e-04 9.368e-05 4.404e-04 -1.000 1.000e-03 0.070 1.356 0.492 0.018 -0.134 -0.196 -0.215
0.001 -1.19029 9.60206 1.1331026554 2.4970591068    1.093  1.882  3.7295  2.465    4  0.000  0.414     0.00     0.00     0.00     0.00     0.00 -1    -1e-30      0.00 7.271e-01 2.719e-01 1.368e-04 9.371e-05 4.404e-04 -1.000 1.000e-03 0.065 1.347 0.486 0.013 -0.139 -0.200 -0.219
0.001 -1.19029 9.60206 1.1333130598 2.4970922470    1.094  1.884  3.7299  2.465    4  0.000  0.414     0.00     0.00     0.00     0.00     0.00 -1    -1e-30      0.00 7.271e-01 2.719e-01 1.367e-04 9.374e-05 4.404e-04 -1.000 1.000e-03 0.061 1.339 0.480 0.009 -0.142 -0.204 -0.222
0.001 -1.19029 9.60206 1.1335442066 2.4971284866    1.094  1.885  3.7303  2.465    4  0.000  0.414     0.00     0.00     0.00     0.00     0.00 -1    -1e-30      0.00 7.271e-01 2.719e-01 1.367e-04 9.377e-05 4.404e-04 -1.000 9.999e-04 0.056 1.330 0.474 0.004 -0.147 -0.207 -0.226
0.001 -1.19029 9.60206 1.1337513924 2.4971609116    1.094  1.887  3.7307  2.465    4  0.000  0.414     0.00     0.00     0.00     0.00     0.00 -1    -1e-30      0.00 7.271e-01 2.719e-01 1.367e-04 9.379e-05 4.404e-04 -1.000 1.000e-03 0.052 1.322 0.468 -0.000 -0.150 -0.211 -0.229
0.001 -1.19029 9.60206 1.1339633465 2.4971942902    1.094  1.889  3.7310  2.464    4  0.000  0.414     0.00     0.00     0.00     0.00     0.00 -1    -1e-30      0.00 7.271e-01 2.719e-01 1.367e-04 9.382e-05 4.404e-04 -1.000 1.000e-03 0.048 1.315 0.462 -0.005 -0.154 -0.214 -0.232
0.001 -1.19029 9.60206 1.1341949701 2.4972305298    1.095  1.891  3.7314  2.464    4  0.000  0.414     0.00     0.00     0.00     0.00     0.00 -1    -1e-30      0.00 7.271e-01 2.719e-01 1.366e-04 9.385e-05 4.404e-04 -1.000 1.000e-03 0.043 1.306 0.455 -0.010 -0.159 -0.218 -0.236
0.001 -1.19029 9.60206 1.1344021559 2.4972629547    1.095  1.893  3.7317  2.464    4  0.000  0.414     0.00     0.00     0.00     0.00     0.00 -1    -1e-30      0.00 7.271e-01 2.719e-01 1.366e-04 9.388e-05 4.404e-04 -1.000 1.000e-03 0.038 1.298 0.449 -0.015 -0.163 -0.222 -0.240
0.001 -1.19029 9.60206 1.1346160173 2.4972963333    1.095  1.895  3.7320  2.463    4  0.000  0.414     0.00     0.00     0.00     0.00     0.00 -1    -1e-30      0.00 7.271e-01 2.719e-01 1.366e-04 9.391e-05 4.404e-04 -1.000 1.000e-03 0.033 1.291 0.443 -0.020 -0.167 -0.226 -0.244
0.001 -1.19029 9.60206 1.1348425150 2.4973318577    1.095  1.897  3.7323  2.462    4  0.000  0.413     0.00     0.00     0.00     0.00     0.00 -1    -1e-30      0.00 7.271e-01 2.719e-01 1.366e-04 9.394e-05 4.404e-04 -1.000 9.999e-04 0.028 1.283 0.437 -0.025 -0.172 -0.231 -0.248
0.001 -1.19029 9.60206 1.1349622011 2.4973506927    1.096  1.898  3.7325  2.462    4  0.000  0.413     0.00     0.00     0.00     0.00     0.00 -1    -1e-30      0.00 7.271e-01 2.719e-01 1.366e-04 9.395e-05 4.404e-04 -1.000 1.000e-03 0.026 1.279 0.434 -0.028 -0.175 -0.233 -0.250
0.001 -1.19029 9.60206 1.1350513697 2.4973645210    1.096  1.898  3.7326  2.462    4  0.000  0.413     0.00     0.00     0.00     0.00     0.00 -1    -1e-30      0.00 7.271e-01 2.719e-01 1.366e-04 9.396e-05 4.404e-04 -1.000 1.000e-03 0.024 1.276 0.431 -0.030 -0.176 -0.235 -0.252
0.001 -1.19029 9.60206 1.1352581978 2.4973969460    1.096  1.900  3.7328  2.461    4  0.000  0.413     0.00     0.00     0.00     0.00     0.00 -1    -1e-30      0.00 7.271e-01 2.719e-01 1.365e-04 9.399e-05 4.404e-04 -1.000 1.000e-03 0.019 1.269 0.425 -0.035 -0.181 -0.239 -0.256
0.001 -1.19029 9.60206 1.1354644299 2.4974291325    1.096  1.902  3.7331  2.460    4  0.000  0.413     0.00     0.00     0.00     0.00     0.00 -1    -1e-30      0.00 7.271e-01 2.719e-01 1.365e-04 9.402e-05 4.404e-04 -1.000 1.000e-03 0.014 1.262 0.420 -0.040 -0.185 -0.243 -0.260
0.001 -1.19029 9.60206 1.1356710196 2.4974613190    1.096  1.904  3.7332  2.459    4  0.000  0.413     0.00     0.00     0.00     0.00     0.00 -1    -1e-30      0.00 7.271e-01 2.719e-01 1.365e-04 9.404e-05 4.404e-04 -1.000 1.000e-03 0.010 1.256 0.414 -0.045 -0.190 -0.248 -0.265
0.001 -1.19029 9.60206 1.1358939409 2.4974963665    1.097  1.906  3.7334  2.457    4  0.000  0.413     0.00     0.00     0.00     0.00     0.00 -1    -1e-30      0.00 7.271e-01 2.719e-01 1.365e-04 9.407e-05 4.404e-04 -1.000 1.000e-03 0.004 1.249 0.408 -0.050 -0.195 -0.253 -0.270
0.001 -1.19029 9.60206 1.1361094713 2.4975299835    1.097  1.908  3.7335  2.456    4  0.000  0.413     0.00     0.00     0.00     0.00     0.00 -1    -1e-30      0.00 7.271e-01 2.719e-01 1.364e-04 9.410e-05 4.404e-04 -1.000 1.000e-03 -0.001 1.243 0.402 -0.055 -0.201 -0.258 -0.275
0.001 -1.19029 9.60206 1.1363261938 2.4975638390    1.097  1.911  3.7335  2.453    4  0.000  0.413     0.00     0.00     0.00     0.00     0.00 -1    -1e-30      0.00 7.271e-01 2.719e-01 1.364e-04 9.413e-05 4.404e-04 -1.000 1.000e-03 -0.007 1.237 0.396 -0.061 -0.206 -0.264 -0.280
0.001 -1.19029 9.60206 1.1365396976 2.4975969791    1.097  1.913  3.7335  2.451    4  0.000  0.413     0.00     0.00     0.00     0.00     0.00 -1    -1e-30      0.00 7.270e-01 2.720e-01 1.364e-04 9.416e-05 4.404e-04 -1.000 1.000e-03 -0.013 1.231 0.391 -0.067 -0.212 -0.270 -0.286
0.001 -1.19029 9.60206 1.1365951300 2.4976055622    1.097  1.914  3.7335  2.450    4  0.000  0.413     0.00     0.00     0.00     0.00     0.00 -1    -1e-30      0.00 7.270e-01 2.720e-01 1.364e-04 9.416e-05 4.404e-04 -1.000 1.000e-03 -0.014 1.230 0.389 -0.069 -0.214 -0.271 -0.288
0.001 -1.19029 9.60206 1.1366150379 2.4976086617    1.097  1.914  3.7335  2.450    4  0.000  0.413     0.00     0.00     0.00     0.00     0.00 -1    -1e-30      0.00 7.270e-01 2.720e-01 1.364e-04 9.417e-05 4.404e-04 -1.000 1.000e-03 -0.015 1.229 0.389 -0.069 -0.214 -0.272 -0.288
0.001 -1.19029 9.60206 1.1368185282 2.4976406097    1.098  1.916  3.7334  2.448    4  0.000  0.413     0.00     0.00     0.00     0.00     0.00 -1    -1e-30      0.00 7.270e-01 2.720e-01 1.364e-04 9.419e-05 4.404e-04 -1.000 1.000e-03 -0.021 1.224 0.383 -0.075 -0.220 -0.278 -0.295
0.001 -1.19029 9.60206 1.1370224953 2.4976723194    1.098  1.919  3.7332  2.445    4  0.000  0.413     0.00     0.00     0.00     0.00     0.00 -1    -1e-30      0.00 7.270e-01 2.720e-01 1.363e-04 9.422e-05 4.404e-04 -1.000 1.000e-03 -0.027 1.219 0.377 -0.081 -0.227 -0.284 -0.301
0.001 -1.19029 9.60206 1.1372315884 2.4977047443    1.098  1.922  3.7330  2.441    4  0.000  0.413     0.00     0.00     0.00     0.00     0.00 -1    -1e-30      0.00 7.270e-01 2.720e-01 1.363e-04 9.425e-05 4.404e-04 -1.000 1.000e-03 -0.034 1.215 0.371 -0.089 -0.234 -0.292 -0.309
0.001 -1.19029 9.60206 1.1374421120 2.4977376461    1.098  1.925  3.7326  2.436    4  0.000  0.413     0.00     0.00     0.00     0.00     0.00 -1    -1e-30      0.00 7.270e-01 2.720e-01 1.363e-04 9.427e-05 4.404e-04 -1.000 1.000e-03 -0.042 1.211 0.365 -0.096 -0.243 -0.301 -0.318
0.001 -1.19029 9.60206 1.1376488209 2.4977698326    1.099  1.928  3.7322  2.431    4  0.000  0.413     0.00     0.00     0.00     0.00     0.00 -1    -1e-30      0.00 7.270e-01 2.720e-01 1.363e-04 9.430e-05 4.404e-04 -1.000 1.000e-03 -0.051 1.206 0.358 -0.105 -0.252 -0.310 -0.328
0.001 -1.19029 9.60206 1.1378540993 2.4978017807    1.099  1.932  3.7317  2.426    4  0.000  0.412     0.00     0.00     0.00     0.00     0.00 -1    -1e-30      0.00 7.270e-01 2.720e-01 1.362e-04 9.433e-05 4.404e-04 -1.000 1.000e-03 -0.060 1.202 0.351 -0.114 -0.262 -0.321 -0.339
0.001 -1.19029 9.60206 1.1380614042 2.4978339672    1.099  1.936  3.7312  2.420    4  0.000  0.412     0.00     0.00     0.00     0.00     0.00 -1    -1e-30      0.00 7.270e-01 2.720e-01 1.362e-04 9.436e-05 4.404e-04 -1.000 1.000e-03 -0.070 1.197 0.343 -0.124 -0.272 -0.332 -0.350
0.001 -1.19029 9.60206 1.1381040812 2.4978406429    1.099  1.937  3.7311  2.419    4  0.000  0.412     0.00     0.00     0.00     0.00     0.00 -1    -1e-30      0.00 7.270e-01 2.720e-01 1.362e-04 9.436e-05 4.404e-04 -1.000 9.999e-04 -0.072 1.196 0.341 -0.126 -0.275 -0.335 -0.353
0.001 -1.19029 9.60206 1.1382778883 2.4978675842    1.099  1.940  3.7306  2.413    4  0.000  0.412     0.00     0.00     0.00     0.00     0.00 -1    -1e-30      0.00 7.270e-01 2.720e-01 1.362e-04 9.438e-05 4.404e-04 -1.000 1.000e-03 -0.081 1.192 0.334 -0.134 -0.284 -0.345 -0.363
0.001 -1.19029 9.60206 1.1385133266 2.4979043007    1.100  1.945  3.7304  2.408    4  0.000  0.412     0.00     0.00     0.00     0.00     0.00 -1    -1e-30      0.00 7.270e-01 2.720e-01 1.362e-04 9.441e-05 4.404e-04 -1.000 1.000e-03 -0.092 1.183 0.324 -0.145 -0.295 -0.356 -0.374
0.001 -1.19029 9.60206 1.1387404203 2.4979393482    1.100  1.947  3.7302  2.405    4  0.000  0.412     0.00     0.00     0.00     0.00     0.00 -1    -1e-30      0.00 7.270e-01 2.720e-01 1.362e-04 9.443e-05 4.404e-04 -1.000 1.000e-03 -0.098 1.179 0.319 -0.151 -0.302 -0.362 -0.381
0.001 -1.19029 9.60206 1.1389487982 2.4979717731    1.100  1.953  3.7290  2.395    4  0.000  0.412     0.00     0.00     0.00     0.00     0.00 -1    -1e-30      0.00 7.270e-01 2.720e-01 1.361e-04 9.446e-05 4.404e-04 -1.000 1.000e-03 -0.112 1.178 0.310 -0.165 -0.317 -0.379 -0.398
0.001 -1.19029 9.60206 1.1391743422 2.4980068207    1.100  1.969  3.7262  2.367    4  0.000  0.412     0.00     0.00     0.00     0.00     0.00 -1    -1e-30      0.00 7.270e-01 2.720e-01 1.361e-04 9.448e-05 4.404e-04 -1.000 1.000e-03 -0.152 1.168 0.282 -0.204 -0.361 -0.426 -0.447
0.001 -1.19029 9.60206 1.1393941641 2.4980409145    1.101  2.001  3.7215  2.316    4  0.000  0.412     0.00     0.00     0.00     0.00     0.00 -1    -1e-30      0.00 7.270e-01 2.720e-01 1.361e-04 9.451e-05 4.404e-04 -1.000 1.000e-03 -0.233 1.140 0.223 -0.282 -0.446 -0.517 -0.540
0.001 -1.19029 9.60206 1.1394913197 2.4980559349    1.101  2.030  3.7177  2.272    4  0.000  0.412     0.00     0.00     0.00     0.00     0.00 -1    -1e-30      0.00 7.270e-01 2.720e-01 1.361e-04 9.452e-05 4.404e-04 -1.000 1.000e-03 -0.306 1.110 0.167 -0.352 -0.523 -0.598 -0.623
0.001 -1.19029 9.60206 1.1395338774 2.4980626106    1.101  2.059  3.7143  2.230    4  0.000  0.412     0.00     0.00     0.00     0.00     0.00 -1    -1e-30      0.00 7.270e-01 2.720e-01 1.361e-04 9.452e-05 4.404e-04 -1.000 1.000e-03 -0.378 1.079 0.112 -0.421 -0.598 -0.677 -0.703
0.001 -1.19029 9.60206 1.1395531893 2.4980654716    1.101  2.093  3.7108  2.182    4  0.000  0.412     0.00     0.00     0.00     0.00     0.00 -1    -1e-30      0.00 7.270e-01 2.720e-01 1.361e-04 9.452e-05 4.404e-04 -1.000 1.000e-03 -0.462 1.037 0.045 -0.503 -0.685 -0.769 -0.797
0.001 -1.19029 9.60206 1.1395621300 2.4980669022    1.101  2.126  3.7075  2.135    4  0.000  0.412     0.00     0.00     0.00     0.00     0.00 -1    -1e-30      0.00 7.270e-01 2.720e-01 1.361e-04 9.452e-05 4.404e-04 -1.000 1.000e-03 -0.546 0.996 -0.021 -0.583 -0.771 -0.858 -0.888
0.001 -1.19029 9.60206 1.1395661831 2.4980676174    1.101  2.150  3.7054  2.104    4  0.000  0.412     0.00     0.00     0.00     0.00     0.00 -1    -1e-30      0.00 7.270e-01 2.720e-01 1.361e-04 9.452e-05 4.404e-04 -1.000 1.000e-03 -0.604 0.965 -0.068 -0.638 -0.831 -0.920 -0.951
0.001 -1.19029 9.60206 1.1395663023 2.4980676174    1.101  2.150  3.7054  2.103    7  0.000  0.412     0.00     0.00     0.00     0.00     0.00 -1 -5.11e-10      0.00 7.270e-01 2.712e-01 1.361e-04 9.452e-05 4.404e-04 -1.000 1.797e-03 -0.605 0.964 -0.069 -0.640 -0.832 -0.921 -0.952
0.001 -1.19029 9.60206 1.1395692825 2.4980680943    1.101  2.177  3.7031  2.067    7  0.000  0.412     0.00     0.00     0.00     0.00     0.00 -1 -6.01e-10      0.00 7.270e-01 2.712e-01 1.361e-04 9.453e-05 4.404e-04 -1.000 1.797e-03 -0.672 0.927 -0.124 -0.704 -0.901 -0.993 -1.025
0.001 -1.19029 9.60206 1.1395742893 2.4980688095    1.101  2.225  3.6994  2.004    7  0.000  0.412     0.00     0.00     0.00     0.00     0.00 -1 -7.91e-10      0.00 7.270e-01 2.712e-01 1.361e-04 9.453e-05 4.404e-04 -1.000 1.797e-03 -0.792 0.858 -0.222 -0.819 -1.022 -1.119 -1.153
0.001 -1.19029 9.60206 1.1395807266 2.4980697632    1.100  2.265  3.6961  1.951    7  0.000  0.412     0.00     0.00     0.00     0.00     0.00 -1 -9.93e-10      0.00 7.270e-01 2.712e-01 1.361e-04 9.453e-05 4.404e-04 -1.000 1.797e-03 -0.894 0.807 -0.304 -0.916 -1.125 -1.226 -1.262
0.001 -1.19029 9.60206 1.1395932436 2.4980716705    1.100  2.228  3.6992  2.001    7  0.000  0.412     0.00     0.00     0.00     0.00     0.00 -1 -7.95e-10      0.00 7.270e-01 2.712e-01 1.361e-04 9.453e-05 4.404e-04 -1.000 1.797e-03 -0.800 0.852 -0.229 -0.827 -1.030 -1.127 -1.161
0.001 -1.19029 9.60206 1.1396970749 2.4980878830    1.100  2.223  3.6996  2.007    7  0.000  0.412     0.00     0.00     0.00     0.00     0.00 -1 -7.75e-10      0.00 7.270e-01 2.712e-01 1.361e-04 9.454e-05 4.404e-04 -1.000 1.797e-03 -0.786 0.860 -0.218 -0.814 -1.017 -1.114 -1.148
0.001 -1.19029 9.60206 1.1397886276 2.4981019497    1.099  2.265  3.6961  1.950    7  0.000  0.412     0.00     0.00     0.00     0.00     0.00 -1 -9.96e-10      0.00 7.270e-01 2.712e-01 1.361e-04 9.455e-05 4.404e-04 -1.000 1.797e-03 -0.893 0.807 -0.304 -0.916 -1.125 -1.226 -1.262
0.001 -1.19029 9.60206 1.1398454905 2.4981107712    1.098  2.310  3.6925  1.890    7  0.000  0.412     0.00     0.00     0.00     0.00     0.00 -1 -1.28e-09      0.00 7.270e-01 2.712e-01 1.361e-04 9.456e-05 4.404e-04 -1.000 1.796e-03 -1.006 0.753 -0.394 -1.023 -1.239 -1.345 -1.383
0.001 -1.19029 9.60206 1.1398879290 2.4981174469    1.098  2.349  3.6894  1.839    7  0.000  0.412     0.00     0.00     0.00     0.00     0.00 -1 -1.61e-09      0.00 7.270e-01 2.712e-01 1.361e-04 9.456e-05 4.404e-04 -1.000 1.796e-03 -1.103 0.706 -0.471 -1.115 -1.336 -1.447 -1.487
0.001 -1.19029 9.60206 1.1399382353 2.4981253147    1.097  2.389  3.6863  1.787    7  0.000  0.412     0.00     0.00     0.00     0.00     0.00 -1 -1.99e-09      0.00 7.270e-01 2.712e-01 1.360e-04 9.457e-05 4.404e-04 -1.000 1.796e-03 -1.201 0.662 -0.548 -1.207 -1.434 -1.549 -1.591
0.001 -1.19029 9.60206 1.1399884224 2.4981329441    1.096  2.430  3.6830  1.732    7  0.000  0.412     0.00     0.00     0.00     0.00     0.00 -1  -2.5e-09      0.00 7.270e-01 2.712e-01 1.360e-04 9.457e-05 4.404e-04 -1.000 1.796e-03 -1.304 0.628 -0.627 -1.307 -1.539 -1.658 -1.702
0.001 -1.19029 9.60206 1.1400339603 2.4981400967    1.095  2.471  3.6799  1.678    7  0.000  0.412     0.00     0.00     0.00     0.00     0.00 -1 -3.15e-09      0.00 7.270e-01 2.712e-01 1.360e-04 9.458e-05 4.404e-04 -1.000 1.796e-03 -1.407 0.596 -0.706 -1.406 -1.644 -1.766 -1.812
0.001 -1.19029 9.60206 1.1400761604 2.4981465340    1.093  2.512  3.6768  1.624    7  0.000  0.412     5.80     4.62     3.33     2.54     2.06  4 -3.96e-09      0.00 7.270e-01 2.712e-01 1.360e-04 9.458e-05 4.404e-04 -1.000 1.796e-03 -1.509 0.570 -0.783 -1.505 -1.748 -1.874 -1.922
0.001 -1.19029 9.60206 1.1401144266 2.4981524944    1.091  2.553  3.6735  1.570    7  0.000  0.412     6.49     5.10     3.66     2.79     2.26  4 -4.99e-09      0.00 7.270e-01 2.712e-01 1.360e-04 9.460e-05 4.404e-04 -1.000 1.796e-03 -1.611 0.550 -0.857 -1.604 -1.852 -1.982 -2.032
0.001 -1.19029 9.60206 1.1401494741 2.4981579781    1.089  2.594  3.6702  1.514    7  0.000  0.412     7.28     5.63     4.02     3.08     2.49  4 -6.28e-09      0.00 7.270e-01 2.713e-01 1.359e-04 9.463e-05 4.404e-04 -1.000 1.700e-03 -1.714 0.535 -0.930 -1.703 -1.956 -2.090 -2.143
0.001 -1.19029 9.60206 1.1401727200 2.4981615543    1.088  2.625  3.6637  1.457    7  0.000  0.411     8.20     6.25     4.44     3.40     2.76  4 -7.55e-09      0.00 7.270e-01 2.713e-01 1.357e-04 9.475e-05 4.404e-04 -1.000 1.700e-03 -1.791 0.635 -0.943 -1.767 -2.032 -2.174 -2.232
0.001 -1.19029 9.60206 1.1402013302 2.4981658459    1.085  2.665  3.6607  1.403    7  0.000  0.408     9.16     6.88     4.87     3.74     3.03  3 -9.29e-09      0.00 7.270e-01 2.713e-01 1.349e-04 9.540e-05 4.404e-04 -1.000 1.703e-03 -1.894 0.630 -1.011 -1.863 -2.134 -2.280 -2.341
0.001 -1.19029 9.60206 1.1402275562 2.4981698990    1.083  2.706  3.6575  1.348    7  0.000  0.405    10.25     7.59     5.35     4.11     3.33  3 -1.17e-08      0.00 7.270e-01 2.713e-01 1.336e-04 9.693e-05 4.404e-04 -1.000 1.702e-03 -1.995 0.635 -1.074 -1.956 -2.234 -2.384 -2.448
0.001 -1.19029 9.60206 1.1402523518 2.4981739521    1.079  2.747  3.6542  1.293    7  0.000  0.400    11.47     8.38     5.88     4.52     3.67  3 -1.44e-08      0.00 7.269e-01 2.713e-01 1.322e-04 9.861e-05 4.404e-04 -1.000 1.795e-03 -2.097 0.626 -1.138 -2.044 -2.330 -2.486 -2.552
0.001 -1.19029 9.60206 1.1402759552 2.4981775284    1.075  2.787  3.6510  1.238    7  0.000  0.397    12.84     9.25     6.46     4.97     4.04  3 -1.81e-08      0.00 7.269e-01 2.713e-01 1.311e-04 1.001e-04 4.404e-04 -1.000 1.795e-03 -2.198 0.616 -1.202 -2.133 -2.427 -2.588 -2.657
0.001 -1.19029 9.60206 1.1402977705 2.4981808662    1.071  2.828  3.6476  1.182    7  0.000  0.394    14.42    10.23     7.11     5.49     4.46  3 -2.28e-08      0.00 7.269e-01 2.713e-01 1.300e-04 1.014e-04 4.404e-04 -1.000 1.795e-03 -2.301 0.611 -1.265 -2.221 -2.524 -2.691 -2.762
0.001 -1.19029 9.60206 1.1403179169 2.4981839657    1.066  2.868  3.6441  1.126    7  0.000  0.391    16.17    11.31     7.82     6.05     4.91  3  -2.8e-08      0.00 7.269e-01 2.714e-01 1.290e-04 1.026e-04 4.404e-04 -1.000 1.700e-03 -2.401 0.612 -1.322 -2.305 -2.617 -2.790 -2.864
0.001 -1.19029 9.60206 1.1403383017 2.4981870651    1.059  2.908  3.6407  1.069    7  0.000  0.388    18.15    12.50     8.61     6.66     5.41  3 -3.52e-08      0.00 7.269e-01 2.714e-01 1.282e-04 1.036e-04 4.404e-04 -1.000 1.697e-03 -2.501 0.612 -1.380 -2.389 -2.710 -2.890 -2.966
0.001 -1.19029 9.60206 1.1403588057 2.4981904030    1.051  2.948  3.6373  1.012    7  0.000  0.386    20.38    13.83     9.48     7.35     5.97  2 -4.34e-08      0.00 7.269e-01 2.714e-01 1.275e-04 1.045e-04 4.403e-04 -1.000 1.698e-03 -2.601 0.614 -1.436 -2.472 -2.802 -2.988 -3.067
0.001 -1.19029 9.60206 1.1403793097 2.4981935024    1.041  2.989  3.6335  0.953    7  0.000  0.384    23.01    15.37    10.48     8.14     6.62  2 -5.46e-08      0.00 7.268e-01 2.715e-01 1.269e-04 1.052e-04 4.402e-04 -1.000 1.700e-03 -2.701 0.634 -1.482 -2.551 -2.894 -3.087 -3.169
0.001 -1.19029 9.60206 1.1403982639 2.4981963634    1.029  3.030  3.6293  0.889    7  0.000  0.383    26.17    17.18    11.66     9.08     7.38  2 -7.03e-08      0.00 7.268e-01 2.715e-01 1.264e-04 1.059e-04 4.401e-04 -1.000 1.700e-03 -2.806 0.664 -1.524 -2.631 -2.987 -3.189 -3.274
0.001 -1.19029 9.60206 1.1404128075 2.4981987476    1.017  3.074  3.6253  0.824    7  0.000  0.382    29.85    19.26    13.00    10.14     8.25  2 -9.03e-08      0.00 7.268e-01 2.715e-01 1.259e-04 1.065e-04 4.399e-04 -1.000 1.698e-03 -2.916 0.685 -1.570 -2.716 -3.085 -3.295 -3.384
0.001 -1.19029 9.60206 1.1404230595 2.4982001781    1.006  3.115  3.6215  0.763    7  0.000  0.381    33.80    21.45    14.40    11.26     9.15  2 -1.13e-07      0.00 7.267e-01 2.716e-01 1.255e-04 1.071e-04 4.397e-04 -1.000 1.697e-03 -3.018 0.708 -1.611 -2.793 -3.176 -3.394 -3.486
0.001 -1.19029 9.60206 1.1404333115 2.4982018471    0.993  3.155  3.6174  0.701    7  0.000  0.380    38.34    23.91    15.97    12.51    10.18  2 -1.43e-07      0.00 7.267e-01 2.716e-01 1.252e-04 1.076e-04 4.394e-04 -1.000 1.700e-03 -3.117 0.739 -1.644 -2.865 -3.262 -3.489 -3.585
0.001 -1.19029 9.60206 1.1404409409 2.4982030392    0.980  3.194  3.6135  0.641    7  0.000  0.379    43.32    26.57    17.66    13.86    11.27  1 -1.79e-07      0.00 7.267e-01 2.716e-01 1.249e-04 1.082e-04 4.391e-04 -1.000 1.700e-03 -3.215 0.765 -1.676 -2.935 -3.347 -3.582 -3.681
0.001 -1.19029 9.60206 1.1404491663 2.4982042313    0.963  3.234  3.6093  0.577    7  0.000  0.379    49.37    29.72    19.64    15.46    12.57  1 -2.26e-07      0.00 7.266e-01 2.716e-01 1.248e-04 1.086e-04 4.389e-04 -1.000 1.790e-03 -3.315 0.796 -1.704 -3.005 -3.432 -3.676 -3.779
0.001 -1.19029 9.60206 1.1404550076 2.4982051849    0.947  3.276  3.6051  0.511    7  0.000  0.379    56.43    33.33    21.91    17.28    14.06  1  -2.9e-07      0.00 7.266e-01 2.716e-01 1.247e-04 1.086e-04 4.388e-04 -1.000 1.789e-03 -3.419 0.818 -1.731 -3.075 -3.520 -3.774 -3.880
0.001 -1.19029 9.60206 1.1404565573 2.4982054234    0.942  3.312  3.6016  0.458    7  0.000  0.379    62.94    36.61    23.96    18.93    15.40  1 -3.46e-07      0.00 7.266e-01 2.717e-01 1.245e-04 1.093e-04 4.384e-04 -1.000 1.695e-03 -3.511 0.827 -1.753 -3.137 -3.598 -3.860 -3.970
0.001 -1.19029 9.60206 1.1404575109 2.4982056618    0.939  3.129  3.6179  0.705    7  0.000  0.378    37.47    23.40    15.62    12.26     9.97  2 -1.48e-07      0.00 7.266e-01 2.717e-01 1.244e-04 1.096e-04 4.381e-04 -1.000 1.695e-03 -3.052 0.790 -1.587 -2.803 -3.199 -3.424 -3.520
0.001 -1.19029 9.60206 1.1404576302 2.4982056618    0.939  3.157  3.6155  0.668    7  0.000  0.378    40.57    25.06    16.68    13.10    10.65  1 -1.73e-07      0.00 7.266e-01 2.717e-01 1.244e-04 1.096e-04 4.381e-04 -1.000 1.695e-03 -3.122 0.798 -1.615 -2.856 -3.261 -3.491 -3.589
0.001 -1.19029 9.60206 1.1404577494 2.4982056618    0.938  3.184  3.6130  0.631    7  0.000  0.378    43.83    26.78    17.78    13.98    11.37  1 -1.93e-07      0.00 7.266e-01 2.717e-01 1.244e-04 1.096e-04 4.381e-04 -1.000 1.695e-03 -3.189 0.808 -1.641 -2.906 -3.319 -3.556 -3.655
0.001 -1.19029 9.60206 1.1404583454 2.4982056618    0.937  3.198  3.6116  0.610    7  0.000  0.378    45.75    27.79    18.41    14.49    11.78  1 -2.11e-07      0.00 7.266e-01 2.717e-01 1.244e-04 1.096e-04 4.381e-04 -1.000 1.695e-03 -3.226 0.815 -1.655 -2.933 -3.351 -3.590 -3.691
0.001 -1.19029 9.60206 1.1404588223 2.4982059002    0.936  3.237  3.6081  0.556    7  0.000  0.378    51.20    30.62    20.20    15.92    12.95  1 -2.51e-07      0.00 7.266e-01 2.717e-01 1.244e-04 1.096e-04 4.381e-04 -1.000 1.695e-03 -3.324 0.825 -1.690 -3.004 -3.436 -3.683 -3.787
0.001 -1.19029 9.60206 1.1404592991 2.4982059002    0.934  3.275  3.6047  0.504    7  0.000  0.378    57.06    33.62    22.09    17.43    14.18  1 -2.99e-07      0.00 7.266e-01 2.717e-01 1.244e-04 1.096e-04 4.381e-04 -1.000 1.695e-03 -3.417 0.833 -1.721 -3.069 -3.516 -3.771 -3.878
0.001 -1.19029 9.60206 1.1404598951 2.4982059002    0.933  3.312  3.6013  0.453    7  0.000  0.378    63.51    36.87    24.12    19.06    15.51  1 -3.57e-07      0.00 7.266e-01 2.717e-01 1.244e-04 1.096e-04 4.381e-04 -1.000 1.695e-03 -3.510 0.838 -1.745 -3.133 -3.595 -3.859 -3.969
0.001 -1.19029 9.60206 1.1404604912 2.4982061386    0.930  3.348  3.5980  0.403    7  0.000  0.378    70.55    40.36    26.29    20.81    16.94  1 -4.25e-07      0.00 7.266e-01 2.717e-01 1.244e-04 1.096e-04 4.381e-04 -1.000 1.695e-03 -3.600 0.842 -1.764 -3.192 -3.671 -3.943 -4.056
0.001 -1.19029 9.60206 1.1404615641 2.4982061386    0.925  3.395  3.5935  0.335    7  0.000  0.378    81.13    45.51    29.48    23.38    19.03  1 -5.37e-07      0.00 7.265e-01 2.717e-01 1.240e-04 1.105e-04 4.376e-04 -1.000 1.792e-03 -3.717 0.850 -1.785 -3.266 -3.769 -4.052 -4.169
0.001 -1.19029 9.60206 1.1404628754 2.4982063770    0.916  3.438  3.5890  0.270    7  0.540  0.378    92.92    51.11    32.93    26.17    21.31  1 -6.78e-07      0.00 7.265e-01 2.718e-01 1.238e-04 1.112e-04 4.371e-04 -1.000 1.699e-03 -3.825 0.862 -1.794 -3.329 -3.855 -4.151 -4.272
0.001 -1.19029 9.60206 1.1404652596 2.4982068539    0.897  3.475  3.5849  0.207    7  0.548  0.378   105.55    56.91    36.48    29.05    23.66  1 -8.35e-07      0.00 7.265e-01 2.718e-01 1.238e-04 1.115e-04 4.368e-04 -1.000 1.696e-03 -3.917 0.871 -1.790 -3.376 -3.927 -4.235 -4.360
0.001 -1.19029 9.60206 1.1404660940 2.4982068539    0.888  3.480  3.5841  0.194    7  0.548  0.378   108.29    58.12    37.20    29.65    24.15  1 -8.94e-07      0.00 7.265e-01 2.718e-01 1.238e-04 1.115e-04 4.368e-04 -1.000 1.695e-03 -3.930 0.878 -1.783 -3.380 -3.936 -4.246 -4.373
0.001 -1.19029 9.60206 1.1404662132 2.4982068539    0.887  3.480  3.5841  0.194    8  0.548  0.397   108.30    58.12    37.21    29.66    24.15  1 -8.94e-07      0.00 7.265e-01 2.726e-01 1.307e-04 1.116e-04 4.385e-04 -1.000 9.203e-04 -3.930 0.878 -1.783 -3.380 -3.936 -4.246 -4.373
0.001 -1.19029 9.60206 1.1404663324 2.4982068539    0.886  3.321  3.5984  0.410    8  0.548  0.397    68.74    39.31    25.61    20.30    16.51  1 -4.39e-07      0.00 7.265e-01 2.726e-01 1.307e-04 1.116e-04 4.385e-04 -1.000 9.203e-04 -3.532 0.898 -1.705 -3.128 -3.605 -3.875 -3.988
0.001 -1.19029 9.60206 1.1404664516 2.4982070923    0.885  3.208  3.6092  0.565    8  0.548  0.397    49.60    29.70    19.59    15.46    12.57  1 -2.63e-07      0.00 7.265e-01 2.726e-01 1.307e-04 1.116e-04 4.385e-04 -1.000 9.204e-04 -3.251 0.871 -1.635 -2.939 -3.367 -3.612 -3.715
0.001 -1.19029 9.60206 1.1404666901 2.4982070923    0.881  2.993  3.6298  0.862    8  0.548  0.397    26.55    17.36    11.73     9.19     7.46  2 -9.55e-08      0.00 7.265e-01 2.726e-01 1.307e-04 1.116e-04 4.385e-04 -1.000 9.204e-04 -2.711 0.768 -1.429 -2.540 -2.895 -3.096 -3.182
0.001 -1.19029 9.60206 1.1404670477 2.4982070923    0.877  2.994  3.6295  0.857    8  0.548  0.397    26.78    17.48    11.81     9.25     7.51  2 -9.78e-08      0.00 7.265e-01 2.726e-01 1.307e-04 1.116e-04 4.385e-04 -1.000 9.203e-04 -2.715 0.773 -1.428 -2.542 -2.898 -3.100 -3.186
0.001 -1.19029 9.60206 1.1404675245 2.4982070923    0.871  3.079  3.6212  0.736    8  0.548  0.397    34.49    21.72    14.53    11.42     9.27  2  -1.5e-07      0.00 7.265e-01 2.726e-01 1.307e-04 1.116e-04 4.385e-04 -1.000 9.202e-04 -2.927 0.822 -1.511 -2.701 -3.085 -3.304 -3.397
0.001 -1.19029 9.60206 1.1404680014 2.4982073307    0.864  3.223  3.6072  0.532    8  0.549  0.397    52.89    31.33    20.61    16.29    13.24  1 -3.03e-07      0.00 7.265e-01 2.726e-01 1.307e-04 1.116e-04 4.385e-04 -1.000 9.202e-04 -3.288 0.894 -1.635 -2.960 -3.397 -3.646 -3.751
0.001 -1.19029 9.60206 1.1404687166 2.4982073307    0.856  3.350  3.5948  0.351    8  0.549  0.397    77.26    43.33    28.09    22.32    18.16  1 -5.59e-07      0.00 7.265e-01 2.726e-01 1.307e-04 1.116e-04 4.385e-04 -1.000 9.203e-04 -3.605 0.929 -1.699 -3.166 -3.662 -3.942 -4.058
0.001 -1.19029 9.60206 1.1404695511 2.4982075691    0.846  3.432  3.5867  0.232    8  0.549  0.397    99.24    53.65    34.43    27.46    22.35  1 -8.38e-07      0.00 7.265e-01 2.726e-01 1.307e-04 1.116e-04 4.385e-04 -1.000 9.204e-04 -3.811 0.937 -1.724 -3.289 -3.830 -4.132 -4.256
0.001 -1.19029 9.60206 1.1404703856 2.4982075691    0.835  3.474  3.5825  0.168    8  0.549  0.397   113.29    60.00    38.30    30.61    24.92  1 -1.05e-06      0.00 7.265e-01 2.726e-01 1.307e-04 1.116e-04 4.385e-04 -1.000 9.203e-04 -3.914 0.935 -1.727 -3.345 -3.911 -4.226 -4.354
0.001 -1.19029 9.60206 1.1404714584 2.4982078075    0.823  3.490  3.5806  0.138    8  0.549  0.397   120.39    63.10    40.18    32.15    26.17  1 -1.18e-06      0.00 7.265e-01 2.726e-01 1.307e-04 1.116e-04 4.385e-04 -1.000 9.203e-04 -3.955 0.940 -1.722 -3.364 -3.942 -4.261 -4.392
0.001 -1.19029 9.60206 1.1404725313 2.4982078075    0.810  3.496  3.5797  0.121    8  0.550  0.397   124.38    64.76    41.17    32.98    26.84  1 -1.27e-06      0.00 7.265e-01 2.726e-01 1.307e-04 1.116e-04 4.385e-04 -1.000 9.203e-04 -3.970 0.948 -1.713 -3.368 -3.951 -4.274 -4.406
0.001 -1.19029 9.60206 1.1404726505 2.4982080460    0.809  3.393  3.5896  0.264    8  0.550  0.397    92.01    50.04    32.19    25.68    20.89  1 -8.05e-07      0.00 7.265e-01 2.726e-01 1.307e-04 1.116e-04 4.385e-04 -1.000 9.203e-04 -3.711 0.973 -1.685 -3.220 -3.744 -4.039 -4.160
0.001 -1.19029 9.60206 1.1404727697 2.4982080460    0.807  3.229  3.6052  0.489    8  0.550  0.397    57.09    33.28    21.80    17.29    14.05  1 -3.86e-07      0.00 7.265e-01 2.726e-01 1.307e-04 1.116e-04 4.385e-04 -1.000 9.203e-04 -3.302 0.948 -1.607 -2.957 -3.403 -3.657 -3.764
0.001 -1.19029 9.60206 1.1404731274 2.4982080460    0.803  3.013  3.6258  0.785    8  0.550  0.397    30.52    19.49    13.07    10.29     8.35  1 -1.42e-07      0.00 7.265e-01 2.726e-01 1.307e-04 1.116e-04 4.385e-04 -1.000 9.204e-04 -2.764 0.855 -1.415 -2.566 -2.936 -3.146 -3.235
0.001 -1.19029 9.60206 1.1404736042 2.4982080460    0.797  3.015  3.6255  0.778    8  0.550  0.397    30.87    19.67    13.19    10.39     8.43  1 -1.47e-07      0.00 7.265e-01 2.726e-01 1.307e-04 1.116e-04 4.385e-04 -1.000 9.203e-04 -2.768 0.861 -1.414 -2.569 -2.940 -3.150 -3.240
0.001 -1.19029 9.60206 1.1404742002 2.4982082844    0.790  3.100  3.6172  0.656    8  0.550  0.397    39.90    24.47    16.25    12.84    10.42  1 -2.27e-07      0.00 7.265e-01 2.726e-01 1.307e-04 1.116e-04 4.385e-04 -1.000 9.203e-04 -2.981 0.912 -1.493 -2.726 -3.126 -3.354 -3.450
0.001 -1.19029 9.60206 1.1404750347 2.4982082844    0.782  3.244  3.6032  0.452    8  0.550  0.397    61.36    35.29    23.04    18.31    14.88  1 -4.57e-07      0.00 7.265e-01 2.726e-01 1.307e-04 1.116e-04 4.385e-04 -1.000 9.203e-04 -3.339 0.975 -1.599 -2.976 -3.432 -3.691 -3.800
0.001 -1.19029 9.60206 1.1404758692 2.4982085228    0.772  3.370  3.5908  0.271    8  0.550  0.397    89.95    48.83    31.41    25.10    20.41  1 -8.44e-07      0.00 7.265e-01 2.726e-01 1.307e-04 1.116e-04 4.385e-04 -1.000 9.202e-04 -3.655 1.006 -1.650 -3.174 -3.693 -3.985 -4.105
0.001 -1.19029 9.60206 1.1404769421 2.4982085228    0.760  3.452  3.5826  0.149    8  0.551  0.397   116.09    60.56    38.56    30.93    25.16  1 -1.28e-06      0.00 7.265e-01 2.726e-01 1.307e-04 1.116e-04 4.385e-04 -1.000 9.202e-04 -3.860 1.002 -1.665 -3.289 -3.856 -4.171 -4.300
0.001 -1.19029 9.60206 1.1404781342 2.4982087612    0.747  3.493  3.5783  0.083    8  0.551  0.397   132.48    67.97    43.04    34.60    28.15  0 -1.62e-06      0.00 7.265e-01 2.726e-01 1.307e-04 1.116e-04 4.385e-04 -1.000 9.202e-04 -3.964 0.996 -1.663 -3.341 -3.936 -4.265 -4.398
0.001 -1.19029 9.60206 1.1404794455 2.4982089996    0.733  3.510  3.5763  0.050    8  0.551  0.397   138.48    71.84    45.35    36.52    29.71  0 -1.85e-06      0.00 7.265e-01 2.726e-01 1.307e-04 1.116e-04 4.385e-04 -1.000 9.203e-04 -4.006 0.999 -1.652 -3.357 -3.967 -4.302 -4.437
0.001 -1.19029 9.60206 1.1404809952 2.4982092381    0.717  3.517  3.5753  0.029    8  0.552  0.397   141.85    74.16    46.73    37.67    30.65  0 -2.04e-06      0.01 7.265e-01 2.726e-01 1.307e-04 1.116e-04 4.385e-04 -1.000 9.202e-04 -4.024 1.009 -1.638 -3.359 -3.977 -4.316 -4.453
0.001 -1.19029 9.60206 1.1404907703 2.4982106686    0.553 -9.999  4.0000  1.708    9  0.554  0.000     0.00     0.00     0.00     0.00     0.00 -1    -1e-30      0.00 7.265e-01 2.726e-01 1.307e-04 1.116e-04 4.385e-04 -1.000 9.203e-04 29.767 30.088 29.953 30.231 30.461 30.543 30.632
#isochrone terminated
