# File generated by CMD 3.6 (http://stev.oapd.inaf.it/cmd) on Thu Apr 21 17:51:08 CEST 2022
# isochrones based on PARSEC release v1.2S +  COLIBRI S_37 + S_35 + PR16
# Basic references: Bressan et al. (2012), MNRAS, 427, 127 + Chen et al. (2014, 2015), MNRAS, 444, 2525 + MNRAS, 452, 1068 + Tang et al. (2014), MNRAS, 445, 4287 + Marigo et al. (2017), ApJ, 835, 77 + Pastorelli al. (2019), MNRAS, 485, 5666 + Pastorelli al. (2020), MNRAS, in press
# Thermal pulse cycles included 
# On RGB, assumed Reimers mass loss with efficiency eta=0.2
# LPV periods and growth rates added cf. Trabucchi et al. (2019)
# but fundamental-mode LPV periods are from Trabucchi et al. (2021)
# Photometric system: DECAM (ABmags)
# Using YBC version of bolometric corrections as in Chen et al. (2019)
# O-rich circumstellar dpmod60alox40 dust from Groenewegen (2006)
# C-rich circumstellar AMCSIC15 dust from Groenewegen (2006)
# IMF: Kroupa (2001, 2002) + Kroupa et al. (2013) canonical two-part-power law IMF corrected for unresolved binaries 
# Kind of output: isochrone tables
# Zini     MH   logAge Mini        int_IMF         Mass   logL    logTe  logg  label   McoreTP C_O  period0  period1  period2  period3  period4  pmode  Mloss  tau1m   X   Y   Xc  Xn  Xo  Cexcess  Z 	 mbolmag  umag    gmag    rmag    imag    zmag    Ymag
0.0001 -2.19174 9.84510 0.1000000015 1.1711064577    0.100 -2.785  3.5580  5.407    1  0.000  0.545     0.00     0.00     0.00     0.00     0.00 -1 -1.29e-16      0.00 7.477e-01 2.522e-01 1.798e-05 4.851e-06 4.400e-05 -1.000 9.996e-05 11.734 15.943 13.670 12.112 11.463 11.166 11.067
0.0001 -2.19174 9.84510 0.1098214313 1.2482755184    0.109 -2.637  3.5733  5.359    1  0.000  0.545     0.00     0.00     0.00     0.00     0.00 -1 -1.84e-16      0.00 7.467e-01 2.532e-01 1.798e-05 4.851e-06 4.400e-05 -1.000 9.996e-05 11.362 15.209 13.086 11.648 11.099 10.826 10.731
0.0001 -2.19174 9.84510 0.1294642836 1.3786746264    0.129 -2.397  3.5959  5.281    1  0.000  0.545     0.00     0.00     0.00     0.00     0.00 -1 -3.21e-16      0.00 7.448e-01 2.551e-01 1.798e-05 4.851e-06 4.400e-05 -1.000 1.000e-04 10.762 14.089 12.208 10.963 10.503 10.262 10.178
0.0001 -2.19174 9.84510 0.1491071582 1.4855960608    0.149 -2.238  3.6072  5.230    1  0.000  0.545     0.00     0.00     0.00     0.00     0.00 -1 -4.57e-16      0.00 7.435e-01 2.564e-01 1.798e-05 4.851e-06 4.400e-05 -1.000 1.000e-04 10.366 13.453 11.687 10.532 10.105 9.881 9.803
0.0001 -2.19174 9.84510 0.1687500030 1.5756140947    0.168 -2.115  3.6146  5.189    1  0.000  0.545     0.00     0.00     0.00     0.00     0.00 -1 -5.99e-16      0.00 7.427e-01 2.572e-01 1.798e-05 4.851e-06 4.400e-05 -1.000 9.999e-05 10.057 12.997 11.302 10.203 9.795 9.582 9.508
0.0001 -2.19174 9.84510 0.2080357224 1.7204496861    0.207 -1.912  3.6257  5.121    1  0.000  0.545     0.00     0.00     0.00     0.00     0.00 -1  -9.3e-16      0.00 7.420e-01 2.579e-01 1.798e-05 4.851e-06 4.400e-05 -1.000 9.999e-05 9.549 12.278 10.685 9.664 9.284 9.086 9.018
0.0001 -2.19174 9.84510 0.2571428716 1.8581268787    0.257 -1.719  3.6358  5.061    1  0.000  0.545     0.00     0.00     0.00     0.00     0.00 -1  -1.4e-15      0.00 7.420e-01 2.579e-01 1.798e-05 4.851e-06 4.400e-05 -1.000 9.999e-05 9.068 11.615 10.111 9.156 8.799 8.616 8.553
0.0001 -2.19174 9.84510 0.3062500358 1.9652637243    0.306 -1.569  3.6440  5.021    1  0.000  0.545     0.00     0.00     0.00     0.00     0.00 -1 -1.89e-15      0.00 7.421e-01 2.578e-01 1.797e-05 4.852e-06 4.400e-05 -1.000 1.001e-04 8.693 11.100 9.666 8.760 8.422 8.250 8.192
0.0001 -2.19174 9.84510 0.3553571403 2.0521113873    0.355 -1.445  3.6517  4.992    1  0.000  0.545     0.00     0.00     0.00     0.00     0.00 -1 -2.42e-15      0.00 7.430e-01 2.569e-01 1.797e-05 4.852e-06 4.400e-05 -1.000 9.999e-05 8.383 10.665 9.294 8.431 8.109 7.948 7.895
0.0001 -2.19174 9.84510 0.4044643044 2.1246092319    0.404 -1.331  3.6598  4.967    1  0.000  0.545     0.00     0.00     0.00     0.00     0.00 -1 -3.03e-15      0.00 7.503e-01 2.496e-01 1.798e-05 4.851e-06 4.400e-05 -1.000 9.999e-05 8.097 10.252 8.947 8.126 7.822 7.672 7.622
0.0001 -2.19174 9.84510 0.4535714388 2.1864814758    0.453 -1.192  3.6722  4.927    1  0.000  0.545     0.00     0.00     0.00     0.00     0.00 -1 -4.13e-15      0.00 7.508e-01 2.491e-01 1.798e-05 4.851e-06 4.400e-05 -1.000 9.999e-05 7.749 9.712 8.513 7.755 7.475 7.341 7.299
0.0001 -2.19174 9.84510 0.5026785731 2.2401986122    0.503 -1.038  3.6859  4.873    1  0.000  0.545     0.00     0.00     0.00     0.00     0.00 -1 -5.94e-15      0.00 7.518e-01 2.481e-01 1.791e-05 4.832e-06 4.383e-05 -1.000 9.990e-05 7.366 9.132 8.043 7.350 7.097 6.981 6.945
0.0001 -2.19174 9.84510 0.5517857671 2.2851314545    0.551 -0.861  3.7032  4.805    1  0.000  0.545     0.00     0.00     0.00     0.00     0.00 -1 -9.22e-15      0.00 7.708e-01 2.291e-01 1.663e-05 4.487e-06 4.071e-05 -1.000 9.936e-05 6.922 8.459 7.504 6.888 6.668 6.573 6.546
0.0001 -2.19174 9.84510 0.6008928418 2.3217256069    0.601 -0.679  3.7248  4.747    1  0.000  0.544     0.00     0.00     0.00     0.00     0.00 -1 -1.43e-14      0.00 7.784e-01 2.216e-01 1.613e-05 4.356e-06 3.952e-05 -1.000 6.041e-05 6.468 7.759 6.951 6.423 6.242 6.172 6.156
0.0001 -2.19174 9.84510 0.6129957438 2.3297152519    0.613 -0.633  3.7310  4.734    1  0.000  0.544     0.00     0.00     0.00     0.00     0.00 -1  -1.6e-14      0.00 7.807e-01 2.192e-01 1.598e-05 4.315e-06 3.915e-05 -1.000 2.666e-05 6.353 7.582 6.811 6.307 6.137 6.074 6.060
0.0001 -2.19174 9.84510 0.6320336461 2.3415739536    0.632 -0.561  3.7406  4.714    1  0.000  0.544     0.00     0.00     0.00     0.00     0.00 -1 -1.91e-14      0.00 7.847e-01 2.152e-01 1.572e-05 4.245e-06 3.853e-05 -1.000 9.993e-05 6.173 7.315 6.596 6.128 5.973 5.921 5.912
0.0001 -2.19174 9.84510 0.6491008997 2.3515276909    0.649 -0.497  3.7492  4.696    1  0.000  0.544     0.00     0.00     0.00     0.00     0.00 -1 -2.23e-14      0.00 7.887e-01 2.112e-01 1.547e-05 4.177e-06 3.792e-05 -1.000 1.000e-04 6.012 7.083 6.407 5.972 5.832 5.789 5.784
0.0001 -2.19174 9.84510 0.6499999762 2.3520355225    0.650 -0.493  3.7497  4.695    1  0.000  0.544     0.00     0.00     0.00     0.00     0.00 -1 -2.24e-14      0.00 7.889e-01 2.110e-01 1.545e-05 4.174e-06 3.789e-05 -1.000 9.996e-05 6.003 7.071 6.397 5.963 5.825 5.782 5.777
0.0001 -2.19174 9.84510 0.6578874588 2.3564212322    0.658 -0.463  3.7536  4.686    1  0.000  0.544     0.00     0.00     0.00     0.00     0.00 -1 -2.41e-14      0.00 7.911e-01 2.088e-01 1.530e-05 4.135e-06 3.754e-05 -1.000 1.000e-04 5.929 6.966 6.310 5.892 5.760 5.721 5.718
0.0001 -2.19174 9.84510 0.6781261563 2.3671398163    0.678 -0.387  3.7636  4.662    1  0.000  0.543     0.00     0.00     0.00     0.00     0.00 -1 -2.92e-14      0.00 7.975e-01 2.025e-01 1.490e-05 4.026e-06 3.657e-05 -1.000 5.713e-05 5.737 6.703 6.090 5.709 5.594 5.565 5.566
0.0001 -2.19174 9.84510 0.6965694427 2.3762865067    0.696 -0.317  3.7725  4.640    1  0.000  0.543     0.00     0.00     0.00     0.00     0.00 -1 -3.47e-14      0.00 8.039e-01 1.960e-01 1.449e-05 3.916e-06 3.558e-05 -1.000 1.000e-04 5.563 6.475 5.895 5.544 5.443 5.423 5.427
0.0001 -2.19174 9.84510 0.6999999881 2.3779268265    0.700 -0.304  3.7741  4.636    1  0.000  0.543     0.00     0.00     0.00     0.00     0.00 -1 -3.58e-14      0.00 8.052e-01 1.947e-01 1.440e-05 3.895e-06 3.538e-05 -1.000 9.999e-05 5.530 6.434 5.859 5.514 5.415 5.397 5.401
0.0001 -2.19174 9.84510 0.7108590603 2.3829991817    0.711 -0.263  3.7790  4.621    1  0.000  0.541     0.00     0.00     0.00     0.00     0.00 -1 -3.97e-14      0.00 8.104e-01 1.895e-01 1.403e-05 3.805e-06 3.459e-05 -1.000 1.000e-04 5.427 6.304 5.745 5.417 5.325 5.312 5.318
0.0001 -2.19174 9.84510 0.7237555981 2.3887965679    0.724 -0.214  3.7847  4.602    1  0.000  0.538     0.00     0.00     0.00     0.00     0.00 -1 -4.51e-14      0.00 8.168e-01 1.831e-01 1.359e-05 3.699e-06 3.365e-05 -1.000 9.993e-05 5.304 6.152 5.609 5.301 5.219 5.211 5.219
0.0001 -2.19174 9.84510 0.7416660786 2.3964643478    0.741 -0.145  3.7924  4.574    1  0.000  0.535     0.00     0.00     0.00     0.00     0.00 -1 -5.39e-14      0.00 8.256e-01 1.743e-01 1.300e-05 3.557e-06 3.240e-05 -1.000 9.996e-05 5.132 5.944 5.420 5.139 5.069 5.069 5.079
0.0001 -2.19174 9.84510 0.7500000000 2.3998889923    0.750 -0.112  3.7959  4.561    1  0.000  0.534     0.00     0.00     0.00     0.00     0.00 -1 -5.87e-14      0.00 8.297e-01 1.703e-01 1.275e-05 3.495e-06 3.186e-05 -1.000 4.640e-05 5.050 5.848 5.331 5.062 4.997 5.001 5.012
0.0001 -2.19174 9.84510 0.7555248141 2.4021115303    0.755 -0.091  3.7982  4.551    1  0.000  0.533     0.00     0.00     0.00     0.00     0.00 -1 -6.21e-14      0.00 8.302e-01 1.698e-01 1.276e-05 3.500e-06 3.191e-05 -1.000 4.113e-06 4.996 5.784 5.272 5.011 4.950 4.956 4.968
0.0001 -2.19174 9.84510 0.7672261000 2.4066972733    0.767 -0.044  3.8030  4.531    1  0.000  0.533     0.00     0.00     0.00     0.00     0.00 -1 -7.01e-14      0.00 8.311e-01 1.689e-01 1.280e-05 3.513e-06 3.204e-05 -1.000 1.979e-05 4.881 5.650 5.146 4.901 4.848 4.858 4.872
0.0001 -2.19174 9.84510 0.7780115008 2.4107840061    0.778 -0.001  3.8074  4.511    1  0.000  0.532     0.00     0.00     0.00     0.00     0.00 -1 -7.87e-14      0.00 8.317e-01 1.682e-01 1.284e-05 3.527e-06 3.218e-05 -1.000 1.000e-04 4.772 5.526 5.028 4.798 4.752 4.766 4.782
0.0001 -2.19174 9.84510 0.7882370353 2.4145400524    0.788  0.041  3.8116  4.492    1  0.000  0.532     0.00     0.00     0.00     0.00     0.00 -1 -8.81e-14      0.00 8.322e-01 1.678e-01 1.289e-05 3.542e-06 3.233e-05 -1.000 4.965e-05 4.668 5.407 4.914 4.698 4.658 4.677 4.694
0.0001 -2.19174 9.84510 0.8000000119 2.4187245369    0.799  0.090  3.8163  4.468    1  0.000  0.531     0.00     0.00     0.00     0.00     0.00 -1 -1.01e-13      0.00 8.326e-01 1.674e-01 1.295e-05 3.561e-06 3.252e-05 -1.000 1.490e-08 4.544 5.269 4.779 4.578 4.546 4.570 4.588
0.0001 -2.19174 9.84510 0.8051053882 2.4204969406    0.804  0.112  3.8185  4.458    1  0.000  0.531     0.00     0.00     0.00     0.00     0.00 -1 -1.07e-13      0.00 8.327e-01 1.673e-01 1.295e-05 3.562e-06 3.253e-05 -1.000 1.051e-05 4.490 5.208 4.720 4.525 4.497 4.523 4.541
0.0001 -2.19174 9.84510 0.8188629746 2.4251470566    0.818  0.172  3.8243  4.428    1  0.000  0.531     0.00     0.00     0.00     0.00     0.00 -1 -1.26e-13      0.00 8.327e-01 1.672e-01 1.297e-05 3.567e-06 3.258e-05 -1.000 9.364e-05 4.339 5.040 4.555 4.378 4.358 4.390 4.410
0.0001 -2.19174 9.84510 0.8315543532 2.4292800426    0.831  0.231  3.8298  4.397    1  0.000  0.531     0.00     0.00     0.00     0.00     0.00 -1 -1.48e-13      0.00 8.325e-01 1.674e-01 1.300e-05 3.574e-06 3.265e-05 -1.000 5.132e-05 4.191 4.876 4.393 4.233 4.223 4.260 4.282
0.0001 -2.19174 9.84510 0.8421753645 2.4326291084    0.841  0.284  3.8346  4.369    1  0.000  0.531     0.00     0.00     0.00     0.00     0.00 -1 -1.71e-13      0.00 8.323e-01 1.677e-01 1.303e-05 3.583e-06 3.273e-05 -1.000 2.594e-05 4.060 4.733 4.249 4.105 4.102 4.144 4.167
0.0001 -2.19174 9.84510 0.8500000238 2.4350347519    0.849  0.325  3.8381  4.347    1  0.000  0.531     0.00     0.00     0.00     0.00     0.00 -1 -1.92e-13      0.00 8.320e-01 1.680e-01 1.305e-05 3.590e-06 3.279e-05 -1.000 6.050e-05 3.958 4.621 4.137 4.004 4.008 4.053 4.077
0.0001 -2.19174 9.84510 0.8544541001 2.4363815784    0.853  0.348  3.8404  4.334    1  0.000  0.531     0.00     0.00     0.00     0.00     0.00 -1 -2.05e-13      0.00 8.319e-01 1.680e-01 1.305e-05 3.591e-06 3.280e-05 -1.000 9.991e-05 3.899 4.556 4.072 3.946 3.954 4.001 4.025
0.0001 -2.19174 9.84510 0.8628734946 2.4388837814    0.862  0.396  3.8448  4.309    1  0.000  0.531     0.00     0.00     0.00     0.00     0.00 -1 -2.35e-13      0.00 8.318e-01 1.681e-01 1.306e-05 3.592e-06 3.281e-05 -1.000 9.999e-05 3.781 4.427 3.942 3.831 3.846 3.896 3.922
0.0001 -2.19174 9.84510 0.8732520938 2.4418921471    0.872  0.458  3.8503  4.274    1  0.000  0.531     0.00     0.00     0.00     0.00     0.00 -1  -2.8e-13      0.00 8.316e-01 1.683e-01 1.307e-05 3.595e-06 3.283e-05 -1.000 7.884e-05 3.626 4.258 3.771 3.678 3.703 3.759 3.785
0.0001 -2.19174 9.84510 0.8829098940 2.4446187019    0.881  0.520  3.8555  4.238    1  0.000  0.531     0.00     0.00     0.00     0.00     0.00 -1 -3.34e-13      0.00 8.313e-01 1.686e-01 1.308e-05 3.598e-06 3.286e-05 -1.000 7.531e-05 3.471 4.091 3.601 3.526 3.561 3.620 3.648
0.0001 -2.19174 9.84510 0.8919956088 2.4471216202    0.890  0.582  3.8602  4.198    1  0.000  0.531     0.00     0.00     0.00     0.00     0.00 -1 -4.01e-13      0.00 8.308e-01 1.692e-01 1.311e-05 3.607e-06 3.294e-05 -1.000 2.612e-05 3.315 3.922 3.431 3.371 3.415 3.478 3.507
0.0001 -2.19174 9.84510 0.8999999762 2.4492788315    0.898  0.643  3.8636  4.155    1  0.000  0.531     0.00     0.00     0.00     0.00     0.00 -1 -4.84e-13      0.00 8.291e-01 1.709e-01 1.321e-05 3.633e-06 3.317e-05 -1.000 -2.980e-08 3.162 3.760 3.266 3.220 3.271 3.336 3.365
0.0001 -2.19174 9.84510 0.9015154243 2.4496822357    0.900  0.655  3.8644  4.147    1  0.000  0.531     0.00     0.00     0.00     0.00     0.00 -1 -5.02e-13      0.00 8.288e-01 1.712e-01 1.323e-05 3.638e-06 3.321e-05 -1.000 3.099e-06 3.133 3.729 3.235 3.191 3.243 3.309 3.338
0.0001 -2.19174 9.84510 0.9023346305 2.4498996735    0.901  0.662  3.8646  4.141    1  0.000  0.531     0.00     0.00     0.00     0.00     0.00 -1 -5.15e-13      0.00 8.286e-01 1.714e-01 1.324e-05 3.641e-06 3.324e-05 -1.000 4.783e-06 3.116 3.711 3.216 3.174 3.227 3.293 3.322
0.0001 -2.19174 9.84510 0.9062116146 2.4509224892    0.904  0.697  3.8651  4.110    1  0.000  0.531     0.00     0.00     0.00     0.00     0.00 -1 -5.75e-13      0.00 8.278e-01 1.722e-01 1.329e-05 3.653e-06 3.335e-05 -1.000 1.273e-05 3.029 3.621 3.125 3.085 3.140 3.206 3.235
0.0001 -2.19174 9.84510 0.9107734561 2.4521133900    0.909  0.742  3.8635  4.060    1  0.000  0.531     0.00     0.00     0.00     0.00     0.00 -1 -6.73e-13      0.00 8.269e-01 1.731e-01 1.334e-05 3.668e-06 3.348e-05 -1.000 2.199e-05 2.914 3.506 3.009 2.967 3.020 3.085 3.113
0.0001 -2.19174 9.84510 0.9132218361 2.4527468681    0.911  0.770  3.8611  4.024    1  0.000  0.531     0.00     0.00     0.00     0.00     0.00 -1 -7.48e-13      0.00 8.263e-01 1.736e-01 1.337e-05 3.675e-06 3.355e-05 -1.000 2.697e-05 2.846 3.440 2.943 2.895 2.944 3.007 3.035
0.0001 -2.19174 9.84510 0.9140505195 2.4529602528    0.912  0.780  3.8597  4.009    2  0.000  0.531     0.00     0.00     0.00     0.00     0.00 -1 -7.81e-13      0.00 8.262e-01 1.738e-01 1.338e-05 3.678e-06 3.357e-05 -1.000 2.854e-05 2.821 3.417 2.920 2.868 2.915 2.977 3.004
0.0001 -2.19174 9.84510 0.9168789983 2.4536857605    0.915  0.817  3.8524  3.944    2  0.000  0.531     0.00     0.00     0.00     0.00     0.00 -1 -9.11e-13      0.00 8.256e-01 1.744e-01 1.341e-05 3.687e-06 3.365e-05 -1.000 3.429e-05 2.728 3.336 2.840 2.768 2.804 2.859 2.885
0.0001 -2.19174 9.84510 0.9190431833 2.4542372227    0.917  0.850  3.8429  3.875    2  0.000  0.531     0.00     0.00     0.00     0.00     0.00 -1 -1.06e-12      0.00 8.251e-01 1.748e-01 1.344e-05 3.694e-06 3.372e-05 -1.000 3.874e-05 2.646 3.273 2.777 2.678 2.698 2.745 2.768
0.0001 -2.19174 9.84510 0.9203305244 2.4545640945    0.918  0.872  3.8349  3.821    2  0.000  0.531     0.00     0.00     0.00     0.00     0.00 -1 -1.19e-12      0.00 8.249e-01 1.751e-01 1.345e-05 3.698e-06 3.375e-05 -1.000 4.131e-05 2.591 3.236 2.738 2.615 2.623 2.662 2.684
0.0001 -2.19174 9.84510 0.9212942123 2.4548079967    0.919  0.891  3.8261  3.767    2  0.000  0.531     0.00     0.00     0.00     0.00     0.00 -1 -1.32e-12      0.00 8.247e-01 1.753e-01 1.347e-05 3.701e-06 3.378e-05 -1.000 4.327e-05 2.543 3.211 2.710 2.561 2.554 2.586 2.605
0.0001 -2.19174 9.84510 0.9220359921 2.4549951553    0.920  0.907  3.8181  3.720    2  0.000  0.531     0.00     0.00     0.00     0.00     0.00 -1 -1.45e-12      0.00 8.245e-01 1.754e-01 1.347e-05 3.703e-06 3.380e-05 -1.000 4.472e-05 2.504 3.195 2.688 2.516 2.497 2.521 2.538
0.0001 -2.19174 9.84510 0.9228589535 2.4552025795    0.921  0.926  3.8075  3.658    2  0.000  0.532     0.00     0.00     0.00     0.00     0.00 -1 -1.62e-12      0.00 8.244e-01 1.756e-01 1.348e-05 3.706e-06 3.382e-05 -1.000 4.640e-05 2.456 3.182 2.667 2.461 2.424 2.439 2.453
0.0001 -2.19174 9.84510 0.9235738516 2.4553825855    0.921  0.943  3.7969  3.599    2  0.000  0.532     0.00     0.00     0.00     0.00     0.00 -1 -1.81e-12      0.00 8.242e-01 1.757e-01 1.349e-05 3.708e-06 3.384e-05 -1.000 4.777e-05 2.411 3.178 2.651 2.410 2.356 2.360 2.371
0.0001 -2.19174 9.84510 0.9242012501 2.4555399418    0.922  0.959  3.7865  3.542    2  0.000  0.532     0.00     0.00     0.00     0.00     0.00 -1    -2e-12      0.00 8.239e-01 1.760e-01 1.352e-05 3.715e-06 3.391e-05 -1.000 8.419e-05 2.372 3.183 2.640 2.365 2.294 2.288 2.295
0.0001 -2.19174 9.84510 0.9247831702 2.4556858540    0.923  0.973  3.7767  3.489    2  0.000  0.532     0.00     0.00     0.00     0.00     0.00 -1  -2.2e-12      0.00 8.167e-01 1.832e-01 1.392e-05 3.823e-06 3.488e-05 -1.000 1.000e-04 2.337 3.193 2.632 2.325 2.238 2.223 2.226
0.0001 -2.19174 9.84510 0.9253424406 2.4558260441    0.923  0.986  3.7676  3.439    2  0.000  0.533     0.00     0.00     0.00     0.00     0.00 -1  -2.4e-12      0.00 8.042e-01 1.957e-01 1.463e-05 4.013e-06 3.658e-05 -1.000 9.994e-05 2.304 3.208 2.625 2.287 2.186 2.162 2.162
0.0001 -2.19174 9.84510 0.9259067774 2.4559671879    0.924  1.002  3.7598  3.392    2  0.000  0.535     0.00     0.00     0.00     0.00     0.00 -1 -2.63e-12      0.00 7.843e-01 2.156e-01 1.577e-05 4.316e-06 3.927e-05 -1.000 9.996e-05 2.264 3.212 2.608 2.244 2.131 2.099 2.095
0.0001 -2.19174 9.84510 0.9265553355 2.4561290741    0.924  1.029  3.7523  3.336    2  0.000  0.536     0.00     0.00     0.00     0.00     0.00 -1 -2.98e-12      0.00 7.719e-01 2.280e-01 1.648e-05 4.508e-06 4.099e-05 -1.000 1.000e-04 2.196 3.194 2.565 2.174 2.049 2.009 2.002
0.0001 -2.19174 9.84510 0.9271780252 2.4562842846    0.925  1.068  3.7470  3.276    2  0.000  0.537     0.00     0.00     0.00     0.00     0.00 -1  -3.5e-12      0.00 7.666e-01 2.333e-01 1.679e-05 4.589e-06 4.172e-05 -1.000 6.345e-05 2.100 3.133 2.486 2.077 1.943 1.897 1.888
0.0001 -2.19174 9.84510 0.9272707105 2.4563074112    0.925  1.074  3.7463  3.267    2  0.000  0.537     0.00     0.00     0.00     0.00     0.00 -1 -3.59e-12      0.00 7.660e-01 2.340e-01 1.683e-05 4.599e-06 4.181e-05 -1.000 4.476e-05 2.085 3.123 2.473 2.061 1.926 1.879 1.870
0.0001 -2.19174 9.84510 0.9277299643 2.4564216137    0.925  1.111  3.7435  3.220    2  0.000  0.537     0.00     0.00     0.00     0.00     0.00 -1 -4.11e-12      0.00 7.639e-01 2.361e-01 1.693e-05 4.629e-06 4.207e-05 -1.000 8.145e-05 1.993 3.050 2.390 1.969 1.829 1.780 1.769
0.0001 -2.19174 9.84510 0.9282647967 2.4565546513    0.926  1.157  3.7407  3.163    3  0.000  0.537     0.00     0.00     0.00     0.00     0.00 -1 -4.86e-12      0.00 7.616e-01 2.383e-01 1.704e-05 4.657e-06 4.231e-05 -1.000 1.000e-04 1.878 2.954 2.285 1.855 1.710 1.657 1.646
0.0001 -2.19174 9.84510 0.9287152290 2.4566664696    0.926  1.198  3.7387  3.113    3  0.000  0.537     0.00     0.00     0.00     0.00     0.00 -1 -5.66e-12      0.00 7.599e-01 2.400e-01 1.710e-05 4.675e-06 4.247e-05 -1.000 9.996e-05 1.775 2.866 2.189 1.751 1.604 1.549 1.536
0.0001 -2.19174 9.84510 0.9291465878 2.4567735195    0.926  1.240  3.7370  3.064    3  0.000  0.537     0.00     0.00     0.00     0.00     0.00 -1  -6.6e-12      0.00 7.585e-01 2.414e-01 1.715e-05 4.689e-06 4.260e-05 -1.000 9.999e-05 1.669 2.774 2.089 1.647 1.496 1.439 1.426
0.0001 -2.19174 9.84510 0.9296104312 2.4568884373    0.927  1.288  3.7351  3.009    3  0.000  0.537     0.00     0.00     0.00     0.00     0.00 -1 -7.85e-12      0.00 7.568e-01 2.431e-01 1.719e-05 4.703e-06 4.271e-05 -1.000 9.999e-05 1.550 2.668 1.976 1.528 1.374 1.315 1.301
0.0001 -2.19174 9.84510 0.9300031662 2.4569854736    0.927  1.331  3.7335  2.960    3  0.000  0.535     0.00     0.00     0.00     0.00     0.00 -1 -9.17e-12      0.00 7.554e-01 2.445e-01 1.718e-05 4.721e-06 4.279e-05 -1.000 1.001e-04 1.442 2.571 1.874 1.421 1.265 1.204 1.189
0.0001 -2.19174 9.84510 0.9304110408 2.4570863247    0.927  1.378  3.7319  2.907    3  0.000  0.533     0.00     0.00     0.00     0.00     0.00 -1 -1.09e-11      0.00 7.539e-01 2.460e-01 1.713e-05 4.760e-06 4.286e-05 -1.000 1.000e-04 1.324 2.464 1.761 1.303 1.144 1.082 1.066
0.0001 -2.19174 9.84510 0.9307558537 2.4571714401    0.928  1.421  3.7305  2.858    3  0.000  0.529     0.00     0.00     0.00     0.00     0.00 -1 -1.27e-11      0.00 7.526e-01 2.473e-01 1.703e-05 4.841e-06 4.291e-05 -1.000 9.996e-05 1.217 2.368 1.659 1.197 1.036 0.972 0.955
0.0001 -2.19174 9.84510 0.9310982227 2.4572560787    0.928  1.466  3.7290  2.807    3  0.000  0.523     0.00     0.00     0.00     0.00     0.00 -1 -1.49e-11      0.00 7.513e-01 2.486e-01 1.686e-05 5.005e-06 4.295e-05 -1.000 1.001e-04 1.104 2.267 1.551 1.084 0.921 0.855 0.838
0.0001 -2.19174 9.84510 0.9314381480 2.4573397636    0.928  1.515  3.7274  2.752    3  0.000  0.515     0.00     0.00     0.00     0.00     0.00 -1 -1.78e-11      0.00 7.499e-01 2.500e-01 1.661e-05 5.264e-06 4.299e-05 -1.000 1.000e-04 0.983 2.159 1.436 0.964 0.798 0.730 0.712
0.0001 -2.19174 9.84510 0.9317303300 2.4574117661    0.928  1.560  3.7259  2.702    3  0.000  0.508     0.00     0.00     0.00     0.00     0.00 -1 -2.09e-11      0.00 7.489e-01 2.510e-01 1.638e-05 5.528e-06 4.302e-05 -1.000 1.000e-04 0.871 2.058 1.329 0.852 0.685 0.615 0.596
0.0001 -2.19174 9.84510 0.9319939613 2.4574768543    0.928  1.603  3.7244  2.652    3  0.000  0.501     0.00     0.00     0.00     0.00     0.00 -1 -2.44e-11      0.00 7.481e-01 2.518e-01 1.619e-05 5.768e-06 4.304e-05 -1.000 1.000e-04 0.762 1.961 1.225 0.744 0.574 0.502 0.483
0.0001 -2.19174 9.84510 0.9322526455 2.4575405121    0.928  1.649  3.7228  2.600    3  0.000  0.496     0.00     0.00     0.00     0.00     0.00 -1 -2.88e-11      0.00 7.473e-01 2.526e-01 1.600e-05 5.990e-06 4.306e-05 -1.000 1.000e-04 0.647 1.858 1.116 0.630 0.457 0.384 0.364
0.0001 -2.19174 9.84510 0.9324943423 2.4575998783    0.929  1.696  3.7212  2.547    3  0.000  0.491     0.00     0.00     0.00     0.00     0.00 -1 -3.41e-11      0.00 7.467e-01 2.532e-01 1.586e-05 6.169e-06 4.307e-05 -1.000 1.001e-04 0.531 1.754 1.006 0.514 0.339 0.264 0.243
0.0001 -2.19174 9.84510 0.9327095747 2.4576528072    0.929  1.741  3.7196  2.496    3  0.000  0.488     0.00     0.00     0.00     0.00     0.00 -1 -4.01e-11      0.00 7.462e-01 2.537e-01 1.575e-05 6.305e-06 4.308e-05 -1.000 1.000e-04 0.419 1.654 0.900 0.403 0.226 0.149 0.127
0.0001 -2.19174 9.84510 0.9329057336 2.4577009678    0.928  1.785  3.7181  2.445    3  0.000  0.485     0.00     0.00     0.00     0.00     0.00 -1 -4.71e-11      0.00 7.459e-01 2.540e-01 1.568e-05 6.398e-06 4.309e-05 -1.000 1.001e-04 0.308 1.560 0.795 0.293 0.113 0.034 0.012
0.0001 -2.19174 9.84510 0.9330953956 2.4577474594    0.928  1.831  3.7164  2.392    3  0.000  0.484     0.00     0.00     0.00     0.00     0.00 -1 -5.57e-11      0.00 7.456e-01 2.543e-01 1.563e-05 6.465e-06 4.310e-05 -1.000 1.000e-04 0.192 1.461 0.686 0.178 -0.005 -0.085 -0.109
0.0001 -2.19174 9.84510 0.9332646132 2.4577889442    0.928  1.876  3.7147  2.341    3  0.000  0.483     0.00     0.00     0.00     0.00     0.00 -1 -6.55e-11      0.00 7.455e-01 2.544e-01 1.560e-05 6.503e-06 4.310e-05 -1.000 9.996e-05 0.080 1.367 0.582 0.067 -0.119 -0.201 -0.226
0.0001 -2.19174 9.84510 0.9334209561 2.4578273296    0.928  1.921  3.7131  2.289    3  0.000  0.482     0.00     0.00     0.00     0.00     0.00 -1 -7.71e-11      0.00 7.454e-01 2.545e-01 1.559e-05 6.520e-06 4.310e-05 -1.000 1.000e-04 -0.032 1.272 0.477 -0.044 -0.233 -0.317 -0.343
0.0001 -2.19174 9.84510 0.9335640669 2.4578623772    0.928  1.965  3.7115  2.238    3  0.000  0.482     0.00     0.00     0.00     0.00     0.00 -1 -9.06e-11      0.00 7.454e-01 2.545e-01 1.559e-05 6.524e-06 4.311e-05 -1.000 1.000e-04 -0.143 1.178 0.373 -0.155 -0.346 -0.433 -0.459
0.0001 -2.19174 9.84510 0.9336971045 2.4578950405    0.928  2.010  3.7097  2.186    3  0.000  0.482     0.00     0.00     0.00     0.00     0.00 -1 -1.07e-10      0.00 7.454e-01 2.545e-01 1.558e-05 6.527e-06 4.311e-05 -1.000 1.000e-04 -0.255 1.084 0.268 -0.266 -0.461 -0.549 -0.576
0.0001 -2.19174 9.84510 0.9338176250 2.4579246044    0.928  2.054  3.7080  2.135    3  0.000  0.482     0.00     0.00     0.00     0.00     0.00 -1 -1.25e-10      0.00 7.454e-01 2.545e-01 1.558e-05 6.529e-06 4.311e-05 -1.000 9.999e-05 -0.366 0.993 0.165 -0.376 -0.573 -0.664 -0.692
0.0001 -2.19174 9.84510 0.9339274764 2.4579515457    0.927  2.098  3.7064  2.084    3  0.000  0.482     0.00     0.00     0.00     0.00     0.00 -1 -1.47e-10      0.00 7.454e-01 2.545e-01 1.558e-05 6.531e-06 4.311e-05 -1.000 9.996e-05 -0.476 0.903 0.064 -0.484 -0.684 -0.777 -0.806
0.0001 -2.19174 9.84510 0.9340295196 2.4579765797    0.927  2.142  3.7046  2.033    3  0.000  0.482     0.00     0.00     0.00     0.00     0.00 -1 -1.73e-10      0.00 7.454e-01 2.545e-01 1.558e-05 6.533e-06 4.311e-05 -1.000 1.000e-04 -0.586 0.814 -0.037 -0.593 -0.796 -0.891 -0.921
0.0001 -2.19174 9.84510 0.9341263175 2.4580001831    0.927  2.188  3.7028  1.981    3  0.000  0.482     0.00     0.00     0.00     0.00     0.00 -1 -2.03e-10      0.00 7.454e-01 2.545e-01 1.558e-05 6.534e-06 4.311e-05 -1.000 1.000e-04 -0.699 0.722 -0.141 -0.704 -0.911 -1.008 -1.039
0.0001 -2.19174 9.84510 0.9342146516 2.4580218792    0.926  2.232  3.7010  1.929    3  0.000  0.482     0.00     0.00     0.00     0.00     0.00 -1 -2.39e-10      0.00 7.454e-01 2.545e-01 1.558e-05 6.536e-06 4.311e-05 -1.000 1.001e-04 -0.810 0.634 -0.243 -0.815 -1.024 -1.123 -1.155
0.0001 -2.19174 9.84510 0.9342955947 2.4580416679    0.926  2.275  3.6992  1.878    3  0.000  0.482     0.00     0.00     0.00     0.00     0.00 -1 -2.81e-10      0.00 7.454e-01 2.545e-01 1.558e-05 6.537e-06 4.311e-05 -1.000 1.000e-04 -0.919 0.550 -0.342 -0.922 -1.135 -1.236 -1.269
0.0001 -2.19174 9.84510 0.9343751073 2.4580612183    0.925  2.319  3.6975  1.827    3  0.000  0.482     0.00     0.00     0.00     0.00     0.00 -1 -3.29e-10      0.00 7.454e-01 2.545e-01 1.558e-05 6.539e-06 4.311e-05 -1.000 1.000e-04 -1.028 0.464 -0.442 -1.030 -1.247 -1.350 -1.384
0.0001 -2.19174 9.84510 0.9344624281 2.4580824375    0.925  2.358  3.6959  1.781    3  0.000  0.482     0.00     0.00     0.00     0.00     0.00 -1 -3.81e-10      0.00 7.454e-01 2.545e-01 1.557e-05 6.540e-06 4.311e-05 -1.000 1.000e-04 -1.125 0.390 -0.530 -1.126 -1.345 -1.450 -1.485
0.0001 -2.19174 9.84510 0.9345011711 2.4580919743    0.924  2.374  3.6953  1.763    3  0.000  0.482     0.00     0.00     0.00     0.00     0.00 -1 -4.04e-10      0.00 7.454e-01 2.545e-01 1.557e-05 6.541e-06 4.311e-05 -1.000 1.000e-04 -1.164 0.360 -0.566 -1.164 -1.385 -1.491 -1.526
0.0001 -2.19174 9.84510 0.9345576763 2.4581058025    0.924  2.351  3.6966  1.791    3  0.000  0.482     0.00     0.00     0.00     0.00     0.00 -1 -3.75e-10      0.00 7.454e-01 2.545e-01 1.557e-05 6.542e-06 4.311e-05 -1.000 1.000e-04 -1.107 0.399 -0.516 -1.108 -1.326 -1.430 -1.465
0.0001 -2.19174 9.84510 0.9345597029 2.4581062794    0.924  2.350  3.6967  1.792    3  0.000  0.482     0.00     0.00     0.00     0.00     0.00 -1 -3.74e-10      0.00 7.454e-01 2.545e-01 1.557e-05 6.542e-06 4.311e-05 -1.000 1.000e-04 -1.105 0.400 -0.514 -1.106 -1.324 -1.428 -1.462
0.0001 -2.19174 9.84510 0.9345828295 2.4581120014    0.923  2.367  3.6959  1.772    3  0.000  0.482     0.00     0.00     0.00     0.00     0.00 -1 -3.94e-10      0.00 7.454e-01 2.545e-01 1.557e-05 6.543e-06 4.311e-05 -1.000 1.000e-04 -1.147 0.369 -0.552 -1.147 -1.367 -1.472 -1.507
0.0001 -2.19174 9.84510 0.9346360564 2.4581248760    0.923  2.407  3.6941  1.725    3  0.000  0.482     0.00     0.00     0.00     0.00     0.00 -1 -4.54e-10      0.00 7.454e-01 2.545e-01 1.557e-05 6.544e-06 4.311e-05 -1.000 1.001e-04 -1.247 0.294 -0.642 -1.246 -1.469 -1.577 -1.612
0.0001 -2.19174 9.84510 0.9346887469 2.4581377506    0.922  2.448  3.6924  1.676    3  0.000  0.482     0.00     0.00     0.00     0.00     0.00 -1 -5.28e-10      0.00 7.454e-01 2.545e-01 1.557e-05 6.545e-06 4.311e-05 -1.000 1.001e-04 -1.351 0.215 -0.735 -1.347 -1.574 -1.683 -1.720
0.0001 -2.19174 9.84510 0.9347351789 2.4581491947    0.922  2.487  3.6907  1.631    3  0.000  0.482     0.00     0.00     0.00     0.00     0.00 -1 -6.08e-10      0.00 7.454e-01 2.545e-01 1.557e-05 6.545e-06 4.311e-05 -1.000 9.996e-05 -1.447 0.143 -0.821 -1.442 -1.671 -1.783 -1.821
0.0001 -2.19174 9.84510 0.9347794056 2.4581599236    0.921  2.526  3.6889  1.584    3  0.000  0.482     5.90     4.75     3.41     2.62     2.12  4 -7.02e-10      0.00 7.454e-01 2.545e-01 1.557e-05 6.546e-06 4.311e-05 -1.000 9.996e-05 -1.544 0.073 -0.907 -1.537 -1.770 -1.884 -1.923
0.0001 -2.19174 9.84510 0.9348204732 2.4581699371    0.920  2.565  3.6873  1.539    3  0.000  0.482     6.49     5.16     3.69     2.83     2.29  4 -8.09e-10      0.00 7.454e-01 2.545e-01 1.557e-05 6.547e-06 4.311e-05 -1.000 1.000e-04 -1.642 0.001 -0.994 -1.632 -1.868 -1.985 -2.024
0.0001 -2.19174 9.84510 0.9348580241 2.4581792355    0.919  2.602  3.6856  1.494    3  0.000  0.482     7.13     5.60     3.98     3.06     2.48  4  -9.3e-10      0.00 7.454e-01 2.545e-01 1.557e-05 6.548e-06 4.311e-05 -1.000 9.999e-05 -1.736 -0.063 -1.076 -1.724 -1.963 -2.082 -2.122
0.0001 -2.19174 9.84510 0.9348946214 2.4581880569    0.919  2.641  3.6838  1.447    3  0.000  0.482     7.86     6.09     4.32     3.32     2.69  3 -1.07e-09      0.00 7.454e-01 2.545e-01 1.557e-05 6.548e-06 4.311e-05 -1.000 1.000e-04 -1.833 -0.113 -1.159 -1.821 -2.064 -2.185 -2.227
0.0001 -2.19174 9.84510 0.9349265695 2.4581959248    0.918  2.678  3.6822  1.404    3  0.000  0.482     8.60     6.58     4.65     3.58     2.90  3 -1.23e-09      0.00 7.454e-01 2.545e-01 1.557e-05 6.549e-06 4.311e-05 -1.000 1.001e-04 -1.924 -0.159 -1.236 -1.911 -2.158 -2.281 -2.323
0.0001 -2.19174 9.84510 0.9349575043 2.4582035542    0.917  2.715  3.6805  1.359    3  0.000  0.482     9.45     7.13     5.02     3.88     3.14  3 -1.41e-09      0.00 7.454e-01 2.545e-01 1.557e-05 6.549e-06 4.311e-05 -1.000 1.000e-04 -2.017 -0.200 -1.312 -2.003 -2.255 -2.380 -2.423
0.0001 -2.19174 9.84510 0.9349855185 2.4582104683    0.916  2.751  3.6788  1.316    3  0.000  0.481    10.34     7.71     5.41     4.18     3.39  3 -1.61e-09      0.00 7.454e-01 2.545e-01 1.557e-05 6.550e-06 4.311e-05 -1.000 9.996e-05 -2.107 -0.234 -1.385 -2.092 -2.348 -2.475 -2.519
0.0001 -2.19174 9.84510 0.9350111485 2.4582166672    0.915  2.786  3.6772  1.274    3  0.000  0.481    11.28     8.31     5.81     4.50     3.64  3 -1.83e-09      0.00 7.454e-01 2.545e-01 1.557e-05 6.550e-06 4.311e-05 -1.000 1.000e-04 -2.194 -0.265 -1.453 -2.177 -2.437 -2.567 -2.612
0.0001 -2.19174 9.84510 0.9350364804 2.4582228661    0.913  2.822  3.6754  1.230    3  0.000  0.481    12.38     9.00     6.27     4.86     3.94  3  -2.1e-09      0.00 7.454e-01 2.545e-01 1.557e-05 6.551e-06 4.311e-05 -1.000 1.000e-04 -2.286 -0.289 -1.523 -2.267 -2.531 -2.664 -2.710
0.0001 -2.19174 9.84510 0.9350633025 2.4582293034    0.912  2.863  3.6734  1.180    3  0.000  0.481    13.74     9.85     6.83     5.30     4.30  3 -2.45e-09      0.00 7.454e-01 2.545e-01 1.557e-05 6.551e-06 4.311e-05 -1.000 1.000e-04 -2.389 -0.314 -1.600 -2.367 -2.638 -2.773 -2.820
0.0001 -2.19174 9.84510 0.9350850582 2.4582347870    0.910  2.899  3.6716  1.137    3  0.000  0.481    15.04    10.64     7.36     5.72     4.64  3 -2.79e-09      0.00 7.453e-01 2.546e-01 1.557e-05 6.552e-06 4.311e-05 -1.000 1.001e-04 -2.477 -0.330 -1.665 -2.454 -2.730 -2.868 -2.916
0.0001 -2.19174 9.84510 0.9351081252 2.4582402706    0.909  2.939  3.6696  1.088    3  0.000  0.481    16.66    11.62     8.01     6.23     5.05  2 -3.24e-09      0.00 7.453e-01 2.546e-01 1.557e-05 6.552e-06 4.311e-05 -1.000 1.001e-04 -2.577 -0.340 -1.735 -2.551 -2.833 -2.974 -3.024
0.0001 -2.19174 9.84510 0.9351267219 2.4582448006    0.907  2.973  3.6679  1.046    3  0.000  0.481    18.18    12.53     8.60     6.70     5.43  2 -3.69e-09      0.00 7.453e-01 2.546e-01 1.557e-05 6.552e-06 4.311e-05 -1.000 9.996e-05 -2.663 -0.347 -1.794 -2.633 -2.921 -3.065 -3.116
0.0001 -2.19174 9.84510 0.9351461530 2.4582495689    0.905  3.011  3.6659  0.999    3  0.000  0.481    20.05    13.63     9.32     7.27     5.90  2 -4.25e-09      0.00 7.453e-01 2.546e-01 1.557e-05 6.553e-06 4.311e-05 -1.000 9.996e-05 -2.758 -0.345 -1.856 -2.724 -3.019 -3.167 -3.218
0.0001 -2.19174 9.84510 0.9351618886 2.4582533836    0.903  3.044  3.6642  0.959    3  0.000  0.481    21.79    14.65     9.98     7.79     6.32  2 -4.79e-09      0.00 7.453e-01 2.546e-01 1.557e-05 6.553e-06 4.311e-05 -1.000 1.000e-04 -2.839 -0.331 -1.902 -2.800 -3.102 -3.253 -3.306
0.0001 -2.19174 9.84510 0.9351786971 2.4582576752    0.901  3.080  3.6624  0.914    3  0.000  0.481    23.92    15.87    10.78     8.42     6.84  2  -5.5e-09      0.00 7.453e-01 2.546e-01 1.556e-05 6.553e-06 4.311e-05 -1.000 1.000e-04 -2.930 -0.316 -1.954 -2.886 -3.196 -3.351 -3.405
0.0001 -2.19174 9.84510 0.9351926446 2.4582610130    0.899  3.112  3.6606  0.874    3  0.000  0.481    26.01    17.06    11.54     9.03     7.33  2 -6.21e-09      0.00 7.453e-01 2.546e-01 1.556e-05 6.554e-06 4.311e-05 -1.000 9.999e-05 -3.010 -0.289 -1.995 -2.960 -3.279 -3.437 -3.492
0.0001 -2.19174 9.84510 0.9352071881 2.4582645893    0.896  3.147  3.6587  0.831    3  0.000  0.481    28.47    18.44    12.43     9.74     7.91  2 -7.07e-09      0.00 7.453e-01 2.546e-01 1.556e-05 6.554e-06 4.311e-05 -1.000 9.999e-05 -3.097 -0.259 -2.037 -3.040 -3.368 -3.530 -3.587
0.0001 -2.19174 9.84510 0.9352217913 2.4582681656    0.894  3.183  3.6568  0.786    3  0.000  0.481    31.28    19.99    13.43    10.53     8.55  1  -8.1e-09      0.00 7.453e-01 2.546e-01 1.556e-05 6.554e-06 4.311e-05 -1.000 1.000e-04 -3.187 -0.252 -2.086 -3.121 -3.458 -3.624 -3.683
0.0001 -2.19174 9.84510 0.9352352023 2.4582712650    0.891  3.216  3.6549  0.743    3  0.000  0.481    34.17    21.56    14.43    11.34     9.21  1 -9.22e-09      0.00 7.453e-01 2.546e-01 1.556e-05 6.554e-06 4.311e-05 -1.000 1.000e-04 -3.270 -0.259 -2.135 -3.196 -3.541 -3.711 -3.771
0.0001 -2.19174 9.84510 0.9352405071 2.4582726955    0.890  3.228  3.6542  0.728    3  0.000  0.481    35.27    22.16    14.82    11.64     9.46  1 -9.71e-09      0.00 7.453e-01 2.546e-01 1.556e-05 6.554e-06 4.311e-05 -1.000 9.999e-05 -3.300 -0.260 -2.151 -3.222 -3.570 -3.742 -3.802
0.0001 -2.19174 9.84510 0.9352405071 2.4582726955    0.889  1.780  3.8077  2.790    4  0.000  0.502     0.00     0.00     0.00     0.00     0.00 -1    -1e-30      0.00 7.480e-01 2.519e-01 1.615e-05 5.758e-06 4.292e-05 -1.000 9.996e-05 0.320 0.998 0.468 0.294 0.272 0.281 0.294
0.0001 -2.19174 9.84510 0.9353343248 2.4582955837    0.890  1.801  3.7947  2.717    4  0.000  0.502     0.00     0.00     0.00     0.00     0.00 -1    -1e-30      0.00 7.480e-01 2.519e-01 1.615e-05 5.760e-06 4.292e-05 -1.000 1.000e-04 0.267 1.004 0.459 0.238 0.193 0.191 0.200
0.0001 -2.19174 9.84510 0.9354248047 2.4583177567    0.890  1.803  3.7941  2.712    4  0.000  0.502     0.00     0.00     0.00     0.00     0.00 -1    -1e-30      0.00 7.480e-01 2.519e-01 1.615e-05 5.761e-06 4.292e-05 -1.000 1.000e-04 0.261 1.001 0.455 0.232 0.186 0.184 0.192
0.0001 -2.19174 9.84510 0.9355159402 2.4583399296    0.890  1.805  3.7942  2.711    4  0.000  0.502     0.00     0.00     0.00     0.00     0.00 -1    -1e-30      0.00 7.480e-01 2.519e-01 1.614e-05 5.763e-06 4.292e-05 -1.000 9.996e-05 0.258 0.997 0.451 0.228 0.182 0.180 0.189
0.0001 -2.19174 9.84510 0.9356089234 2.4583625793    0.890  1.806  3.7947  2.712    4  0.000  0.502     0.00     0.00     0.00     0.00     0.00 -1    -1e-30      0.00 7.480e-01 2.519e-01 1.614e-05 5.765e-06 4.292e-05 -1.000 9.996e-05 0.254 0.991 0.445 0.225 0.179 0.178 0.187
0.0001 -2.19174 9.84510 0.9357022643 2.4583852291    0.890  1.807  3.7956  2.714    4  0.000  0.501     0.00     0.00     0.00     0.00     0.00 -1    -1e-30      0.00 7.480e-01 2.519e-01 1.614e-05 5.766e-06 4.292e-05 -1.000 9.999e-05 0.252 0.984 0.440 0.222 0.178 0.178 0.187
0.0001 -2.19174 9.84510 0.9357960820 2.4584081173    0.890  1.808  3.7969  2.719    4  0.000  0.501     0.00     0.00     0.00     0.00     0.00 -1    -1e-30      0.00 7.480e-01 2.519e-01 1.614e-05 5.768e-06 4.292e-05 -1.000 1.001e-04 0.250 0.976 0.433 0.220 0.179 0.179 0.189
0.0001 -2.19174 9.84510 0.9358876944 2.4584305286    0.890  1.809  3.7984  2.724    4  0.000  0.501     0.00     0.00     0.00     0.00     0.00 -1    -1e-30      0.00 7.480e-01 2.519e-01 1.614e-05 5.770e-06 4.292e-05 -1.000 1.000e-04 0.248 0.967 0.426 0.219 0.180 0.182 0.192
0.0001 -2.19174 9.84510 0.9359821081 2.4584536552    0.890  1.809  3.8004  2.732    4  0.000  0.501     0.00     0.00     0.00     0.00     0.00 -1    -1e-30      0.00 7.480e-01 2.519e-01 1.614e-05 5.771e-06 4.292e-05 -1.000 1.000e-04 0.247 0.957 0.418 0.219 0.183 0.187 0.197
0.0001 -2.19174 9.84510 0.9360688329 2.4584746361    0.890  1.809  3.8022  2.739    4  0.000  0.501     0.00     0.00     0.00     0.00     0.00 -1    -1e-30      0.00 7.480e-01 2.519e-01 1.614e-05 5.773e-06 4.292e-05 -1.000 1.001e-04 0.246 0.947 0.411 0.218 0.186 0.191 0.203
0.0001 -2.19174 9.84510 0.9361631870 2.4584977627    0.890  1.810  3.8043  2.747    4  0.000  0.501     0.00     0.00     0.00     0.00     0.00 -1    -1e-30      0.00 7.480e-01 2.519e-01 1.614e-05 5.774e-06 4.292e-05 -1.000 1.001e-04 0.245 0.937 0.403 0.218 0.190 0.196 0.208
0.0001 -2.19174 9.84510 0.9362587333 2.4585208893    0.891  1.810  3.8063  2.755    4  0.000  0.501     0.00     0.00     0.00     0.00     0.00 -1    -1e-30      0.00 7.480e-01 2.519e-01 1.614e-05 5.776e-06 4.292e-05 -1.000 1.000e-04 0.245 0.927 0.395 0.217 0.193 0.201 0.214
0.0001 -2.19174 9.84510 0.9363460541 2.4585423470    0.891  1.811  3.8079  2.761    4  0.000  0.501     0.00     0.00     0.00     0.00     0.00 -1    -1e-30      0.00 7.480e-01 2.519e-01 1.613e-05 5.778e-06 4.292e-05 -1.000 1.000e-04 0.244 0.919 0.389 0.217 0.195 0.204 0.218
0.0001 -2.19174 9.84510 0.9364387393 2.4585647583    0.891  1.811  3.8093  2.766    4  0.000  0.501     0.00     0.00     0.00     0.00     0.00 -1    -1e-30      0.00 7.480e-01 2.519e-01 1.613e-05 5.779e-06 4.293e-05 -1.000 1.000e-04 0.242 0.912 0.383 0.216 0.196 0.207 0.221
0.0001 -2.19174 9.84510 0.9365264773 2.4585862160    0.891  1.812  3.8103  2.769    4  0.000  0.501     0.00     0.00     0.00     0.00     0.00 -1    -1e-30      0.00 7.479e-01 2.520e-01 1.613e-05 5.781e-06 4.293e-05 -1.000 1.000e-04 0.241 0.906 0.378 0.214 0.197 0.208 0.222
0.0001 -2.19174 9.84510 0.9365445971 2.4585905075    0.891  1.812  3.8105  2.770    4  0.000  0.501     0.00     0.00     0.00     0.00     0.00 -1    -1e-30      0.00 7.479e-01 2.520e-01 1.613e-05 5.781e-06 4.293e-05 -1.000 9.999e-05 0.240 0.905 0.377 0.214 0.197 0.208 0.223
0.0001 -2.19174 9.84510 0.9366170764 2.4586081505    0.891  1.813  3.8108  2.770    4  0.000  0.501     0.00     0.00     0.00     0.00     0.00 -1    -1e-30      0.00 7.479e-01 2.520e-01 1.613e-05 5.782e-06 4.293e-05 -1.000 1.000e-04 0.239 0.902 0.374 0.213 0.196 0.208 0.222
0.0001 -2.19174 9.84510 0.9367093444 2.4586305618    0.891  1.813  3.8108  2.770    4  0.000  0.501     0.00     0.00     0.00     0.00     0.00 -1    -1e-30      0.00 7.479e-01 2.520e-01 1.613e-05 5.784e-06 4.293e-05 -1.000 1.000e-04 0.236 0.899 0.372 0.210 0.194 0.205 0.220
0.0001 -2.19174 9.84510 0.9368047118 2.4586539268    0.891  1.815  3.8103  2.766    4  0.000  0.501     0.00     0.00     0.00     0.00     0.00 -1    -1e-30      0.00 7.479e-01 2.520e-01 1.613e-05 5.786e-06 4.293e-05 -1.000 1.001e-04 0.233 0.898 0.370 0.207 0.189 0.201 0.215
0.0001 -2.19174 9.84510 0.9368969202 2.4586763382    0.891  1.816  3.8090  2.760    4  0.000  0.501     0.00     0.00     0.00     0.00     0.00 -1    -1e-30      0.00 7.479e-01 2.520e-01 1.613e-05 5.787e-06 4.293e-05 -1.000 9.996e-05 0.229 0.900 0.371 0.203 0.183 0.193 0.207
0.0001 -2.19174 9.84510 0.9369961619 2.4587004185    0.891  1.818  3.8070  2.750    4  0.000  0.501     0.00     0.00     0.00     0.00     0.00 -1    -1e-30      0.00 7.479e-01 2.520e-01 1.613e-05 5.789e-06 4.293e-05 -1.000 1.001e-04 0.225 0.904 0.373 0.197 0.174 0.183 0.196
0.0001 -2.19174 9.84510 0.9370923042 2.4587237835    0.891  1.820  3.8042  2.737    4  0.000  0.501     0.00     0.00     0.00     0.00     0.00 -1    -1e-30      0.00 7.479e-01 2.520e-01 1.612e-05 5.791e-06 4.293e-05 -1.000 1.001e-04 0.219 0.911 0.376 0.191 0.163 0.169 0.181
0.0001 -2.19174 9.84510 0.9371824265 2.4587457180    0.892  1.823  3.8011  2.722    4  0.000  0.501     0.00     0.00     0.00     0.00     0.00 -1    -1e-30      0.00 7.479e-01 2.520e-01 1.612e-05 5.792e-06 4.293e-05 -1.000 1.000e-04 0.213 0.919 0.381 0.184 0.150 0.154 0.165
0.0001 -2.19174 9.84510 0.9372123480 2.4587528706    0.892  1.824  3.7999  2.716    4  0.000  0.501     0.00     0.00     0.00     0.00     0.00 -1    -1e-30      0.00 7.479e-01 2.520e-01 1.612e-05 5.793e-06 4.293e-05 -1.000 1.000e-04 0.211 0.922 0.383 0.182 0.146 0.149 0.160
0.0001 -2.19174 9.84510 0.9372467995 2.4587614536    0.892  1.825  3.7986  2.710    4  0.000  0.501     0.00     0.00     0.00     0.00     0.00 -1    -1e-30      0.00 7.479e-01 2.520e-01 1.612e-05 5.793e-06 4.293e-05 -1.000 1.001e-04 0.208 0.926 0.385 0.179 0.141 0.142 0.153
0.0001 -2.19174 9.84510 0.9373425841 2.4587845802    0.892  1.828  3.7944  2.690    4  0.000  0.501     0.00     0.00     0.00     0.00     0.00 -1    -1e-30      0.00 7.479e-01 2.520e-01 1.612e-05 5.795e-06 4.293e-05 -1.000 1.000e-04 0.201 0.938 0.391 0.170 0.125 0.123 0.132
0.0001 -2.19174 9.84510 0.9374410510 2.4588084221    0.892  1.831  3.7899  2.669    4  0.000  0.501     0.00     0.00     0.00     0.00     0.00 -1    -1e-30      0.00 7.479e-01 2.520e-01 1.612e-05 5.797e-06 4.293e-05 -1.000 1.001e-04 0.192 0.950 0.398 0.161 0.107 0.102 0.109
0.0001 -2.19174 9.84510 0.9375386834 2.4588322639    0.892  1.835  3.7854  2.646    4  0.000  0.501     0.00     0.00     0.00     0.00     0.00 -1    -1e-30      0.00 7.479e-01 2.520e-01 1.612e-05 5.798e-06 4.293e-05 -1.000 1.000e-04 0.181 0.963 0.404 0.150 0.089 0.079 0.085
0.0001 -2.19174 9.84510 0.9376321435 2.4588549137    0.892  1.840  3.7811  2.625    4  0.000  0.501     0.00     0.00     0.00     0.00     0.00 -1    -1e-30      0.00 7.479e-01 2.520e-01 1.612e-05 5.800e-06 4.293e-05 -1.000 1.000e-04 0.171 0.974 0.408 0.139 0.070 0.057 0.061
0.0001 -2.19174 9.84510 0.9377259016 2.4588778019    0.892  1.845  3.7769  2.603    4  0.000  0.501     0.00     0.00     0.00     0.00     0.00 -1    -1e-30      0.00 7.479e-01 2.520e-01 1.612e-05 5.802e-06 4.293e-05 -1.000 1.000e-04 0.159 0.986 0.411 0.127 0.051 0.033 0.036
0.0001 -2.19174 9.84510 0.9378195405 2.4589004517    0.892  1.850  3.7731  2.583    4  0.000  0.501     0.00     0.00     0.00     0.00     0.00 -1    -1e-30      0.00 7.479e-01 2.520e-01 1.612e-05 5.803e-06 4.293e-05 -1.000 9.999e-05 0.146 0.995 0.412 0.115 0.031 0.010 0.011
0.0001 -2.19174 9.84510 0.9379146099 2.4589235783    0.892  1.855  3.7698  2.565    4  0.000  0.500     0.00     0.00     0.00     0.00     0.00 -1    -1e-30      0.00 7.479e-01 2.520e-01 1.611e-05 5.805e-06 4.293e-05 -1.000 1.000e-04 0.132 0.999 0.409 0.101 0.012 -0.012 -0.013
0.0001 -2.19174 9.84510 0.9380072951 2.4589459896    0.892  1.861  3.7669  2.547    4  0.000  0.500     0.00     0.00     0.00     0.00     0.00 -1    -1e-30      0.00 7.478e-01 2.521e-01 1.611e-05 5.807e-06 4.293e-05 -1.000 1.000e-04 0.117 1.002 0.406 0.087 -0.007 -0.034 -0.036
0.0001 -2.19174 9.84510 0.9381033182 2.4589693546    0.893  1.862  3.7680  2.551    4  0.000  0.500     0.00     0.00     0.00     0.00     0.00 -1    -1e-30      0.00 7.478e-01 2.521e-01 1.611e-05 5.808e-06 4.293e-05 -1.000 9.999e-05 0.115 0.993 0.399 0.084 -0.009 -0.034 -0.035
0.0001 -2.19174 9.84510 0.9381961226 2.4589917660    0.893  1.868  3.7638  2.528    4  0.000  0.500     0.00     0.00     0.00     0.00     0.00 -1    -1e-30      0.00 7.478e-01 2.521e-01 1.611e-05 5.810e-06 4.293e-05 -1.000 1.000e-04 0.100 1.003 0.400 0.070 -0.030 -0.059 -0.062
0.0001 -2.19174 9.84510 0.9382941723 2.4590156078    0.893  1.884  3.7571  2.485    4  0.000  0.500     0.00     0.00     0.00     0.00     0.00 -1    -1e-30      0.00 7.478e-01 2.521e-01 1.611e-05 5.812e-06 4.293e-05 -1.000 1.000e-04 0.060 1.004 0.385 0.031 -0.081 -0.117 -0.123
0.0001 -2.19174 9.84510 0.9383878112 2.4590382576    0.893  1.910  3.7490  2.427    4  0.000  0.500     0.00     0.00     0.00     0.00     0.00 -1    -1e-30      0.00 7.478e-01 2.521e-01 1.611e-05 5.813e-06 4.294e-05 -1.000 1.001e-04 -0.005 0.993 0.350 -0.032 -0.157 -0.202 -0.211
0.0001 -2.19174 9.84510 0.9384421706 2.4590513706    0.893  1.938  3.7418  2.369    4  0.000  0.500     0.00     0.00     0.00     0.00     0.00 -1    -1e-30      0.00 7.478e-01 2.521e-01 1.611e-05 5.814e-06 4.294e-05 -1.000 1.000e-04 -0.076 0.972 0.307 -0.102 -0.239 -0.291 -0.303
0.0001 -2.19174 9.84510 0.9384692907 2.4590580463    0.893  1.971  3.7350  2.310    4  0.000  0.500     0.00     0.00     0.00     0.00     0.00 -1    -1e-30      0.00 7.478e-01 2.521e-01 1.611e-05 5.815e-06 4.294e-05 -1.000 1.001e-04 -0.158 0.943 0.251 -0.182 -0.331 -0.390 -0.406
0.0001 -2.19174 9.84510 0.9384803772 2.4590606689    0.893  2.006  3.7292  2.252    4  0.000  0.500     0.00     0.00     0.00     0.00     0.00 -1    -1e-30      0.00 7.478e-01 2.521e-01 1.611e-05 5.815e-06 4.294e-05 -1.000 1.001e-04 -0.245 0.906 0.188 -0.267 -0.426 -0.493 -0.511
0.0001 -2.19174 9.84510 0.9384849072 2.4590616226    0.893  2.043  3.7245  2.196    4  0.000  0.500     0.00     0.00     0.00     0.00     0.00 -1    -1e-30      0.00 7.478e-01 2.521e-01 1.611e-05 5.815e-06 4.294e-05 -1.000 1.001e-04 -0.337 0.856 0.116 -0.357 -0.524 -0.596 -0.616
0.0001 -2.19174 9.84510 0.9384853840 2.4590618610    0.893  2.050  3.7238  2.186    4  0.000  0.500     0.00     0.00     0.00     0.00     0.00 -1    -1e-30      0.00 7.478e-01 2.521e-01 1.611e-05 5.815e-06 4.294e-05 -1.000 9.999e-05 -0.354 0.845 0.102 -0.374 -0.542 -0.615 -0.635
0.0001 -2.19174 9.84510 0.9384854436 2.4590618610    0.893  2.050  3.7237  2.186    7  0.000  0.500     0.00     0.00     0.00     0.00     0.00 -1    -1e-30      0.00 7.478e-01 2.521e-01 1.611e-05 5.815e-06 4.294e-05 -1.000 9.999e-05 -0.355 0.845 0.101 -0.375 -0.543 -0.616 -0.636
0.0001 -2.19174 9.84510 0.9384860396 2.4590620995    0.893  2.062  3.7227  2.170    7  0.000  0.500     0.00     0.00     0.00     0.00     0.00 -1    -1e-30      0.00 7.478e-01 2.521e-01 1.611e-05 5.815e-06 4.294e-05 -1.000 9.999e-05 -0.385 0.824 0.075 -0.405 -0.575 -0.648 -0.669
0.0001 -2.19174 9.84510 0.9384880066 2.4590625763    0.893  2.103  3.7193  2.115    7  0.000  0.500     0.00     0.00     0.00     0.00     0.00 -1    -1e-30      0.00 7.478e-01 2.521e-01 1.611e-05 5.815e-06 4.294e-05 -1.000 1.000e-04 -0.487 0.754 -0.013 -0.505 -0.681 -0.759 -0.781
0.0001 -2.19174 9.84510 0.9384896755 2.4590628147    0.893  2.137  3.7168  2.071    7  0.000  0.500     0.00     0.00     0.00     0.00     0.00 -1    -1e-30      0.00 7.478e-01 2.521e-01 1.611e-05 5.815e-06 4.294e-05 -1.000 1.000e-04 -0.574 0.693 -0.088 -0.590 -0.771 -0.851 -0.875
0.0001 -2.19174 9.84510 0.9384912252 2.4590632915    0.893  2.167  3.7148  2.033    7  0.000  0.500     0.00     0.00     0.00     0.00     0.00 -1    -1e-30      0.00 7.478e-01 2.521e-01 1.611e-05 5.815e-06 4.294e-05 -1.000 1.001e-04 -0.648 0.639 -0.153 -0.664 -0.848 -0.931 -0.955
0.0001 -2.19174 9.84510 0.9384933710 2.4590637684    0.893  2.167  3.7150  2.034    7  0.000  0.500     0.00     0.00     0.00     0.00     0.00 -1    -1e-30      0.00 7.478e-01 2.521e-01 1.611e-05 5.815e-06 4.294e-05 -1.000 9.996e-05 -0.647 0.639 -0.152 -0.662 -0.846 -0.928 -0.953
0.0001 -2.19174 9.84510 0.9384983778 2.4590649605    0.893  2.160  3.7157  2.044    7  0.000  0.500     0.00     0.00     0.00     0.00     0.00 -1    -1e-30      0.00 7.478e-01 2.521e-01 1.611e-05 5.815e-06 4.294e-05 -1.000 1.001e-04 -0.629 0.650 -0.138 -0.645 -0.827 -0.909 -0.933
0.0001 -2.19174 9.84510 0.9385054708 2.4590666294    0.893  2.162  3.7155  2.041    7  0.000  0.500     0.00     0.00     0.00     0.00     0.00 -1    -1e-30      0.00 7.478e-01 2.521e-01 1.611e-05 5.815e-06 4.294e-05 -1.000 1.000e-04 -0.634 0.647 -0.142 -0.650 -0.833 -0.915 -0.939
0.0001 -2.19174 9.84510 0.9385486841 2.4590771198    0.893  2.179  3.7140  2.018    7  0.000  0.500     0.00     0.00     0.00     0.00     0.00 -1    -1e-30      0.00 7.478e-01 2.521e-01 1.611e-05 5.816e-06 4.294e-05 -1.000 1.000e-04 -0.678 0.618 -0.179 -0.693 -0.879 -0.962 -0.987
0.0001 -2.19174 9.84510 0.9385765195 2.4590837955    0.893  2.212  3.7118  1.976    7  0.000  0.500     0.00     0.00     0.00     0.00     0.00 -1    -1e-30      0.00 7.478e-01 2.521e-01 1.611e-05 5.816e-06 4.294e-05 -1.000 1.000e-04 -0.760 0.560 -0.250 -0.774 -0.963 -1.049 -1.076
0.0001 -2.19174 9.84510 0.9386088252 2.4590916634    0.893  2.266  3.7084  1.908    7  0.000  0.500     0.00     0.00     0.00     0.00     0.00 -1    -1e-30      0.00 7.478e-01 2.521e-01 1.611e-05 5.817e-06 4.294e-05 -1.000 1.001e-04 -0.895 0.465 -0.369 -0.907 -1.103 -1.193 -1.221
0.0001 -2.19174 9.84510 0.9386394024 2.4590990543    0.893  2.323  3.7050  1.838    7  0.000  0.500     0.00     0.00     0.00     0.00     0.00 -1    -1e-30      0.00 7.478e-01 2.521e-01 1.611e-05 5.818e-06 4.294e-05 -1.000 9.999e-05 -1.038 0.364 -0.495 -1.048 -1.250 -1.344 -1.374
0.0001 -2.19174 9.84510 0.9386669397 2.4591057301    0.893  2.370  3.7024  1.780    7  0.000  0.500     0.00     0.00     0.00     0.00     0.00 -1    -1e-30      0.00 7.478e-01 2.521e-01 1.610e-05 5.818e-06 4.294e-05 -1.000 1.000e-04 -1.155 0.280 -0.598 -1.163 -1.370 -1.468 -1.499
0.0001 -2.19174 9.84510 0.9386913180 2.4591116905    0.893  2.414  3.7001  1.728    7  0.000  0.500     0.00     0.00     0.00     0.00     0.00 -1    -1e-30      0.00 7.478e-01 2.521e-01 1.610e-05 5.820e-06 4.294e-05 -1.000 1.000e-04 -1.264 0.201 -0.694 -1.270 -1.482 -1.582 -1.614
0.0001 -2.19174 9.84510 0.9387126565 2.4591169357    0.893  2.455  3.6979  1.677    7  0.000  0.499     0.00     0.00     0.00     0.00     0.00 -1    -1e-30      0.00 7.478e-01 2.521e-01 1.607e-05 5.835e-06 4.294e-05 -1.000 9.999e-05 -1.368 0.127 -0.786 -1.373 -1.588 -1.691 -1.725
0.0001 -2.19174 9.84510 0.9387314916 2.4591214657    0.893  2.496  3.6957  1.628    7  0.000  0.495     0.00     0.00     0.00     0.00     0.00 -1    -1e-30      0.00 7.477e-01 2.522e-01 1.595e-05 5.926e-06 4.294e-05 -1.000 1.000e-04 -1.469 0.056 -0.874 -1.471 -1.691 -1.797 -1.831
0.0001 -2.19174 9.84510 0.9387484193 2.4591255188    0.893  2.535  3.6937  1.580    7  0.000  0.487     5.89     4.75     3.41     2.62     2.12  4    -1e-30      0.00 7.476e-01 2.523e-01 1.568e-05 6.203e-06 4.295e-05 -1.000 1.000e-04 -1.569 -0.014 -0.961 -1.568 -1.792 -1.900 -1.936
0.0001 -2.19174 9.84510 0.9387635589 2.4591290951    0.893  2.575  3.6916  1.533    7  0.000  0.476     6.51     5.18     3.70     2.84     2.30  4    -1e-30      0.00 7.475e-01 2.524e-01 1.532e-05 6.624e-06 4.296e-05 -1.000 1.001e-04 -1.667 -0.084 -1.048 -1.665 -1.892 -2.003 -2.040
0.0001 -2.19174 9.84510 0.9387775660 2.4591326714    0.893  2.615  3.6895  1.484    7  0.000  0.464     7.20     5.65     4.02     3.09     2.51  3    -1e-30      0.00 7.474e-01 2.525e-01 1.495e-05 7.077e-06 4.296e-05 -1.000 1.000e-04 -1.767 -0.153 -1.135 -1.762 -1.994 -2.108 -2.146
0.0001 -2.19174 9.84510 0.9387903214 2.4591357708    0.893  2.654  3.6875  1.436    7  0.000  0.454     7.96     6.16     4.36     3.36     2.73  3    -1e-30      0.00 7.472e-01 2.527e-01 1.463e-05 7.482e-06 4.297e-05 -1.000 9.999e-05 -1.866 -0.217 -1.219 -1.858 -2.094 -2.211 -2.250
0.0001 -2.19174 9.84510 0.9388023019 2.4591386318    0.893  2.694  3.6854  1.389    7  0.000  0.445     8.81     6.72     4.74     3.66     2.96  3    -1e-30      0.00 7.471e-01 2.528e-01 1.435e-05 7.830e-06 4.297e-05 -1.000 1.000e-04 -1.965 -0.277 -1.303 -1.954 -2.195 -2.314 -2.355
0.0001 -2.19174 9.84510 0.9388137460 2.4591412544    0.893  2.733  3.6833  1.341    7  0.000  0.438     9.73     7.32     5.15     3.98     3.22  3    -1e-30      0.00 7.469e-01 2.530e-01 1.412e-05 8.123e-06 4.297e-05 -1.000 1.000e-04 -2.063 -0.318 -1.383 -2.052 -2.297 -2.419 -2.460
0.0001 -2.19174 9.84510 0.9388247728 2.4591441154    0.893  2.772  3.6813  1.294    7  0.000  0.432    10.75     7.98     5.58     4.32     3.50  3    -1e-30      0.00 7.467e-01 2.532e-01 1.391e-05 8.382e-06 4.296e-05 -1.000 1.000e-04 -2.161 -0.354 -1.461 -2.148 -2.398 -2.523 -2.565
0.0001 -2.19174 9.84510 0.9388352036 2.4591464996    0.893  2.811  3.6792  1.246    7  0.000  0.426    11.87     8.69     6.06     4.70     3.81  3    -1e-30      0.00 7.465e-01 2.534e-01 1.372e-05 8.614e-06 4.294e-05 -1.000 9.584e-05 -2.258 -0.384 -1.537 -2.244 -2.500 -2.627 -2.671
0.0001 -2.19174 9.84510 0.9388446808 2.4591488838    0.893  2.850  3.6771  1.200    7  0.000  0.422    13.09     9.45     6.56     5.09     4.13  3    -1e-30      0.00 7.463e-01 2.536e-01 1.356e-05 8.822e-06 4.289e-05 -1.000 9.021e-05 -2.354 -0.407 -1.609 -2.338 -2.598 -2.729 -2.773
0.0001 -2.19174 9.84510 0.9388539195 2.4591510296    0.893  2.890  3.6750  1.151    7  0.000  0.418    14.50    10.32     7.14     5.55     4.50  3    -1e-30      0.00 7.461e-01 2.538e-01 1.342e-05 9.027e-06 4.282e-05 -1.000 9.423e-05 -2.454 -0.425 -1.682 -2.435 -2.702 -2.836 -2.882
0.0001 -2.19174 9.84510 0.9388620853 2.4591529369    0.893  2.929  3.6728  1.103    7  0.000  0.415    16.05    11.26     7.76     6.04     4.90  2    -1e-30      0.00 7.459e-01 2.540e-01 1.330e-05 9.236e-06 4.271e-05 -1.000 9.999e-05 -2.553 -0.436 -1.752 -2.531 -2.804 -2.941 -2.988
0.0001 -2.19174 9.84510 0.9388687015 2.4591546059    0.893  2.966  3.6707  1.058    7  0.000  0.413    17.66    12.22     8.40     6.54     5.30  2    -1e-30      0.00 7.457e-01 2.542e-01 1.320e-05 9.458e-06 4.258e-05 -1.000 1.000e-04 -2.646 -0.441 -1.815 -2.621 -2.901 -3.041 -3.090
0.0001 -2.19174 9.84510 0.9388742447 2.4591560364    0.893  3.002  3.6687  1.014    7  0.000  0.412    19.36    13.23     9.05     7.06     5.73  2    -1e-30      0.00 7.455e-01 2.544e-01 1.312e-05 9.679e-06 4.244e-05 -1.000 1.001e-04 -2.735 -0.438 -1.873 -2.707 -2.993 -3.136 -3.186
0.0001 -2.19174 9.84510 0.9388799071 2.4591574669    0.893  3.040  3.6665  0.967    7  0.000  0.412    21.36    14.40     9.82     7.66     6.22  2    -1e-30      0.00 7.453e-01 2.546e-01 1.305e-05 9.905e-06 4.227e-05 -1.000 1.000e-04 -2.830 -0.423 -1.929 -2.796 -3.091 -3.238 -3.290
0.0001 -2.19174 9.84510 0.9388845563 2.4591584206    0.893  3.071  3.6647  0.929    7  0.000  0.411    23.12    15.41    10.47     8.18     6.64  2    -1e-30      0.00 7.452e-01 2.547e-01 1.300e-05 1.005e-05 4.216e-05 -1.000 1.000e-04 -2.906 -0.405 -1.972 -2.869 -3.170 -3.321 -3.373
0.0001 -2.19174 9.84510 0.9388889074 2.4591596127    0.893  3.108  3.6625  0.883    7  0.000  0.411    25.48    16.76    11.35     8.88     7.21  2    -1e-30      0.00 7.450e-01 2.549e-01 1.295e-05 1.026e-05 4.201e-05 -1.000 9.996e-05 -3.000 -0.374 -2.020 -2.956 -3.267 -3.422 -3.476
0.0001 -2.19174 9.84510 0.9388890266 2.4591596127    0.893  3.109  3.6624  0.881    7  0.000  0.411    25.57    16.81    11.38     8.90     7.23  2    -1e-30      0.00 7.450e-01 2.549e-01 1.295e-05 1.027e-05 4.201e-05 -1.000 1.000e-04 -3.003 -0.373 -2.022 -2.959 -3.271 -3.426 -3.480
0.0001 -2.19174 9.84510 0.9388892651 2.4591596127    0.893  3.111  3.6623  0.879    7  0.000  0.411    25.70    16.88    11.43     8.94     7.26  2    -1e-30      0.00 7.450e-01 2.549e-01 1.294e-05 1.028e-05 4.200e-05 -1.000 9.996e-05 -3.008 -0.371 -2.025 -2.964 -3.276 -3.431 -3.485
0.0001 -2.19174 9.84510 0.9388897419 2.4591598511    0.893  3.116  3.6621  0.873    7  0.000  0.411    26.01    17.05    11.54     9.03     7.33  2    -1e-30      0.00 7.450e-01 2.549e-01 1.294e-05 1.031e-05 4.198e-05 -1.000 1.000e-04 -3.020 -0.367 -2.030 -2.974 -3.288 -3.443 -3.498
0.0001 -2.19174 9.84510 0.9388906956 2.4591600895    0.893  3.120  3.6618  0.868    7  0.000  0.411    26.30    17.22    11.64     9.11     7.40  2    -1e-30      0.00 7.450e-01 2.549e-01 1.293e-05 1.034e-05 4.196e-05 -1.000 1.000e-04 -3.030 -0.362 -2.035 -2.984 -3.299 -3.455 -3.510
0.0001 -2.19174 9.84510 0.9388937354 2.4591608047    0.893  3.161  3.6593  0.817    7  0.537  0.411    29.25    18.87    12.71     9.96     8.09  2    -1e-30      0.00 7.449e-01 2.550e-01 1.291e-05 1.041e-05 4.189e-05 -1.000 1.001e-04 -3.132 -0.312 -2.079 -3.077 -3.403 -3.565 -3.621
0.0001 -2.19174 9.84510 0.9388953447 2.4591610432    0.893  3.265  3.6527  0.687    7  0.535  0.410    38.50    23.90    15.93    12.53    10.18  1    -1e-30      0.00 7.441e-01 2.558e-01 1.271e-05 1.119e-05 4.130e-05 -1.000 1.000e-04 -3.393 -0.286 -2.214 -3.307 -3.662 -3.837 -3.899
0.0001 -2.19174 9.84510 0.9388954043 2.4591610432    0.893  3.269  3.6524  0.682    7  0.530  0.410    38.92    24.12    16.07    12.64    10.27  1    -1e-30      0.00 7.441e-01 2.558e-01 1.270e-05 1.121e-05 4.128e-05 -1.000 1.000e-04 -3.403 -0.286 -2.220 -3.316 -3.672 -3.848 -3.910
0.0001 -2.19174 9.84510 0.9388954639 2.4591610432    0.893  3.269  3.6509  0.675    8  0.530  0.430    39.42    24.39    16.24    12.77    10.38  1  -3.8e-07      0.00 7.441e-01 2.558e-01 1.340e-05 1.122e-05 4.161e-05 -1.000 1.026e-04 -3.403 -0.243 -2.198 -3.310 -3.671 -3.849 -3.912
0.0001 -2.19174 9.84510 0.9388955235 2.4591610432    0.892  3.087  3.6622  0.902    8  0.530  0.429    24.47    16.18    10.98     8.58     6.97  2 -1.86e-07      0.00 7.441e-01 2.558e-01 1.340e-05 1.122e-05 4.161e-05 -1.000 1.026e-04 -2.948 -0.318 -1.966 -2.903 -3.214 -3.369 -3.424
0.0001 -2.19174 9.84510 0.9388955832 2.4591610432    0.891  2.949  3.6705  1.073    8  0.530  0.429    17.09    11.88     8.17     6.36     5.16  2 -1.13e-07      0.00 7.441e-01 2.558e-01 1.340e-05 1.122e-05 4.161e-05 -1.000 1.027e-04 -2.603 -0.394 -1.770 -2.578 -2.858 -2.998 -3.047
0.0001 -2.19174 9.84510 0.9388957620 2.4591612816    0.889  2.710  3.6848  1.368    8  0.530  0.429     9.18     6.96     4.91     3.79     3.07  3 -5.14e-08      0.00 7.441e-01 2.558e-01 1.340e-05 1.122e-05 4.161e-05 -1.000 1.026e-04 -2.006 -0.301 -1.339 -1.995 -2.237 -2.357 -2.397
0.0001 -2.19174 9.84510 0.9388960004 2.4591612816    0.887  2.713  3.6846  1.364    8  0.530  0.429     9.26     7.02     4.94     3.82     3.09  3 -5.18e-08      0.00 7.441e-01 2.558e-01 1.340e-05 1.122e-05 4.161e-05 -1.000 1.026e-04 -2.011 -0.300 -1.342 -2.000 -2.243 -2.363 -2.404
0.0001 -2.19174 9.84510 0.9388962984 2.4591612816    0.883  2.770  3.6810  1.291    8  0.531  0.429    10.78     8.00     5.60     4.33     3.51  3 -6.22e-08      0.00 7.441e-01 2.558e-01 1.340e-05 1.122e-05 4.161e-05 -1.000 1.026e-04 -2.154 -0.338 -1.451 -2.141 -2.392 -2.517 -2.560
0.0001 -2.19174 9.84510 0.9388967156 2.4591615200    0.879  2.940  3.6705  1.077    8  0.531  0.429    16.89    11.76     8.09     6.30     5.11  2  -1.1e-07      0.00 7.441e-01 2.558e-01 1.340e-05 1.122e-05 4.161e-05 -1.000 1.026e-04 -2.579 -0.372 -1.748 -2.554 -2.834 -2.974 -3.023
0.0001 -2.19174 9.84510 0.9388971329 2.4591615200    0.875  3.101  3.6605  0.872    8  0.531  0.429    25.91    16.99    11.49     9.00     7.31  2    -2e-07      0.00 7.441e-01 2.558e-01 1.340e-05 1.122e-05 4.161e-05 -1.000 1.026e-04 -2.984 -0.258 -1.967 -2.933 -3.253 -3.411 -3.466
0.0001 -2.19174 9.84510 0.9388976693 2.4591617584    0.869  3.210  3.6537  0.735    8  0.531  0.429    34.58    21.77    14.56    11.44     9.29  1 -3.08e-07      0.00 7.441e-01 2.558e-01 1.340e-05 1.122e-05 4.161e-05 -1.000 1.026e-04 -3.254 -0.207 -2.102 -3.174 -3.523 -3.695 -3.756
0.0001 -2.19174 9.84510 0.9388982058 2.4591617584    0.863  3.266  3.6500  0.660    8  0.531  0.429    40.42    24.87    16.53    13.03    10.58  1 -3.92e-07      0.00 7.441e-01 2.558e-01 1.340e-05 1.122e-05 4.161e-05 -1.000 1.026e-04 -3.396 -0.201 -2.175 -3.298 -3.663 -3.843 -3.907
0.0001 -2.19174 9.84510 0.9388988614 2.4591619968    0.856  3.291  3.6482  0.625    8  0.531  0.429    43.43    26.44    17.52    13.82    11.23  1 -4.39e-07      0.00 7.441e-01 2.558e-01 1.340e-05 1.122e-05 4.161e-05 -1.000 1.026e-04 -3.457 -0.192 -2.203 -3.350 -3.722 -3.906 -3.971
0.0001 -2.19174 9.84510 0.9388995767 2.4591622353    0.849  3.301  3.6473  0.607    8  0.532  0.429    45.03    27.26    18.04    14.24    11.57  1 -4.64e-07      0.00 7.441e-01 2.558e-01 1.340e-05 1.122e-05 4.161e-05 -1.000 1.026e-04 -3.483 -0.181 -2.211 -3.370 -3.747 -3.933 -3.999
0.0001 -2.19174 9.84510 0.9388996363 2.4591622353    0.848  3.171  3.6551  0.767    8  0.532  0.429    32.07    20.38    13.66    10.74     8.72  1 -2.72e-07      0.00 7.441e-01 2.558e-01 1.340e-05 1.122e-05 4.161e-05 -1.000 1.026e-04 -3.158 -0.169 -2.032 -3.085 -3.428 -3.597 -3.657
0.0001 -2.19174 9.84510 0.9388997555 2.4591622353    0.846  2.987  3.6661  0.995    8  0.532  0.429    19.84    13.50     9.22     7.21     5.84  2 -1.35e-07      0.00 7.441e-01 2.558e-01 1.340e-05 1.122e-05 4.161e-05 -1.000 1.027e-04 -2.698 -0.291 -1.797 -2.664 -2.959 -3.106 -3.157
0.0001 -2.19174 9.84510 0.9389000535 2.4591622353    0.843  2.749  3.6804  1.288    8  0.532  0.429    10.67     7.94     5.55     4.30     3.49  3 -6.03e-08      0.00 7.441e-01 2.558e-01 1.340e-05 1.122e-05 4.161e-05 -1.000 1.026e-04 -2.103 -0.271 -1.395 -2.090 -2.342 -2.468 -2.511
0.0001 -2.19174 9.84510 0.9389004111 2.4591622353    0.839  2.753  3.6800  1.281    8  0.532  0.429    10.81     8.03     5.61     4.35     3.53  3 -6.12e-08      0.00 7.441e-01 2.558e-01 1.340e-05 1.122e-05 4.161e-05 -1.000 1.026e-04 -2.112 -0.268 -1.400 -2.098 -2.351 -2.477 -2.520
0.0001 -2.19174 9.84510 0.9389008284 2.4591624737    0.834  2.811  3.6763  1.205    8  0.532  0.429    12.67     9.20     6.39     4.97     4.02  3 -7.44e-08      0.00 7.441e-01 2.558e-01 1.340e-05 1.122e-05 4.161e-05 -1.000 1.027e-04 -2.258 -0.285 -1.504 -2.240 -2.503 -2.635 -2.680
0.0001 -2.19174 9.84510 0.9389013648 2.4591624737    0.828  2.981  3.6657  0.990    8  0.532  0.429    19.94    13.56     9.25     7.24     5.87  2 -1.35e-07      0.00 7.441e-01 2.558e-01 1.340e-05 1.122e-05 4.161e-05 -1.000 1.026e-04 -2.683 -0.256 -1.775 -2.648 -2.944 -3.092 -3.144
0.0001 -2.19174 9.84510 0.9389020205 2.4591627121    0.820  3.143  3.6556  0.783    8  0.533  0.429    30.75    19.63    13.17    10.36     8.41  1 -2.52e-07      0.00 7.441e-01 2.558e-01 1.340e-05 1.122e-05 4.161e-05 -1.000 1.027e-04 -3.088 -0.123 -1.972 -3.017 -3.357 -3.526 -3.585
0.0001 -2.19174 9.84510 0.9389027953 2.4591629505    0.812  3.252  3.6487  0.642    8  0.533  0.429    41.35    25.27    16.76    13.24    10.75  1 -3.98e-07      0.00 7.441e-01 2.558e-01 1.340e-05 1.122e-05 4.161e-05 -1.000 1.026e-04 -3.360 -0.118 -2.117 -3.255 -3.625 -3.808 -3.873
0.0001 -2.19174 9.84510 0.9389036298 2.4591631889    0.803  3.311  3.6447  0.563    8  0.533  0.429    48.79    29.09    19.17    15.18    12.33  1 -5.18e-07      0.00 7.441e-01 2.558e-01 1.340e-05 1.122e-05 4.161e-05 -1.000 1.026e-04 -3.506 -0.108 -2.186 -3.379 -3.766 -3.958 -4.027
0.0001 -2.19174 9.84510 0.9389045835 2.4591634274    0.792  3.337  3.6427  0.522    8  0.533  0.429    53.03    31.20    20.49    16.25    13.20  1 -5.92e-07      0.00 7.441e-01 2.558e-01 1.340e-05 1.122e-05 4.161e-05 -1.000 1.026e-04 -3.573 -0.091 -2.210 -3.434 -3.831 -4.027 -4.097
0.0001 -2.19174 9.84510 0.9389055967 2.4591636658    0.781  3.351  3.6414  0.497    8  0.534  0.429    55.72    32.51    21.30    16.91    13.74  1  -6.4e-07      0.00 7.441e-01 2.558e-01 1.340e-05 1.122e-05 4.161e-05 -1.000 1.026e-04 -3.607 -0.073 -2.217 -3.459 -3.862 -4.062 -4.133
0.0001 -2.19174 9.84510 0.9389175773 2.4591665268    0.539 -9.999  4.0000  1.798    9  0.539  0.000     0.00     0.00     0.00     0.00     0.00 -1    -1e-30      0.00 7.441e-01 2.558e-01 1.340e-05 1.122e-05 4.161e-05 -1.000 1.026e-04 29.767 30.114 29.975 30.253 30.481 30.559 30.648
#isochrone terminated
