# File generated by CMD 3.6 (http://stev.oapd.inaf.it/cmd) on Thu Apr 21 17:48:40 CEST 2022
# isochrones based on PARSEC release v1.2S +  COLIBRI S_37 + S_35 + PR16
# Basic references: Bressan et al. (2012), MNRAS, 427, 127 + Chen et al. (2014, 2015), MNRAS, 444, 2525 + MNRAS, 452, 1068 + Tang et al. (2014), MNRAS, 445, 4287 + Marigo et al. (2017), ApJ, 835, 77 + Pastorelli al. (2019), MNRAS, 485, 5666 + Pastorelli al. (2020), MNRAS, in press
# Thermal pulse cycles included 
# On RGB, assumed Reimers mass loss with efficiency eta=0.2
# LPV periods and growth rates added cf. Trabucchi et al. (2019)
# but fundamental-mode LPV periods are from Trabucchi et al. (2021)
# Photometric system: DECAM (ABmags)
# Using YBC version of bolometric corrections as in Chen et al. (2019)
# O-rich circumstellar dpmod60alox40 dust from Groenewegen (2006)
# C-rich circumstellar AMCSIC15 dust from Groenewegen (2006)
# IMF: Kroupa (2001, 2002) + Kroupa et al. (2013) canonical two-part-power law IMF corrected for unresolved binaries 
# Kind of output: isochrone tables
# Zini     MH   logAge Mini        int_IMF         Mass   logL    logTe  logg  label   McoreTP C_O  period0  period1  period2  period3  period4  pmode  Mloss  tau1m   X   Y   Xc  Xn  Xo  Cexcess  Z 	 mbolmag  umag    gmag    rmag    imag    zmag    Ymag
0.0001 -2.19174 9.30103 0.1000000015 1.1711064577    0.100 -2.790  3.5572  5.409    1  0.000  0.545     0.00     0.00     0.00     0.00     0.00 -1 -1.27e-16      0.00 7.500e-01 2.499e-01 1.798e-05 4.851e-06 4.400e-05 -1.000 1.000e-04 11.746 15.973 13.694 12.130 11.475 11.176 11.077
0.0001 -2.19174 9.30103 0.1011771038 1.1808645725    0.101 -2.772  3.5591  5.403    1  0.000  0.545     0.00     0.00     0.00     0.00     0.00 -1 -1.33e-16      0.00 7.500e-01 2.499e-01 1.798e-05 4.851e-06 4.400e-05 -1.000 9.999e-05 11.699 15.884 13.620 12.070 11.430 11.134 11.036
0.0001 -2.19174 9.30103 0.1098214313 1.2482755184    0.109 -2.641  3.5726  5.360    1  0.000  0.545     0.00     0.00     0.00     0.00     0.00 -1 -1.81e-16      0.00 7.498e-01 2.501e-01 1.798e-05 4.851e-06 4.400e-05 -1.000 1.000e-04 11.374 15.238 13.107 11.664 11.111 10.836 10.742
0.0001 -2.19174 9.30103 0.1128091589 1.2699884176    0.112 -2.602  3.5763  5.348    1  0.000  0.545     0.00     0.00     0.00     0.00     0.00 -1 -1.99e-16      0.00 7.497e-01 2.502e-01 1.798e-05 4.851e-06 4.400e-05 -1.000 1.000e-04 11.276 15.055 12.962 11.549 11.015 10.745 10.652
0.0001 -2.19174 9.30103 0.1294642836 1.3786746264    0.129 -2.402  3.5952  5.284    1  0.000  0.545     0.00     0.00     0.00     0.00     0.00 -1 -3.16e-16      0.00 7.492e-01 2.507e-01 1.798e-05 4.851e-06 4.400e-05 -1.000 9.996e-05 10.776 14.118 12.230 10.979 10.517 10.275 10.191
0.0001 -2.19174 9.30103 0.1491071582 1.4855960608    0.149 -2.248  3.6065  5.236    1  0.000  0.545     0.00     0.00     0.00     0.00     0.00 -1 -4.44e-16      0.00 7.488e-01 2.511e-01 1.798e-05 4.851e-06 4.400e-05 -1.000 9.999e-05 10.389 13.491 11.718 10.558 10.129 9.903 9.825
0.0001 -2.19174 9.30103 0.1687500030 1.5756140947    0.168 -2.130  3.6140  5.201    1  0.000  0.545     0.00     0.00     0.00     0.00     0.00 -1  -5.7e-16      0.00 7.485e-01 2.514e-01 1.798e-05 4.851e-06 4.400e-05 -1.000 9.993e-05 10.096 13.050 11.347 10.243 9.834 9.619 9.545
0.0001 -2.19174 9.30103 0.2080357224 1.7204496861    0.207 -1.938  3.6252  5.145    1  0.000  0.545     0.00     0.00     0.00     0.00     0.00 -1 -8.52e-16      0.00 7.480e-01 2.519e-01 1.798e-05 4.851e-06 4.400e-05 -1.000 9.999e-05 9.615 12.355 10.756 9.731 9.349 9.151 9.083
0.0001 -2.19174 9.30103 0.2571428716 1.8581268787    0.257 -1.749  3.6354  5.089    1  0.000  0.545     0.00     0.00     0.00     0.00     0.00 -1 -1.26e-15      0.00 7.476e-01 2.523e-01 1.798e-05 4.851e-06 4.400e-05 -1.000 9.996e-05 9.141 11.697 10.188 9.230 8.872 8.689 8.626
0.0001 -2.19174 9.30103 0.3062500358 1.9652637243    0.306 -1.595  3.6436  5.045    1  0.000  0.545     0.00     0.00     0.00     0.00     0.00 -1 -1.73e-15      0.00 7.475e-01 2.524e-01 1.798e-05 4.851e-06 4.400e-05 -1.000 1.001e-04 8.757 11.172 9.733 8.824 8.485 8.313 8.255
0.0001 -2.19174 9.30103 0.3553571403 2.0521113873    0.355 -1.464  3.6511  5.009    1  0.000  0.545     0.00     0.00     0.00     0.00     0.00 -1 -2.26e-15      0.00 7.479e-01 2.520e-01 1.797e-05 4.852e-06 4.400e-05 -1.000 1.000e-04 8.430 10.723 9.346 8.479 8.156 7.994 7.940
0.0001 -2.19174 9.30103 0.4008254409 2.1196382046    0.400 -1.355  3.6582  4.981    1  0.000  0.545     0.00     0.00     0.00     0.00     0.00 -1 -2.83e-15      0.00 7.505e-01 2.494e-01 1.798e-05 4.851e-06 4.400e-05 -1.000 1.000e-04 8.158 10.338 9.020 8.190 7.883 7.730 7.680
0.0001 -2.19174 9.30103 0.4044643044 2.1246092319    0.404 -1.347  3.6588  4.978    1  0.000  0.545     0.00     0.00     0.00     0.00     0.00 -1 -2.88e-15      0.00 7.507e-01 2.492e-01 1.798e-05 4.851e-06 4.400e-05 -1.000 1.000e-04 8.137 10.309 8.995 8.168 7.862 7.710 7.660
0.0001 -2.19174 9.30103 0.4535714388 2.1864814758    0.453 -1.213  3.6704  4.941    1  0.000  0.545     0.00     0.00     0.00     0.00     0.00 -1 -3.87e-15      0.00 7.508e-01 2.491e-01 1.798e-05 4.851e-06 4.400e-05 -1.000 9.999e-05 7.803 9.793 8.578 7.811 7.528 7.392 7.348
0.0001 -2.19174 9.30103 0.5026785731 2.2401986122    0.503 -1.067  3.6834  4.892    1  0.000  0.545     0.00     0.00     0.00     0.00     0.00 -1 -5.44e-15      0.00 7.511e-01 2.488e-01 1.796e-05 4.846e-06 4.395e-05 -1.000 9.985e-05 7.438 9.239 8.131 7.426 7.168 7.048 7.012
0.0001 -2.19174 9.30103 0.5308828950 2.2671728134    0.531 -0.974  3.6925  4.859    1  0.000  0.545     0.00     0.00     0.00     0.00     0.00 -1  -6.8e-15      0.00 7.542e-01 2.457e-01 1.774e-05 4.788e-06 4.343e-05 -1.000 9.987e-05 7.205 8.881 7.844 7.181 6.941 6.833 6.801
0.0001 -2.19174 9.30103 0.5517857671 2.2851314545    0.551 -0.908  3.6990  4.836    1  0.000  0.545     0.00     0.00     0.00     0.00     0.00 -1 -7.97e-15      0.00 7.565e-01 2.434e-01 1.759e-05 4.746e-06 4.304e-05 -1.000 1.001e-04 7.040 8.630 7.643 7.009 6.782 6.681 6.653
0.0001 -2.19174 9.30103 0.6008928418 2.3217256069    0.601 -0.744  3.7186  4.787    1  0.000  0.545     0.00     0.00     0.00     0.00     0.00 -1 -1.18e-14      0.00 7.587e-01 2.412e-01 1.745e-05 4.708e-06 4.271e-05 -1.000 9.999e-05 6.630 7.987 7.139 6.586 6.394 6.317 6.298
0.0001 -2.19174 9.30103 0.6499999762 2.3520355225    0.650 -0.582  3.7400  4.745    1  0.000  0.545     0.00     0.00     0.00     0.00     0.00 -1 -1.73e-14      0.00 7.618e-01 2.381e-01 1.725e-05 4.655e-06 4.223e-05 -1.000 1.000e-04 6.225 7.373 6.651 6.180 6.024 5.971 5.962
0.0001 -2.19174 9.30103 0.6684219241 2.3620934486    0.668 -0.522  3.7486  4.732    1  0.000  0.544     0.00     0.00     0.00     0.00     0.00 -1 -1.99e-14      0.00 7.633e-01 2.366e-01 1.715e-05 4.630e-06 4.200e-05 -1.000 1.001e-04 6.076 7.154 6.473 6.035 5.894 5.850 5.845
0.0001 -2.19174 9.30103 0.6999999881 2.3779268265    0.700 -0.423  3.7627  4.709    1  0.000  0.544     0.00     0.00     0.00     0.00     0.00 -1  -2.5e-14      0.00 7.662e-01 2.337e-01 1.697e-05 4.580e-06 4.156e-05 -1.000 1.000e-04 5.828 6.801 6.184 5.798 5.682 5.653 5.653
0.0001 -2.19174 9.30103 0.7349734902 2.3936493397    0.735 -0.317  3.7776  4.684    1  0.000  0.539     0.00     0.00     0.00     0.00     0.00 -1 -3.21e-14      0.00 7.711e-01 2.288e-01 1.650e-05 4.492e-06 4.080e-05 -1.000 1.001e-04 5.563 6.449 5.885 5.550 5.456 5.441 5.447
0.0001 -2.19174 9.30103 0.7500000000 2.3998889923    0.750 -0.273  3.7838  4.673    1  0.000  0.537     0.00     0.00     0.00     0.00     0.00 -1 -3.56e-14      0.00 7.735e-01 2.264e-01 1.628e-05 4.449e-06 4.043e-05 -1.000 1.000e-04 5.452 6.307 5.761 5.447 5.363 5.354 5.362
0.0001 -2.19174 9.30103 0.7630683184 2.4050865173    0.763 -0.235  3.7885  4.662    1  0.000  0.537     0.00     0.00     0.00     0.00     0.00 -1  -3.9e-14      0.00 7.752e-01 2.248e-01 1.620e-05 4.429e-06 4.026e-05 -1.000 8.976e-05 5.358 6.189 5.656 5.359 5.282 5.278 5.288
0.0001 -2.19174 9.30103 0.8000000119 2.4187245369    0.800 -0.131  3.8014  4.629    1  0.000  0.536     0.00     0.00     0.00     0.00     0.00 -1 -5.03e-14      0.00 7.797e-01 2.202e-01 1.602e-05 4.382e-06 3.985e-05 -1.000 9.996e-05 5.097 5.873 5.368 5.115 5.058 5.067 5.081
0.0001 -2.19174 9.30103 0.8345795274 2.4302439690    0.834 -0.036  3.8133  4.600    1  0.000  0.536     0.00     0.00     0.00     0.00     0.00 -1 -6.33e-14      0.00 7.796e-01 2.203e-01 1.606e-05 4.394e-06 3.997e-05 -1.000 7.570e-05 4.859 5.595 5.106 4.892 4.854 4.875 4.892
0.0001 -2.19174 9.30103 0.8500000238 2.4350347519    0.849  0.006  3.8185  4.587    1  0.000  0.536     0.00     0.00     0.00     0.00     0.00 -1 -7.01e-14      0.00 7.795e-01 2.205e-01 1.609e-05 4.402e-06 4.005e-05 -1.000 5.457e-05 4.755 5.476 4.991 4.793 4.763 4.788 4.807
0.0001 -2.19174 9.30103 0.8801496029 2.4438464642    0.879  0.085  3.8288  4.564    1  0.000  0.535     0.00     0.00     0.00     0.00     0.00 -1  -8.5e-14      0.00 7.799e-01 2.200e-01 1.606e-05 4.397e-06 4.000e-05 -1.000 7.355e-05 4.557 5.249 4.770 4.603 4.588 4.624 4.646
0.0001 -2.19174 9.30103 0.8999999762 2.4492788315    0.899  0.137  3.8354  4.549    1  0.000  0.535     0.00     0.00     0.00     0.00     0.00 -1 -9.63e-14      0.00 7.800e-01 2.199e-01 1.606e-05 4.396e-06 4.000e-05 -1.000 9.994e-05 4.428 5.105 4.627 4.479 4.475 4.517 4.542
0.0001 -2.19174 9.30103 0.9061223865 2.4508991241    0.905  0.152  3.8376  4.545    1  0.000  0.535     0.00     0.00     0.00     0.00     0.00 -1 -9.99e-14      0.00 7.800e-01 2.199e-01 1.606e-05 4.396e-06 4.000e-05 -1.000 9.997e-05 4.389 5.061 4.584 4.442 4.442 4.486 4.511
0.0001 -2.19174 9.30103 0.9443593621 2.4604744911    0.944  0.248  3.8509  4.520    1  0.000  0.536     0.00     0.00     0.00     0.00     0.00 -1 -1.26e-13      0.00 7.795e-01 2.204e-01 1.608e-05 4.400e-06 4.003e-05 -1.000 1.000e-04 4.149 4.794 4.314 4.212 4.233 4.290 4.318
0.0001 -2.19174 9.30103 0.9499999881 2.4618122578    0.949  0.262  3.8529  4.517    1  0.000  0.536     0.00     0.00     0.00     0.00     0.00 -1  -1.3e-13      0.00 7.794e-01 2.205e-01 1.608e-05 4.401e-06 4.004e-05 -1.000 1.000e-04 4.114 4.755 4.274 4.178 4.203 4.262 4.290
0.0001 -2.19174 9.30103 0.9656054974 2.4654197693    0.965  0.301  3.8588  4.509    1  0.000  0.536     0.00     0.00     0.00     0.00     0.00 -1 -1.42e-13      0.00 7.798e-01 2.201e-01 1.606e-05 4.396e-06 4.000e-05 -1.000 1.000e-04 4.019 4.648 4.165 4.087 4.122 4.186 4.216
0.0001 -2.19174 9.30103 0.9947421551 2.4718081951    0.995  0.372  3.8700  4.496    1  0.000  0.535     0.00     0.00     0.00     0.00     0.00 -1 -1.67e-13      0.00 7.803e-01 2.196e-01 1.604e-05 4.389e-06 3.993e-05 -1.000 9.997e-05 3.841 4.451 3.962 3.919 3.972 4.047 4.078
0.0001 -2.19174 9.30103 1.0000000000 2.4729156494    1.000  0.385  3.8721  4.494    1  0.000  0.535     0.00     0.00     0.00     0.00     0.00 -1 -1.72e-13      0.00 7.804e-01 2.195e-01 1.603e-05 4.388e-06 3.992e-05 -1.000 9.999e-05 3.809 4.416 3.926 3.888 3.946 4.022 4.053
0.0001 -2.19174 9.30103 1.0100003481 2.4749851227    1.010  0.408  3.8766  4.492    1  0.000  0.535     0.00     0.00     0.00     0.00     0.00 -1 -1.79e-13      0.00 7.806e-01 2.193e-01 1.602e-05 4.385e-06 3.990e-05 -1.000 1.000e-04 3.749 4.349 3.856 3.833 3.898 3.978 4.009
0.0001 -2.19174 9.30103 1.0336297750 2.4796926975    1.033  0.465  3.8873  4.488    1  0.000  0.535     0.00     0.00     0.00     0.00     0.00 -1 -1.95e-13      0.00 7.810e-01 2.189e-01 1.600e-05 4.380e-06 3.985e-05 -1.000 1.000e-04 3.607 4.192 3.691 3.701 3.785 3.874 3.907
0.0001 -2.19174 9.30103 1.0499999523 2.4828116894    1.049  0.505  3.8949  4.486    1  0.000  0.535     0.00     0.00     0.00     0.00     0.00 -1 -2.08e-13      0.00 7.812e-01 2.187e-01 1.599e-05 4.377e-06 3.983e-05 -1.000 1.000e-04 3.508 4.084 3.578 3.611 3.709 3.802 3.836
0.0001 -2.19174 9.30103 1.0540140867 2.4835593700    1.053  0.514  3.8967  4.485    1  0.000  0.535     0.00     0.00     0.00     0.00     0.00 -1 -2.11e-13      0.00 7.813e-01 2.186e-01 1.599e-05 4.375e-06 3.982e-05 -1.000 9.997e-05 3.485 4.059 3.551 3.590 3.691 3.786 3.820
0.0001 -2.19174 9.30103 1.0734863281 2.4870958328    1.073  0.559  3.9055  4.483    1  0.000  0.535     0.00     0.00     0.00     0.00     0.00 -1 -2.25e-13      0.00 7.816e-01 2.183e-01 1.597e-05 4.371e-06 3.978e-05 -1.000 1.000e-04 3.372 3.936 3.423 3.489 3.606 3.706 3.741
0.0001 -2.19174 9.30103 1.0912659168 2.4901983738    1.090  0.601  3.9134  4.480    1  0.000  0.535     0.00     0.00     0.00     0.00     0.00 -1 -2.39e-13      0.00 7.819e-01 2.180e-01 1.596e-05 4.368e-06 3.975e-05 -1.000 1.000e-04 3.268 3.825 3.308 3.399 3.530 3.635 3.670
0.0001 -2.19174 9.30103 1.1000000238 2.4916803837    1.099  0.621  3.9173  4.479    1  0.000  0.535     0.00     0.00     0.00     0.00     0.00 -1 -2.47e-13      0.00 7.820e-01 2.179e-01 1.596e-05 4.366e-06 3.974e-05 -1.000 9.999e-05 3.217 3.771 3.252 3.355 3.493 3.600 3.635
0.0001 -2.19174 9.30103 1.1053657532 2.4925773144    1.104  0.634  3.9197  4.478    1  0.000  0.535     0.00     0.00     0.00     0.00     0.00 -1 -2.51e-13      0.00 7.821e-01 2.178e-01 1.595e-05 4.365e-06 3.972e-05 -1.000 9.991e-05 3.186 3.737 3.218 3.328 3.470 3.579 3.614
0.0001 -2.19174 9.30103 1.1177679300 2.4946129322    1.117  0.663  3.9252  4.476    1  0.000  0.535     0.00     0.00     0.00     0.00     0.00 -1 -2.62e-13      0.00 7.824e-01 2.175e-01 1.593e-05 4.361e-06 3.969e-05 -1.000 1.000e-04 3.112 3.661 3.140 3.268 3.419 3.530 3.566
0.0001 -2.19174 9.30103 1.1327133179 2.4969980717    1.132  0.699  3.9319  4.473    1  0.000  0.535     0.00     0.00     0.00     0.00     0.00 -1 -2.77e-13      0.00 7.826e-01 2.173e-01 1.592e-05 4.357e-06 3.966e-05 -1.000 1.001e-04 3.024 3.571 3.049 3.198 3.359 3.473 3.509
0.0001 -2.19174 9.30103 1.1459051371 2.4990439415    1.145  0.730  3.9377  4.470    1  0.000  0.535     0.00     0.00     0.00     0.00     0.00 -1  -2.9e-13      0.00 7.828e-01 2.171e-01 1.591e-05 4.355e-06 3.964e-05 -1.000 1.000e-04 2.946 3.495 2.974 3.140 3.309 3.425 3.461
0.0001 -2.19174 9.30103 1.1499999762 2.4996678829    1.149  0.739  3.9394  4.469    1  0.000  0.535     0.00     0.00     0.00     0.00     0.00 -1 -2.94e-13      0.00 7.828e-01 2.171e-01 1.591e-05 4.355e-06 3.964e-05 -1.000 9.999e-05 2.922 3.472 2.951 3.122 3.293 3.410 3.447
0.0001 -2.19174 9.30103 1.1711177826 2.5028069019    1.170  0.790  3.9489  4.463    1  0.000  0.535     0.00     0.00     0.00     0.00     0.00 -1 -3.16e-13      0.00 7.831e-01 2.169e-01 1.589e-05 4.352e-06 3.961e-05 -1.000 8.804e-05 2.795 3.349 2.834 3.030 3.213 3.332 3.371
0.0001 -2.19174 9.30103 1.2000000477 2.5068950653    1.199  0.862  3.9621  4.455    1  0.000  0.535     0.00     0.00     0.00     0.00     0.00 -1 -3.53e-13      0.00 7.834e-01 2.166e-01 1.588e-05 4.348e-06 3.958e-05 -1.000 6.029e-05 2.614 3.173 2.678 2.902 3.100 3.224 3.265
0.0001 -2.19174 9.30103 1.2155382633 2.5090022087    1.215  0.902  3.9691  4.449    1  0.000  0.535     0.00     0.00     0.00     0.00     0.00 -1 -3.73e-13      0.00 7.836e-01 2.163e-01 1.587e-05 4.345e-06 3.955e-05 -1.000 6.130e-05 2.516 3.078 2.596 2.834 3.039 3.165 3.207
0.0001 -2.19174 9.30103 1.2412645817 2.5123579502    1.240  0.968  3.9803  4.437    1  0.000  0.535     0.00     0.00     0.00     0.00     0.00 -1 -4.14e-13      0.00 7.840e-01 2.160e-01 1.585e-05 4.341e-06 3.951e-05 -1.000 5.706e-05 2.350 2.919 2.461 2.718 2.934 3.063 3.107
0.0001 -2.19174 9.30103 1.2500000000 2.5134611130    1.249  0.991  3.9839  4.431    1  0.000  0.535     0.00     0.00     0.00     0.00     0.00 -1 -4.29e-13      0.00 7.841e-01 2.158e-01 1.585e-05 4.339e-06 3.949e-05 -1.000 8.613e-05 2.293 2.866 2.417 2.678 2.897 3.028 3.073
0.0001 -2.19174 9.30103 1.2547459602 2.5140533447    1.254  1.003  3.9857  4.428    1  0.000  0.535     0.00     0.00     0.00     0.00     0.00 -1 -4.37e-13      0.00 7.841e-01 2.158e-01 1.585e-05 4.338e-06 3.949e-05 -1.000 1.000e-04 2.263 2.836 2.392 2.657 2.877 3.008 3.053
0.0001 -2.19174 9.30103 1.2763390541 2.5166833401    1.276  1.059  3.9926  4.407    1  0.000  0.535     0.00     0.00     0.00     0.00     0.00 -1  -4.8e-13      0.00 7.843e-01 2.156e-01 1.583e-05 4.335e-06 3.946e-05 -1.000 1.000e-04 2.122 2.701 2.276 2.550 2.776 2.909 2.956
0.0001 -2.19174 9.30103 1.2999999523 2.5194499493    1.299  1.120  3.9976  4.374    1  0.000  0.535     0.00     0.00     0.00     0.00     0.00 -1 -5.39e-13      0.00 7.845e-01 2.154e-01 1.583e-05 4.333e-06 3.944e-05 -1.000 9.999e-05 1.969 2.550 2.141 2.423 2.652 2.785 2.835
0.0001 -2.19174 9.30103 1.3013297319 2.5196020603    1.301  1.124  3.9978  4.372    1  0.000  0.535     0.00     0.00     0.00     0.00     0.00 -1 -5.43e-13      0.00 7.845e-01 2.154e-01 1.583e-05 4.333e-06 3.944e-05 -1.000 9.952e-05 1.960 2.540 2.133 2.415 2.644 2.778 2.827
0.0001 -2.19174 9.30103 1.3144885302 2.5210876465    1.314  1.160  3.9976  4.339    1  0.000  0.535     0.00     0.00     0.00     0.00     0.00 -1 -5.87e-13      0.00 7.846e-01 2.153e-01 1.582e-05 4.332e-06 3.943e-05 -1.000 9.874e-05 1.871 2.445 2.042 2.324 2.554 2.686 2.735
0.0001 -2.19174 9.30103 1.3280949593 2.5225884914    1.328  1.197  3.9958  4.299    1  0.000  0.535     0.00     0.00     0.00     0.00     0.00 -1 -6.44e-13      0.00 7.847e-01 2.153e-01 1.582e-05 4.332e-06 3.943e-05 -1.000 3.542e-05 1.776 2.342 1.940 2.221 2.450 2.579 2.629
0.0001 -2.19174 9.30103 1.3418254852 2.5240674019    1.341  1.238  3.9923  4.249    1  0.000  0.535     0.00     0.00     0.00     0.00     0.00 -1 -7.18e-13      0.00 7.846e-01 2.153e-01 1.582e-05 4.332e-06 3.944e-05 -1.000 8.699e-05 1.674 2.227 1.823 2.102 2.329 2.456 2.504
0.0001 -2.19174 9.30103 1.3480211496 2.5247235298    1.348  1.259  3.9917  4.227    1  0.000  0.535     0.00     0.00     0.00     0.00     0.00 -1 -7.61e-13      0.00 7.846e-01 2.153e-01 1.582e-05 4.333e-06 3.944e-05 -1.000 1.000e-04 1.622 2.170 1.768 2.047 2.273 2.399 2.448
0.0001 -2.19174 9.30103 1.3500000238 2.5249314308    1.349  1.269  3.9938  4.226    1  0.000  0.535     0.00     0.00     0.00     0.00     0.00 -1 -7.74e-13      0.00 7.846e-01 2.153e-01 1.582e-05 4.333e-06 3.945e-05 -1.000 9.993e-05 1.598 2.149 1.752 2.033 2.262 2.387 2.437
0.0001 -2.19174 9.30103 1.3517749310 2.5251173973    1.351  1.277  3.9957  4.226    1  0.000  0.535     0.00     0.00     0.00     0.00     0.00 -1 -7.84e-13      0.00 7.846e-01 2.153e-01 1.582e-05 4.333e-06 3.945e-05 -1.000 9.872e-05 1.576 2.130 1.738 2.022 2.251 2.377 2.428
0.0001 -2.19174 9.30103 1.3552665710 2.5254819393    1.355  1.303  4.0052  4.240    1  0.000  0.535     0.00     0.00     0.00     0.00     0.00 -1 -8.11e-13      0.00 7.846e-01 2.153e-01 1.583e-05 4.334e-06 3.945e-05 -1.000 9.993e-05 1.512 2.083 1.714 2.007 2.242 2.372 2.425
0.0001 -2.19174 9.30103 1.3562535048 2.5255844593    1.356  1.323  4.0138  4.255    1  0.000  0.535     0.00     0.00     0.00     0.00     0.00 -1  -8.3e-13      0.00 7.846e-01 2.153e-01 1.583e-05 4.334e-06 3.946e-05 -1.000 9.996e-05 1.464 2.053 1.703 2.004 2.244 2.378 2.433
0.0001 -2.19174 9.30103 1.3566998243 2.5256307125    1.356  1.343  4.0206  4.262    1  0.000  0.535     0.00     0.00     0.00     0.00     0.00 -1 -8.61e-13      0.00 7.845e-01 2.154e-01 1.583e-05 4.335e-06 3.946e-05 -1.000 1.000e-04 1.413 2.017 1.683 1.990 2.233 2.370 2.427
0.0001 -2.19174 9.30103 1.3569505215 2.5256567001    1.356  1.362  4.0252  4.262    1  0.000  0.535     0.00     0.00     0.00     0.00     0.00 -1 -8.97e-13      0.00 7.845e-01 2.154e-01 1.583e-05 4.335e-06 3.946e-05 -1.000 9.996e-05 1.366 1.981 1.658 1.969 2.214 2.353 2.411
0.0001 -2.19174 9.30103 1.3569809198 2.5256600380    1.356  1.363  4.0237  4.255    1  0.000  0.535     0.00     0.00     0.00     0.00     0.00 -1 -9.07e-13      0.00 7.845e-01 2.154e-01 1.583e-05 4.335e-06 3.946e-05 -1.000 9.997e-05 1.363 1.974 1.648 1.958 2.203 2.340 2.399
0.0001 -2.19174 9.30103 1.3571734428 2.5256798267    1.357  1.372  4.0144  4.209    2  0.000  0.535     0.00     0.00     0.00     0.00     0.00 -1 -9.74e-13      0.00 7.845e-01 2.154e-01 1.583e-05 4.335e-06 3.946e-05 -1.000 9.999e-05 1.341 1.925 1.583 1.886 2.126 2.258 2.314
0.0001 -2.19174 9.30103 1.3573436737 2.5256974697    1.357  1.387  4.0062  4.160    2  0.000  0.535     0.00     0.00     0.00     0.00     0.00 -1 -1.06e-12      0.00 7.845e-01 2.154e-01 1.583e-05 4.335e-06 3.947e-05 -1.000 9.997e-05 1.302 1.863 1.507 1.803 2.039 2.167 2.221
0.0001 -2.19174 9.30103 1.3576313257 2.5257272720    1.357  1.399  3.9989  4.119    2  0.000  0.535     0.00     0.00     0.00     0.00     0.00 -1 -1.15e-12      0.00 7.845e-01 2.154e-01 1.583e-05 4.336e-06 3.947e-05 -1.000 9.999e-05 1.272 1.814 1.445 1.735 1.967 2.090 2.143
0.0001 -2.19174 9.30103 1.3581353426 2.5257794857    1.358  1.410  3.9915  4.079    2  0.000  0.535     0.00     0.00     0.00     0.00     0.00 -1 -1.23e-12      0.00 7.845e-01 2.154e-01 1.583e-05 4.336e-06 3.947e-05 -1.000 9.990e-05 1.246 1.770 1.388 1.671 1.900 2.019 2.069
0.0001 -2.19174 9.30103 1.3590061665 2.5258696079    1.358  1.421  3.9827  4.033    2  0.000  0.535     0.00     0.00     0.00     0.00     0.00 -1 -1.33e-12      0.00 7.844e-01 2.155e-01 1.584e-05 4.337e-06 3.948e-05 -1.000 1.001e-04 1.218 1.724 1.326 1.600 1.823 1.936 1.985
0.0001 -2.19174 9.30103 1.3602035046 2.5259933472    1.360  1.433  3.9726  3.980    2  0.000  0.535     0.00     0.00     0.00     0.00     0.00 -1 -1.44e-12      0.00 7.843e-01 2.156e-01 1.584e-05 4.338e-06 3.949e-05 -1.000 1.000e-04 1.187 1.677 1.260 1.522 1.737 1.845 1.891
0.0001 -2.19174 9.30103 1.3614097834 2.5261175632    1.361  1.445  3.9618  3.926    2  0.000  0.535     0.00     0.00     0.00     0.00     0.00 -1 -1.57e-12      0.00 7.843e-01 2.156e-01 1.584e-05 4.339e-06 3.950e-05 -1.000 1.000e-04 1.157 1.634 1.197 1.444 1.652 1.753 1.797
0.0001 -2.19174 9.30103 1.3624320030 2.5262227058    1.362  1.455  3.9509  3.872    2  0.000  0.535     0.00     0.00     0.00     0.00     0.00 -1 -1.71e-12      0.00 7.842e-01 2.157e-01 1.585e-05 4.340e-06 3.950e-05 -1.000 9.993e-05 1.131 1.598 1.144 1.374 1.571 1.667 1.709
0.0001 -2.19174 9.30103 1.3632642031 2.5263082981    1.363  1.464  3.9400  3.820    2  0.000  0.535     0.00     0.00     0.00     0.00     0.00 -1 -1.84e-12      0.00 7.842e-01 2.157e-01 1.585e-05 4.340e-06 3.951e-05 -1.000 1.000e-04 1.110 1.569 1.100 1.311 1.497 1.587 1.626
0.0001 -2.19174 9.30103 1.3639507294 2.5263786316    1.363  1.471  3.9291  3.770    2  0.000  0.535     0.00     0.00     0.00     0.00     0.00 -1 -1.98e-12      0.00 7.841e-01 2.158e-01 1.585e-05 4.341e-06 3.951e-05 -1.000 1.000e-04 1.092 1.549 1.067 1.255 1.428 1.513 1.551
0.0001 -2.19174 9.30103 1.3645303249 2.5264379978    1.364  1.478  3.9184  3.721    2  0.000  0.535     0.00     0.00     0.00     0.00     0.00 -1 -2.12e-12      0.00 7.841e-01 2.158e-01 1.585e-05 4.341e-06 3.952e-05 -1.000 1.000e-04 1.076 1.536 1.046 1.206 1.365 1.446 1.481
0.0001 -2.19174 9.30103 1.3650317192 2.5264894962    1.365  1.483  3.9076  3.672    2  0.000  0.535     0.00     0.00     0.00     0.00     0.00 -1 -2.27e-12      0.00 7.841e-01 2.158e-01 1.586e-05 4.342e-06 3.952e-05 -1.000 1.000e-04 1.063 1.530 1.034 1.164 1.307 1.383 1.417
0.0001 -2.19174 9.30103 1.3654758930 2.5265347958    1.365  1.488  3.8966  3.624    2  0.000  0.535     0.00     0.00     0.00     0.00     0.00 -1 -2.43e-12      0.00 7.841e-01 2.158e-01 1.586e-05 4.342e-06 3.953e-05 -1.000 1.000e-04 1.051 1.531 1.031 1.127 1.253 1.324 1.356
0.0001 -2.19174 9.30103 1.3658756018 2.5265755653    1.365  1.492  3.8854  3.575    2  0.000  0.535     0.00     0.00     0.00     0.00     0.00 -1 -2.59e-12      0.00 7.840e-01 2.159e-01 1.586e-05 4.343e-06 3.953e-05 -1.000 9.999e-05 1.041 1.538 1.037 1.096 1.203 1.270 1.300
0.0001 -2.19174 9.30103 1.3662405014 2.5266129971    1.366  1.495  3.8737  3.525    2  0.000  0.535     0.00     0.00     0.00     0.00     0.00 -1 -2.76e-12      0.00 7.840e-01 2.159e-01 1.586e-05 4.343e-06 3.953e-05 -1.000 9.999e-05 1.032 1.552 1.050 1.072 1.158 1.219 1.247
0.0001 -2.19174 9.30103 1.3665770292 2.5266473293    1.366  1.498  3.8617  3.474    2  0.000  0.535     0.00     0.00     0.00     0.00     0.00 -1 -2.94e-12      0.00 7.840e-01 2.159e-01 1.586e-05 4.343e-06 3.953e-05 -1.000 1.000e-04 1.024 1.570 1.068 1.051 1.115 1.169 1.196
0.0001 -2.19174 9.30103 1.3668919802 2.5266795158    1.366  1.501  3.8491  3.421    2  0.000  0.535     0.00     0.00     0.00     0.00     0.00 -1 -3.14e-12      0.00 7.840e-01 2.159e-01 1.586e-05 4.343e-06 3.954e-05 -1.000 1.000e-04 1.018 1.594 1.091 1.034 1.076 1.121 1.145
0.0001 -2.19174 9.30103 1.3672093153 2.5267117023    1.367  1.503  3.8352  3.363    2  0.000  0.535     0.00     0.00     0.00     0.00     0.00 -1 -3.37e-12      0.00 7.840e-01 2.159e-01 1.586e-05 4.344e-06 3.954e-05 -1.000 9.994e-05 1.013 1.626 1.121 1.019 1.036 1.071 1.092
0.0001 -2.19174 9.30103 1.3675647974 2.5267479420    1.367  1.505  3.8190  3.297    2  0.000  0.535     0.00     0.00     0.00     0.00     0.00 -1 -3.65e-12      0.00 7.839e-01 2.160e-01 1.586e-05 4.344e-06 3.954e-05 -1.000 1.000e-04 1.008 1.672 1.158 1.005 0.994 1.017 1.033
0.0001 -2.19174 9.30103 1.3680034876 2.5267927647    1.367  1.506  3.8018  3.227    2  0.000  0.535     0.00     0.00     0.00     0.00     0.00 -1 -3.96e-12      0.00 7.839e-01 2.160e-01 1.586e-05 4.344e-06 3.954e-05 -1.000 9.999e-05 1.006 1.735 1.207 0.995 0.954 0.962 0.974
0.0001 -2.19174 9.30103 1.3685162067 2.5268449783    1.368  1.504  3.7859  3.165    2  0.000  0.535     0.00     0.00     0.00     0.00     0.00 -1 -4.23e-12      0.00 7.839e-01 2.160e-01 1.587e-05 4.345e-06 3.955e-05 -1.000 9.963e-05 1.009 1.809 1.260 0.993 0.926 0.919 0.925
0.0001 -2.19174 9.30103 1.3691216707 2.5269064903    1.369  1.498  3.7715  3.115    2  0.000  0.535     0.00     0.00     0.00     0.00     0.00 -1 -4.42e-12      0.00 7.797e-01 2.202e-01 1.610e-05 4.406e-06 4.009e-05 -1.000 7.853e-05 1.026 1.900 1.323 1.006 0.915 0.894 0.895
0.0001 -2.19174 9.30103 1.3697820902 2.5269734859    1.369  1.487  3.7591  3.076    2  0.000  0.537     0.00     0.00     0.00     0.00     0.00 -1  -4.5e-12      0.00 7.660e-01 2.339e-01 1.687e-05 4.611e-06 4.192e-05 -1.000 1.000e-04 1.053 1.998 1.391 1.032 0.920 0.887 0.882
0.0001 -2.19174 9.30103 1.3703391552 2.5270299911    1.370  1.489  3.7525  3.047    3  0.000  0.537     0.00     0.00     0.00     0.00     0.00 -1 -4.66e-12      0.00 7.608e-01 2.392e-01 1.716e-05 4.689e-06 4.262e-05 -1.000 8.529e-05 1.047 2.035 1.408 1.025 0.902 0.862 0.855
0.0001 -2.19174 9.30103 1.3713120222 2.5271286964    1.371  1.513  3.7446  2.992    3  0.000  0.537     0.00     0.00     0.00     0.00     0.00 -1  -5.2e-12      0.00 7.560e-01 2.439e-01 1.741e-05 4.757e-06 4.321e-05 -1.000 5.361e-05 0.988 2.031 1.377 0.966 0.829 0.780 0.770
0.0001 -2.19174 9.30103 1.3721443415 2.5272128582    1.372  1.549  3.7406  2.940    3  0.000  0.534     0.00     0.00     0.00     0.00     0.00 -1 -5.97e-12      0.00 7.536e-01 2.463e-01 1.739e-05 4.815e-06 4.340e-05 -1.000 9.057e-05 0.897 1.968 1.301 0.875 0.731 0.678 0.666
0.0001 -2.19174 9.30103 1.3730580807 2.5273051262    1.372  1.596  3.7374  2.881    3  0.000  0.513     0.00     0.00     0.00     0.00     0.00 -1 -7.08e-12      0.00 7.509e-01 2.490e-01 1.674e-05 5.438e-06 4.352e-05 -1.000 1.001e-04 0.780 1.875 1.195 0.758 0.610 0.553 0.540
0.0001 -2.19174 9.30103 1.3739278316 2.5273928642    1.373  1.644  3.7349  2.824    3  0.000  0.470     0.00     0.00     0.00     0.00     0.00 -1 -8.43e-12      0.00 7.478e-01 2.521e-01 1.535e-05 6.999e-06 4.359e-05 -1.000 1.000e-04 0.660 1.774 1.083 0.639 0.486 0.427 0.412
0.0001 -2.19174 9.30103 1.3746495247 2.5274655819    1.374  1.685  3.7331  2.775    3  0.000  0.433     0.00     0.00     0.00     0.00     0.00 -1 -9.78e-12      0.00 7.449e-01 2.550e-01 1.416e-05 8.461e-06 4.364e-05 -1.000 1.000e-04 0.557 1.683 0.986 0.536 0.380 0.319 0.304
0.0001 -2.19174 9.30103 1.3754899502 2.5275502205    1.375  1.735  3.7311  2.718    3  0.000  0.403     0.00     0.00     0.00     0.00     0.00 -1 -1.17e-11      0.00 7.416e-01 2.583e-01 1.321e-05 9.659e-06 4.367e-05 -1.000 9.999e-05 0.433 1.573 0.868 0.412 0.254 0.190 0.173
0.0001 -2.19174 9.30103 1.3763149977 2.5276331902    1.376  1.786  3.7292  2.659    3  0.000  0.384     0.00     0.00     0.00     0.00     0.00 -1  -1.4e-11      0.00 7.385e-01 2.614e-01 1.259e-05 1.045e-05 4.370e-05 -1.000 9.999e-05 0.306 1.461 0.748 0.286 0.124 0.058 0.041
0.0001 -2.19174 9.30103 1.3771010637 2.5277121067    1.376  1.836  3.7273  2.602    3  0.000  0.372     0.00     0.00     0.00     0.00     0.00 -1 -1.68e-11      0.00 7.359e-01 2.640e-01 1.220e-05 1.094e-05 4.371e-05 -1.000 9.993e-05 0.180 1.350 0.630 0.161 -0.003 -0.072 -0.090
0.0001 -2.19174 9.30103 1.3777337074 2.5277755260    1.377  1.878  3.7257  2.554    3  0.000  0.365     0.00     0.00     0.00     0.00     0.00 -1 -1.95e-11      0.00 7.342e-01 2.657e-01 1.198e-05 1.122e-05 4.370e-05 -1.000 1.000e-04 0.075 1.258 0.531 0.057 -0.110 -0.180 -0.199
0.0001 -2.19174 9.30103 1.3784598112 2.5278480053    1.378  1.928  3.7238  2.496    3  0.000  0.360     0.00     0.00     0.00     0.00     0.00 -1 -2.33e-11      0.00 7.327e-01 2.672e-01 1.180e-05 1.144e-05 4.370e-05 -1.000 9.990e-05 -0.051 1.147 0.412 -0.068 -0.238 -0.310 -0.330
0.0001 -2.19174 9.30103 1.3791574240 2.5279178619    1.378  1.979  3.7219  2.438    3  0.000  0.357     0.00     0.00     0.00     0.00     0.00 -1  -2.8e-11      0.00 7.317e-01 2.682e-01 1.170e-05 1.157e-05 4.369e-05 -1.000 9.996e-05 -0.178 1.037 0.292 -0.195 -0.368 -0.442 -0.463
0.0001 -2.19174 9.30103 1.3798005581 2.5279819965    1.379  2.029  3.7200  2.381    3  0.000  0.355     0.00     0.00     0.00     0.00     0.00 -1 -3.34e-11      0.00 7.311e-01 2.688e-01 1.164e-05 1.165e-05 4.369e-05 -1.000 1.000e-04 -0.302 0.930 0.175 -0.319 -0.495 -0.571 -0.593
0.0001 -2.19174 9.30103 1.3803100586 2.5280330181    1.379  2.070  3.7184  2.333    3  0.000  0.354     0.00     0.00     0.00     0.00     0.00 -1 -3.88e-11      0.00 7.307e-01 2.692e-01 1.160e-05 1.169e-05 4.368e-05 -1.000 9.996e-05 -0.406 0.843 0.078 -0.422 -0.601 -0.679 -0.702
0.0001 -2.19174 9.30103 1.3808687925 2.5280885696    1.380  2.119  3.7165  2.277    3  0.000  0.354     0.00     0.00     0.00     0.00     0.00 -1 -4.62e-11      0.00 7.306e-01 2.693e-01 1.159e-05 1.171e-05 4.368e-05 -1.000 9.999e-05 -0.527 0.742 -0.035 -0.542 -0.724 -0.804 -0.828
0.0001 -2.19174 9.30103 1.3813098669 2.5281326771    1.380  2.160  3.7148  2.230    3  0.000  0.353     0.00     0.00     0.00     0.00     0.00 -1 -5.35e-11      0.00 7.306e-01 2.693e-01 1.158e-05 1.172e-05 4.368e-05 -1.000 1.000e-04 -0.629 0.657 -0.130 -0.643 -0.828 -0.911 -0.935
0.0001 -2.19174 9.30103 1.3818398714 2.5281853676    1.380  2.212  3.7127  2.168    3  0.000  0.353     0.00     0.00     0.00     0.00     0.00 -1 -6.48e-11      0.00 7.306e-01 2.693e-01 1.158e-05 1.172e-05 4.368e-05 -1.000 9.996e-05 -0.761 0.547 -0.253 -0.774 -0.963 -1.048 -1.074
0.0001 -2.19174 9.30103 1.3823227882 2.5282332897    1.381  2.264  3.7106  2.109    3  0.000  0.353     0.00     0.00     0.00     0.00     0.00 -1  -7.8e-11      0.00 7.305e-01 2.694e-01 1.157e-05 1.172e-05 4.368e-05 -1.000 1.000e-04 -0.889 0.441 -0.371 -0.901 -1.093 -1.181 -1.208
0.0001 -2.19174 9.30103 1.3827255964 2.5282733440    1.381  2.310  3.7088  2.056    3  0.000  0.353     0.00     0.00     0.00     0.00     0.00 -1 -9.21e-11      0.00 7.305e-01 2.694e-01 1.157e-05 1.173e-05 4.368e-05 -1.000 1.000e-04 -1.004 0.348 -0.477 -1.015 -1.210 -1.300 -1.328
0.0001 -2.19174 9.30103 1.3830664158 2.5283071995    1.381  2.351  3.7071  2.008    3  0.000  0.353     0.00     0.00     0.00     0.00     0.00 -1 -1.07e-10      0.00 7.305e-01 2.694e-01 1.157e-05 1.173e-05 4.368e-05 -1.000 1.000e-04 -1.107 0.264 -0.572 -1.116 -1.315 -1.406 -1.435
0.0001 -2.19174 9.30103 1.3834702969 2.5283472538    1.381  2.400  3.7050  1.950    3  0.000  0.353     0.00     0.00     0.00     0.00     0.00 -1 -1.28e-10      0.00 7.305e-01 2.694e-01 1.157e-05 1.173e-05 4.368e-05 -1.000 9.990e-05 -1.231 0.167 -0.685 -1.239 -1.441 -1.536 -1.566
0.0001 -2.19174 9.30103 1.3839191198 2.5283918381    1.381  2.449  3.7030  1.893    3  0.000  0.353     0.00     0.00     0.00     0.00     0.00 -1 -1.53e-10      0.00 7.305e-01 2.694e-01 1.157e-05 1.174e-05 4.368e-05 -1.000 9.996e-05 -1.353 0.071 -0.797 -1.360 -1.566 -1.663 -1.694
0.0001 -2.19174 9.30103 1.3840624094 2.5284061432    1.381  2.460  3.7026  1.881    3  0.000  0.353     0.00     0.00     0.00     0.00     0.00 -1  -1.6e-10      0.00 7.305e-01 2.694e-01 1.156e-05 1.174e-05 4.368e-05 -1.000 1.000e-04 -1.380 0.049 -0.822 -1.387 -1.594 -1.691 -1.722
0.0001 -2.19174 9.30103 1.3842970133 2.5284292698    1.382  2.427  3.7040  1.920    3  0.000  0.353     0.00     0.00     0.00     0.00     0.00 -1 -1.43e-10      0.00 7.305e-01 2.694e-01 1.156e-05 1.174e-05 4.368e-05 -1.000 1.000e-04 -1.297 0.113 -0.747 -1.305 -1.509 -1.604 -1.635
0.0001 -2.19174 9.30103 1.3844342232 2.5284428596    1.382  2.388  3.7060  1.967    3  0.000  0.353     0.00     0.00     0.00     0.00     0.00 -1 -1.24e-10      0.00 7.305e-01 2.694e-01 1.156e-05 1.174e-05 4.368e-05 -1.000 9.996e-05 -1.199 0.187 -0.659 -1.208 -1.408 -1.502 -1.531
0.0001 -2.19174 9.30103 1.3844451904 2.5284440517    1.382  2.385  3.7061  1.970    3  0.000  0.353     0.00     0.00     0.00     0.00     0.00 -1 -1.22e-10      0.00 7.305e-01 2.694e-01 1.156e-05 1.174e-05 4.368e-05 -1.000 9.999e-05 -1.192 0.192 -0.652 -1.201 -1.401 -1.494 -1.523
0.0001 -2.19174 9.30103 1.3845218420 2.5284516811    1.382  2.398  3.7055  1.955    3  0.000  0.353     0.00     0.00     0.00     0.00     0.00 -1 -1.28e-10      0.00 7.305e-01 2.694e-01 1.156e-05 1.174e-05 4.368e-05 -1.000 9.999e-05 -1.224 0.167 -0.682 -1.233 -1.434 -1.528 -1.558
0.0001 -2.19174 9.30103 1.3847969770 2.5284788609    1.382  2.444  3.7035  1.900    3  0.000  0.353     0.00     0.00     0.00     0.00     0.00 -1  -1.5e-10      0.00 7.305e-01 2.694e-01 1.156e-05 1.174e-05 4.368e-05 -1.000 1.001e-04 -1.340 0.077 -0.787 -1.348 -1.552 -1.649 -1.679
0.0001 -2.19174 9.30103 1.3850698471 2.5285058022    1.382  2.489  3.7016  1.847    3  0.000  0.353     0.00     0.00     0.00     0.00     0.00 -1 -1.77e-10      0.00 7.305e-01 2.694e-01 1.156e-05 1.175e-05 4.368e-05 -1.000 1.001e-04 -1.454 -0.013 -0.891 -1.460 -1.669 -1.767 -1.799
0.0001 -2.19174 9.30103 1.3853206635 2.5285305977    1.382  2.533  3.6997  1.796    3  0.000  0.353     4.50     3.60     2.64     1.99     1.61  4 -2.07e-10      0.00 7.305e-01 2.694e-01 1.156e-05 1.175e-05 4.368e-05 -1.000 1.000e-04 -1.564 -0.097 -0.991 -1.569 -1.781 -1.882 -1.914
0.0001 -2.19174 9.30103 1.3855563402 2.5285539627    1.382  2.577  3.6978  1.744    3  0.000  0.353     4.99     3.95     2.88     2.17     1.76  4 -2.43e-10      0.00 7.305e-01 2.694e-01 1.156e-05 1.175e-05 4.368e-05 -1.000 9.999e-05 -1.673 -0.180 -1.089 -1.676 -1.892 -1.995 -2.028
0.0001 -2.19174 9.30103 1.3857728243 2.5285754204    1.382  2.620  3.6959  1.695    3  0.000  0.353     5.53     4.32     3.14     2.37     1.92  4 -2.84e-10      0.00 7.305e-01 2.694e-01 1.155e-05 1.175e-05 4.368e-05 -1.000 1.001e-04 -1.779 -0.260 -1.185 -1.781 -2.000 -2.105 -2.140
0.0001 -2.19174 9.30103 1.3859755993 2.5285954475    1.382  2.662  3.6940  1.644    3  0.000  0.353     6.12     4.73     3.42     2.59     2.10  4 -3.32e-10      0.00 7.305e-01 2.694e-01 1.155e-05 1.175e-05 4.368e-05 -1.000 9.993e-05 -1.885 -0.339 -1.280 -1.885 -2.107 -2.215 -2.251
0.0001 -2.19174 9.30103 1.3861644268 2.5286140442    1.382  2.704  3.6922  1.595    3  0.000  0.353     6.77     5.17     3.73     2.82     2.29  4 -3.87e-10      0.00 7.305e-01 2.694e-01 1.155e-05 1.175e-05 4.368e-05 -1.000 1.000e-04 -1.990 -0.418 -1.374 -1.988 -2.214 -2.325 -2.361
0.0001 -2.19174 9.30103 1.3863371611 2.5286312103    1.381  2.745  3.6903  1.546    3  0.000  0.353     7.49     5.65     4.06     3.08     2.50  4 -4.51e-10      0.00 7.305e-01 2.694e-01 1.155e-05 1.175e-05 4.368e-05 -1.000 9.999e-05 -2.093 -0.493 -1.466 -2.089 -2.319 -2.432 -2.469
0.0001 -2.19174 9.30103 1.3864980936 2.5286469460    1.381  2.786  3.6884  1.498    3  0.000  0.353     8.26     6.17     4.41     3.35     2.72  4 -5.24e-10      0.00 7.305e-01 2.694e-01 1.155e-05 1.176e-05 4.368e-05 -1.000 9.993e-05 -2.196 -0.566 -1.555 -2.188 -2.422 -2.537 -2.576
0.0001 -2.19174 9.30103 1.3866451979 2.5286614895    1.381  2.826  3.6866  1.451    3  0.000  0.353     9.09     6.72     4.78     3.63     2.95  4 -6.07e-10      0.00 7.305e-01 2.694e-01 1.155e-05 1.176e-05 4.368e-05 -1.000 9.996e-05 -2.295 -0.634 -1.642 -2.285 -2.523 -2.640 -2.680
0.0001 -2.19174 9.30103 1.3867816925 2.5286750793    1.381  2.865  3.6847  1.404    3  0.000  0.352    10.00     7.31     5.19     3.94     3.21  4 -7.01e-10      0.00 7.305e-01 2.694e-01 1.155e-05 1.176e-05 4.368e-05 -1.000 9.990e-05 -2.392 -0.690 -1.725 -2.381 -2.623 -2.743 -2.784
0.0001 -2.19174 9.30103 1.3869084120 2.5286874771    1.380  2.904  3.6829  1.358    3  0.000  0.352    10.98     7.94     5.61     4.27     3.47  4 -8.08e-10      0.00 7.305e-01 2.694e-01 1.155e-05 1.176e-05 4.368e-05 -1.000 9.999e-05 -2.489 -0.736 -1.806 -2.477 -2.723 -2.845 -2.887
0.0001 -2.19174 9.30103 1.3870263100 2.5286991596    1.380  2.942  3.6812  1.313    3  0.000  0.352    12.04     8.61     6.07     4.63     3.76  4 -9.31e-10      0.00 7.305e-01 2.694e-01 1.155e-05 1.176e-05 4.368e-05 -1.000 1.000e-04 -2.584 -0.778 -1.884 -2.571 -2.821 -2.946 -2.989
0.0001 -2.19174 9.30103 1.3871343136 2.5287096500    1.380  2.979  3.6793  1.268    3  0.000  0.352    13.20     9.34     6.56     5.00     4.07  3 -1.07e-09      0.00 7.305e-01 2.694e-01 1.155e-05 1.176e-05 4.368e-05 -1.000 9.996e-05 -2.677 -0.811 -1.958 -2.663 -2.918 -3.045 -3.089
0.0001 -2.19174 9.30103 1.3872344494 2.5287196636    1.379  3.015  3.6776  1.225    3  0.000  0.352    14.42    10.10     7.06     5.40     4.39  3 -1.22e-09      0.00 7.305e-01 2.694e-01 1.155e-05 1.176e-05 4.368e-05 -1.000 9.999e-05 -2.768 -0.841 -2.029 -2.752 -3.012 -3.141 -3.186
0.0001 -2.19174 9.30103 1.3873279095 2.5287289619    1.379  3.051  3.6759  1.182    3  0.000  0.352    15.73    10.91     7.60     5.82     4.73  3  -1.4e-09      0.00 7.305e-01 2.694e-01 1.155e-05 1.176e-05 4.368e-05 -1.000 9.996e-05 -2.857 -0.865 -2.097 -2.839 -3.103 -3.236 -3.281
0.0001 -2.19174 9.30103 1.3874148130 2.5287373066    1.378  3.085  3.6740  1.140    3  0.000  0.352    17.13    11.77     8.17     6.26     5.10  3 -1.59e-09      0.00 7.305e-01 2.694e-01 1.154e-05 1.176e-05 4.368e-05 -1.000 9.993e-05 -2.943 -0.881 -2.160 -2.924 -3.193 -3.328 -3.374
0.0001 -2.19174 9.30103 1.3874981403 2.5287456512    1.378  3.119  3.6724  1.099    3  0.000  0.352    18.62    12.67     8.77     6.73     5.48  3 -1.81e-09      0.00 7.305e-01 2.694e-01 1.154e-05 1.176e-05 4.368e-05 -1.000 9.996e-05 -3.029 -0.897 -2.222 -3.007 -3.281 -3.418 -3.466
0.0001 -2.19174 9.30103 1.3875614405 2.5287518501    1.377  3.144  3.6712  1.070    3  0.000  0.352    19.76    13.36     9.23     7.08     5.76  3 -1.99e-09      0.00 7.305e-01 2.694e-01 1.154e-05 1.176e-05 4.368e-05 -1.000 1.000e-04 -3.090 -0.909 -2.267 -3.066 -3.345 -3.484 -3.532
0.0001 -2.19174 9.30103 1.3875614405 2.5287518501    1.377  1.996  3.8207  2.815    4  0.000  0.354     0.00     0.00     0.00     0.00     0.00 -1    -1e-30      0.00 7.306e-01 2.693e-01 1.161e-05 1.168e-05 4.368e-05 -1.000 9.996e-05 -0.221 0.403 -0.115 -0.243 -0.241 -0.223 -0.206
0.0001 -2.19174 9.30103 1.3877080679 2.5287663937    1.377  2.002  3.8108  2.770    4  0.000  0.354     0.00     0.00     0.00     0.00     0.00 -1    -1e-30      0.00 7.306e-01 2.693e-01 1.161e-05 1.168e-05 4.368e-05 -1.000 9.996e-05 -0.235 0.427 -0.100 -0.261 -0.278 -0.266 -0.252
0.0001 -2.19174 9.30103 1.3882255554 2.5288171768    1.378  2.007  3.8009  2.726    4  0.000  0.354     0.00     0.00     0.00     0.00     0.00 -1    -1e-30      0.00 7.306e-01 2.693e-01 1.160e-05 1.169e-05 4.368e-05 -1.000 1.000e-04 -0.248 0.459 -0.079 -0.277 -0.311 -0.307 -0.296
0.0001 -2.19174 9.30103 1.3887645006 2.5288703442    1.379  2.012  3.7945  2.695    4  0.000  0.354     0.00     0.00     0.00     0.00     0.00 -1    -1e-30      0.00 7.306e-01 2.693e-01 1.160e-05 1.169e-05 4.368e-05 -1.000 9.999e-05 -0.260 0.477 -0.069 -0.290 -0.336 -0.337 -0.329
0.0001 -2.19174 9.30103 1.3893040419 2.5289232731    1.379  2.017  3.7923  2.682    4  0.000  0.354     0.00     0.00     0.00     0.00     0.00 -1    -1e-30      0.00 7.306e-01 2.693e-01 1.159e-05 1.170e-05 4.368e-05 -1.000 1.000e-04 -0.272 0.475 -0.074 -0.302 -0.352 -0.355 -0.347
0.0001 -2.19174 9.30103 1.3898470402 2.5289766788    1.380  2.021  3.7937  2.683    4  0.000  0.354     0.00     0.00     0.00     0.00     0.00 -1    -1e-30      0.00 7.306e-01 2.693e-01 1.159e-05 1.170e-05 4.368e-05 -1.000 1.000e-04 -0.283 0.457 -0.091 -0.314 -0.361 -0.363 -0.354
0.0001 -2.19174 9.30103 1.3903896809 2.5290298462    1.380  2.026  3.7975  2.694    4  0.000  0.354     0.00     0.00     0.00     0.00     0.00 -1    -1e-30      0.00 7.306e-01 2.693e-01 1.159e-05 1.171e-05 4.368e-05 -1.000 1.000e-04 -0.294 0.428 -0.115 -0.324 -0.365 -0.364 -0.354
0.0001 -2.19174 9.30103 1.3909267187 2.5290825367    1.381  2.030  3.8021  2.709    4  0.000  0.354     0.00     0.00     0.00     0.00     0.00 -1    -1e-30      0.00 7.306e-01 2.693e-01 1.158e-05 1.171e-05 4.368e-05 -1.000 9.996e-05 -0.305 0.395 -0.142 -0.334 -0.366 -0.361 -0.350
0.0001 -2.19174 9.30103 1.3914757967 2.5291364193    1.381  2.034  3.8071  2.725    4  0.000  0.353     0.00     0.00     0.00     0.00     0.00 -1    -1e-30      0.00 7.306e-01 2.693e-01 1.158e-05 1.172e-05 4.368e-05 -1.000 9.999e-05 -0.315 0.362 -0.170 -0.344 -0.366 -0.358 -0.345
0.0001 -2.19174 9.30103 1.3919968605 2.5291874409    1.382  2.038  3.8118  2.740    4  0.000  0.353     0.00     0.00     0.00     0.00     0.00 -1    -1e-30      0.00 7.306e-01 2.693e-01 1.158e-05 1.172e-05 4.368e-05 -1.000 9.996e-05 -0.325 0.331 -0.195 -0.352 -0.366 -0.354 -0.340
0.0001 -2.19174 9.30103 1.3925081491 2.5292372704    1.383  2.042  3.8163  2.754    4  0.000  0.353     0.00     0.00     0.00     0.00     0.00 -1    -1e-30      0.00 7.305e-01 2.694e-01 1.157e-05 1.172e-05 4.368e-05 -1.000 1.000e-04 -0.334 0.304 -0.219 -0.360 -0.365 -0.351 -0.335
0.0001 -2.19174 9.30103 1.3930230141 2.5292875767    1.383  2.045  3.8205  2.768    4  0.000  0.353     0.00     0.00     0.00     0.00     0.00 -1    -1e-30      0.00 7.305e-01 2.694e-01 1.157e-05 1.173e-05 4.368e-05 -1.000 9.999e-05 -0.344 0.278 -0.241 -0.367 -0.365 -0.347 -0.330
0.0001 -2.19174 9.30103 1.3935918808 2.5293431282    1.384  2.050  3.8248  2.781    4  0.000  0.353     0.00     0.00     0.00     0.00     0.00 -1    -1e-30      0.00 7.305e-01 2.694e-01 1.157e-05 1.173e-05 4.368e-05 -1.000 9.999e-05 -0.354 0.251 -0.264 -0.375 -0.366 -0.345 -0.327
0.0001 -2.19174 9.30103 1.3941459656 2.5293972492    1.384  2.054  3.8289  2.793    4  0.000  0.353     0.00     0.00     0.00     0.00     0.00 -1    -1e-30      0.00 7.305e-01 2.694e-01 1.156e-05 1.174e-05 4.368e-05 -1.000 1.001e-04 -0.364 0.226 -0.287 -0.383 -0.366 -0.343 -0.323
0.0001 -2.19174 9.30103 1.3946921825 2.5294504166    1.385  2.057  3.8328  2.805    4  0.000  0.353     0.00     0.00     0.00     0.00     0.00 -1    -1e-30      0.00 7.305e-01 2.694e-01 1.156e-05 1.174e-05 4.368e-05 -1.000 9.999e-05 -0.373 0.202 -0.307 -0.391 -0.366 -0.341 -0.320
0.0001 -2.19174 9.30103 1.3952255249 2.5295023918    1.385  2.061  3.8364  2.816    4  0.000  0.353     0.00     0.00     0.00     0.00     0.00 -1    -1e-30      0.00 7.305e-01 2.694e-01 1.156e-05 1.175e-05 4.368e-05 -1.000 1.000e-04 -0.382 0.181 -0.327 -0.397 -0.366 -0.339 -0.317
0.0001 -2.19174 9.30103 1.3957414627 2.5295524597    1.386  2.065  3.8396  2.826    4  0.000  0.353     0.00     0.00     0.00     0.00     0.00 -1    -1e-30      0.00 7.305e-01 2.694e-01 1.155e-05 1.175e-05 4.368e-05 -1.000 1.000e-04 -0.391 0.161 -0.345 -0.404 -0.367 -0.338 -0.316
0.0001 -2.19174 9.30103 1.3959814310 2.5295758247    1.386  2.066  3.8410  2.830    4  0.000  0.353     0.00     0.00     0.00     0.00     0.00 -1    -1e-30      0.00 7.305e-01 2.694e-01 1.155e-05 1.175e-05 4.368e-05 -1.000 9.996e-05 -0.395 0.152 -0.353 -0.407 -0.367 -0.338 -0.315
0.0001 -2.19174 9.30103 1.3961696625 2.5295941830    1.386  2.067  3.8420  2.833    4  0.000  0.353     0.00     0.00     0.00     0.00     0.00 -1    -1e-30      0.00 7.305e-01 2.694e-01 1.155e-05 1.175e-05 4.368e-05 -1.000 9.999e-05 -0.399 0.146 -0.359 -0.410 -0.367 -0.338 -0.315
0.0001 -2.19174 9.30103 1.3967416286 2.5296497345    1.387  2.071  3.8451  2.841    4  0.000  0.352     0.00     0.00     0.00     0.00     0.00 -1    -1e-30      0.00 7.305e-01 2.694e-01 1.155e-05 1.176e-05 4.368e-05 -1.000 1.000e-04 -0.408 0.126 -0.377 -0.417 -0.369 -0.338 -0.314
0.0001 -2.19174 9.30103 1.3972839117 2.5297024250    1.388  2.075  3.8478  2.848    4  0.000  0.352     0.00     0.00     0.00     0.00     0.00 -1    -1e-30      0.00 7.305e-01 2.694e-01 1.154e-05 1.176e-05 4.368e-05 -1.000 9.993e-05 -0.417 0.108 -0.393 -0.424 -0.371 -0.339 -0.314
0.0001 -2.19174 9.30103 1.3978608847 2.5297582150    1.388  2.079  3.8502  2.855    4  0.000  0.352     0.00     0.00     0.00     0.00     0.00 -1    -1e-30      0.00 7.305e-01 2.694e-01 1.154e-05 1.177e-05 4.368e-05 -1.000 9.999e-05 -0.427 0.090 -0.410 -0.432 -0.374 -0.341 -0.315
0.0001 -2.19174 9.30103 1.3984252214 2.5298128128    1.389  2.083  3.8521  2.859    4  0.000  0.352     0.00     0.00     0.00     0.00     0.00 -1    -1e-30      0.00 7.305e-01 2.694e-01 1.154e-05 1.177e-05 4.368e-05 -1.000 1.000e-04 -0.436 0.075 -0.424 -0.439 -0.378 -0.344 -0.318
0.0001 -2.19174 9.30103 1.3990187645 2.5298702717    1.389  2.087  3.8537  2.861    4  0.000  0.352     0.00     0.00     0.00     0.00     0.00 -1    -1e-30      0.00 7.304e-01 2.695e-01 1.153e-05 1.178e-05 4.368e-05 -1.000 9.996e-05 -0.446 0.060 -0.438 -0.448 -0.383 -0.349 -0.323
0.0001 -2.19174 9.30103 1.3996108770 2.5299274921    1.390  2.091  3.8546  2.861    4  0.000  0.352     0.00     0.00     0.00     0.00     0.00 -1    -1e-30      0.00 7.304e-01 2.695e-01 1.153e-05 1.178e-05 4.368e-05 -1.000 1.001e-04 -0.456 0.046 -0.451 -0.457 -0.390 -0.356 -0.330
0.0001 -2.19174 9.30103 1.3999224901 2.5299577713    1.390  2.093  3.8549  2.860    4  0.000  0.352     0.00     0.00     0.00     0.00     0.00 -1    -1e-30      0.00 7.304e-01 2.695e-01 1.153e-05 1.178e-05 4.368e-05 -1.000 9.996e-05 -0.462 0.040 -0.458 -0.462 -0.395 -0.360 -0.334
0.0001 -2.19174 9.30103 1.4000226259 2.5299673080    1.390  2.093  3.8549  2.859    4  0.000  0.352     0.00     0.00     0.00     0.00     0.00 -1    -1e-30      0.00 7.304e-01 2.695e-01 1.153e-05 1.179e-05 4.368e-05 -1.000 9.999e-05 -0.464 0.038 -0.459 -0.464 -0.397 -0.363 -0.336
0.0001 -2.19174 9.30103 1.4005576372 2.5300190449    1.391  2.097  3.8545  2.854    4  0.000  0.352     0.00     0.00     0.00     0.00     0.00 -1    -1e-30      0.00 7.304e-01 2.695e-01 1.152e-05 1.179e-05 4.368e-05 -1.000 9.999e-05 -0.473 0.029 -0.468 -0.474 -0.408 -0.373 -0.347
0.0001 -2.19174 9.30103 1.4010987282 2.5300710201    1.392  2.101  3.8535  2.846    4  0.000  0.352     0.00     0.00     0.00     0.00     0.00 -1    -1e-30      0.00 7.304e-01 2.695e-01 1.152e-05 1.179e-05 4.368e-05 -1.000 9.999e-05 -0.483 0.022 -0.476 -0.485 -0.420 -0.387 -0.361
0.0001 -2.19174 9.30103 1.4016261101 2.5301220417    1.392  2.105  3.8516  2.835    4  0.000  0.352     0.00     0.00     0.00     0.00     0.00 -1    -1e-30      0.00 7.304e-01 2.695e-01 1.152e-05 1.180e-05 4.368e-05 -1.000 1.000e-04 -0.493 0.017 -0.482 -0.498 -0.436 -0.404 -0.378
0.0001 -2.19174 9.30103 1.4021648169 2.5301737785    1.393  2.110  3.8486  2.818    4  0.000  0.351     0.00     0.00     0.00     0.00     0.00 -1    -1e-30      0.00 7.304e-01 2.695e-01 1.151e-05 1.180e-05 4.368e-05 -1.000 9.999e-05 -0.505 0.015 -0.486 -0.512 -0.456 -0.424 -0.399
0.0001 -2.19174 9.30103 1.4026889801 2.5302240849    1.393  2.114  3.8446  2.798    4  0.000  0.351     0.00     0.00     0.00     0.00     0.00 -1    -1e-30      0.00 7.304e-01 2.695e-01 1.151e-05 1.181e-05 4.368e-05 -1.000 9.996e-05 -0.516 0.015 -0.487 -0.527 -0.478 -0.449 -0.425
0.0001 -2.19174 9.30103 1.4032149315 2.5302746296    1.394  2.119  3.8397  2.774    4  0.000  0.351     0.00     0.00     0.00     0.00     0.00 -1    -1e-30      0.00 7.304e-01 2.695e-01 1.151e-05 1.181e-05 4.368e-05 -1.000 9.996e-05 -0.529 0.018 -0.487 -0.543 -0.504 -0.477 -0.454
0.0001 -2.19174 9.30103 1.4037482738 2.5303258896    1.394  2.124  3.8344  2.748    4  0.000  0.351     0.00     0.00     0.00     0.00     0.00 -1    -1e-30      0.00 7.304e-01 2.695e-01 1.150e-05 1.182e-05 4.368e-05 -1.000 9.999e-05 -0.541 0.023 -0.485 -0.560 -0.530 -0.506 -0.484
0.0001 -2.19174 9.30103 1.4042770863 2.5303766727    1.395  2.130  3.8264  2.710    4  0.000  0.351     0.00     0.00     0.00     0.00     0.00 -1    -1e-30      0.00 7.304e-01 2.695e-01 1.150e-05 1.182e-05 4.368e-05 -1.000 9.996e-05 -0.555 0.038 -0.477 -0.579 -0.564 -0.544 -0.525
0.0001 -2.19174 9.30103 1.4046895504 2.5304162502    1.395  2.135  3.8162  2.664    4  0.000  0.351     0.00     0.00     0.00     0.00     0.00 -1    -1e-30      0.00 7.304e-01 2.695e-01 1.150e-05 1.182e-05 4.368e-05 -1.000 9.999e-05 -0.569 0.063 -0.460 -0.597 -0.602 -0.588 -0.572
0.0001 -2.19174 9.30103 1.4050405025 2.5304498672    1.396  2.141  3.8057  2.617    4  0.000  0.351     0.00     0.00     0.00     0.00     0.00 -1    -1e-30      0.00 7.304e-01 2.695e-01 1.150e-05 1.183e-05 4.368e-05 -1.000 9.999e-05 -0.582 0.095 -0.439 -0.614 -0.638 -0.631 -0.619
0.0001 -2.19174 9.30103 1.4052914381 2.5304737091    1.396  2.145  3.7945  2.568    4  0.000  0.351     0.00     0.00     0.00     0.00     0.00 -1    -1e-30      0.00 7.304e-01 2.695e-01 1.149e-05 1.183e-05 4.368e-05 -1.000 1.000e-04 -0.593 0.138 -0.410 -0.627 -0.671 -0.673 -0.665
0.0001 -2.19174 9.30103 1.4054361582 2.5304877758    1.396  2.148  3.7848  2.526    4  0.000  0.351     0.00     0.00     0.00     0.00     0.00 -1    -1e-30      0.00 7.304e-01 2.695e-01 1.149e-05 1.183e-05 4.368e-05 -1.000 9.996e-05 -0.600 0.179 -0.383 -0.635 -0.697 -0.707 -0.702
0.0001 -2.19174 9.30103 1.4055480957 2.5304982662    1.396  2.152  3.7746  2.481    4  0.000  0.351     0.00     0.00     0.00     0.00     0.00 -1    -1e-30      0.00 7.304e-01 2.695e-01 1.149e-05 1.183e-05 4.368e-05 -1.000 1.000e-04 -0.610 0.227 -0.355 -0.644 -0.724 -0.744 -0.742
0.0001 -2.19174 9.30103 1.4056748152 2.5305104256    1.396  2.158  3.7642  2.434    4  0.000  0.351     0.00     0.00     0.00     0.00     0.00 -1    -1e-30      0.00 7.304e-01 2.695e-01 1.149e-05 1.183e-05 4.368e-05 -1.000 1.001e-04 -0.624 0.275 -0.330 -0.657 -0.755 -0.784 -0.787
0.0001 -2.19174 9.30103 1.4058147669 2.5305237770    1.397  2.164  3.7536  2.385    4  0.000  0.351     0.00     0.00     0.00     0.00     0.00 -1    -1e-30      0.00 7.303e-01 2.696e-01 1.149e-05 1.183e-05 4.368e-05 -1.000 1.000e-04 -0.641 0.325 -0.306 -0.671 -0.788 -0.828 -0.835
0.0001 -2.19174 9.30103 1.4059315920 2.5305349827    1.397  2.170  3.7436  2.339    4  0.000  0.351     0.00     0.00     0.00     0.00     0.00 -1    -1e-30      0.00 7.303e-01 2.696e-01 1.149e-05 1.183e-05 4.368e-05 -1.000 1.000e-04 -0.656 0.379 -0.282 -0.683 -0.817 -0.867 -0.879
0.0001 -2.19174 9.30103 1.4060138464 2.5305428505    1.397  2.175  3.7333  2.293    4  0.000  0.351     0.00     0.00     0.00     0.00     0.00 -1    -1e-30      0.00 7.303e-01 2.696e-01 1.149e-05 1.183e-05 4.368e-05 -1.000 9.999e-05 -0.668 0.447 -0.252 -0.692 -0.844 -0.905 -0.921
0.0001 -2.19174 9.30103 1.4060379267 2.5305452347    1.397  2.181  3.7289  2.270    4  0.000  0.351     0.00     0.00     0.00     0.00     0.00 -1    -1e-30      0.00 7.303e-01 2.696e-01 1.149e-05 1.183e-05 4.368e-05 -1.000 1.000e-04 -0.682 0.471 -0.247 -0.704 -0.863 -0.930 -0.948
0.0001 -2.19174 9.30103 1.4060380459 2.5305452347    1.397  2.181  3.7289  2.270    7  0.000  0.351     0.00     0.00     0.00     0.00     0.00 -1    -1e-30      0.00 7.303e-01 2.696e-01 1.149e-05 1.183e-05 4.368e-05 -1.000 9.999e-05 -0.682 0.471 -0.247 -0.704 -0.864 -0.930 -0.948
0.0001 -2.19174 9.30103 1.4060487747 2.5305461884    1.397  2.203  3.7256  2.234    7  0.000  0.351     0.00     0.00     0.00     0.00     0.00 -1    -1e-30      0.00 7.303e-01 2.696e-01 1.149e-05 1.183e-05 4.368e-05 -1.000 9.996e-05 -0.739 0.444 -0.290 -0.759 -0.925 -0.995 -1.014
0.0001 -2.19174 9.30103 1.4060599804 2.5305473804    1.397  2.245  3.7219  2.178    7  0.000  0.351     0.00     0.00     0.00     0.00     0.00 -1    -1e-30      0.00 7.303e-01 2.696e-01 1.149e-05 1.183e-05 4.368e-05 -1.000 9.999e-05 -0.842 0.374 -0.378 -0.861 -1.033 -1.107 -1.129
0.0001 -2.19174 9.30103 1.4060747623 2.5305488110    1.397  2.287  3.7190  2.124    7  0.000  0.351     0.00     0.00     0.00     0.00     0.00 -1    -1e-30      0.00 7.303e-01 2.696e-01 1.149e-05 1.183e-05 4.368e-05 -1.000 9.999e-05 -0.947 0.297 -0.471 -0.965 -1.142 -1.219 -1.242
0.0001 -2.19174 9.30103 1.4061300755 2.5305540562    1.397  2.286  3.7192  2.126    7  0.000  0.351     0.00     0.00     0.00     0.00     0.00 -1    -1e-30      0.00 7.303e-01 2.696e-01 1.149e-05 1.183e-05 4.368e-05 -1.000 1.000e-04 -0.945 0.296 -0.470 -0.963 -1.139 -1.216 -1.239
0.0001 -2.19174 9.30103 1.4063972235 2.5305795670    1.397  2.315  3.7170  2.089    7  0.000  0.351     0.00     0.00     0.00     0.00     0.00 -1    -1e-30      0.00 7.303e-01 2.696e-01 1.149e-05 1.184e-05 4.368e-05 -1.000 1.000e-04 -1.017 0.247 -0.532 -1.034 -1.214 -1.294 -1.318
0.0001 -2.19174 9.30103 1.4065771103 2.5305967331    1.397  2.360  3.7140  2.031    7  0.000  0.351     0.00     0.00     0.00     0.00     0.00 -1    -1e-30      0.00 7.303e-01 2.696e-01 1.149e-05 1.184e-05 4.368e-05 -1.000 9.993e-05 -1.131 0.166 -0.631 -1.146 -1.331 -1.415 -1.440
0.0001 -2.19174 9.30103 1.4067065716 2.5306091309    1.398  2.400  3.7116  1.982    7  0.000  0.351     0.00     0.00     0.00     0.00     0.00 -1    -1e-30      0.00 7.303e-01 2.696e-01 1.149e-05 1.184e-05 4.368e-05 -1.000 9.999e-05 -1.230 0.091 -0.720 -1.244 -1.434 -1.520 -1.547
0.0001 -2.19174 9.30103 1.4067847729 2.5306165218    1.398  2.425  3.7102  1.951    7  0.000  0.351     0.00     0.00     0.00     0.00     0.00 -1    -1e-30      0.00 7.303e-01 2.696e-01 1.149e-05 1.184e-05 4.368e-05 -1.000 1.000e-04 -1.292 0.045 -0.775 -1.305 -1.498 -1.586 -1.613
0.0001 -2.19174 9.30103 1.4068764448 2.5306253433    1.398  2.455  3.7086  1.914    7  0.000  0.351     0.00     0.00     0.00     0.00     0.00 -1    -1e-30      0.00 7.303e-01 2.696e-01 1.148e-05 1.184e-05 4.368e-05 -1.000 9.999e-05 -1.368 -0.011 -0.843 -1.381 -1.576 -1.666 -1.694
0.0001 -2.19174 9.30103 1.4069703817 2.5306344032    1.398  2.489  3.7068  1.873    7  0.000  0.351     0.00     0.00     0.00     0.00     0.00 -1    -1e-30      0.00 7.303e-01 2.696e-01 1.148e-05 1.184e-05 4.368e-05 -1.000 1.000e-04 -1.453 -0.073 -0.919 -1.465 -1.663 -1.756 -1.784
0.0001 -2.19174 9.30103 1.4070657492 2.5306434631    1.398  2.527  3.7048  1.828    7  0.000  0.351     4.23     3.40     2.50     1.88     1.53  4    -1e-30      0.00 7.303e-01 2.696e-01 1.148e-05 1.184e-05 4.368e-05 -1.000 1.007e-04 -1.547 -0.142 -1.002 -1.557 -1.759 -1.854 -1.884
0.0001 -2.19174 9.30103 1.4071522951 2.5306515694    1.398  2.564  3.7030  1.784    7  0.000  0.350     4.63     3.69     2.70     2.03     1.65  4    -1e-30      0.00 7.303e-01 2.696e-01 1.147e-05 1.185e-05 4.368e-05 -1.000 1.012e-04 -1.639 -0.211 -1.085 -1.648 -1.854 -1.951 -1.982
0.0001 -2.19174 9.30103 1.4072326422 2.5306591988    1.398  2.602  3.7010  1.737    7  0.000  0.348     5.09     4.01     2.93     2.21     1.79  4    -1e-30      0.00 7.303e-01 2.696e-01 1.140e-05 1.190e-05 4.368e-05 -1.000 1.005e-04 -1.736 -0.282 -1.171 -1.743 -1.952 -2.052 -2.083
0.0001 -2.19174 9.30103 1.4073071480 2.5306663513    1.398  2.642  3.6990  1.689    7  0.000  0.343     5.62     4.38     3.18     2.40     1.95  4    -1e-30      0.00 7.303e-01 2.696e-01 1.124e-05 1.207e-05 4.368e-05 -1.000 9.999e-05 -1.836 -0.356 -1.260 -1.842 -2.055 -2.156 -2.189
0.0001 -2.19174 9.30103 1.4073753357 2.5306730270    1.398  2.683  3.6970  1.641    7  0.000  0.336     6.20     4.78     3.46     2.61     2.12  4    -1e-30      0.00 7.303e-01 2.696e-01 1.101e-05 1.234e-05 4.368e-05 -1.000 9.999e-05 -1.937 -0.430 -1.350 -1.941 -2.158 -2.262 -2.296
0.0001 -2.19174 9.30103 1.4074379206 2.5306789875    1.398  2.724  3.6950  1.592    7  0.000  0.330     6.85     5.22     3.76     2.85     2.31  4    -1e-30      0.00 7.303e-01 2.696e-01 1.081e-05 1.259e-05 4.368e-05 -1.000 1.000e-04 -2.039 -0.503 -1.440 -2.041 -2.262 -2.368 -2.404
0.0001 -2.19174 9.30103 1.4074934721 2.5306842327    1.398  2.763  3.6931  1.545    7  0.000  0.325     7.54     5.68     4.08     3.09     2.51  4    -1e-30      0.00 7.302e-01 2.697e-01 1.064e-05 1.279e-05 4.368e-05 -1.000 1.000e-04 -2.138 -0.574 -1.527 -2.137 -2.362 -2.471 -2.507
0.0001 -2.19174 9.30103 1.4075435400 2.5306890011    1.398  2.802  3.6911  1.498    7  0.000  0.321     8.30     6.18     4.42     3.35     2.73  4    -1e-30      0.00 7.302e-01 2.697e-01 1.051e-05 1.296e-05 4.367e-05 -1.000 1.000e-04 -2.235 -0.643 -1.613 -2.232 -2.461 -2.572 -2.610
0.0001 -2.19174 9.30103 1.4075920582 2.5306935310    1.398  2.843  3.6891  1.449    7  0.000  0.317     9.18     6.76     4.82     3.66     2.97  4    -1e-30      0.00 7.302e-01 2.697e-01 1.038e-05 1.312e-05 4.366e-05 -1.000 9.996e-05 -2.338 -0.713 -1.702 -2.333 -2.565 -2.680 -2.718
0.0001 -2.19174 9.30103 1.4076380730 2.5306980610    1.399  2.884  3.6870  1.399    7  0.000  0.314    10.15     7.39     5.25     3.99     3.24  4    -1e-30      0.00 7.301e-01 2.698e-01 1.027e-05 1.327e-05 4.362e-05 -1.000 1.001e-04 -2.441 -0.781 -1.790 -2.433 -2.670 -2.787 -2.827
0.0001 -2.19174 9.30103 1.4076822996 2.5307021141    1.399  2.926  3.6849  1.349    7  0.000  0.312    11.24     8.09     5.72     4.35     3.54  4    -1e-30      0.00 7.300e-01 2.699e-01 1.018e-05 1.342e-05 4.355e-05 -1.000 9.999e-05 -2.545 -0.840 -1.878 -2.534 -2.776 -2.896 -2.937
0.0001 -2.19174 9.30103 1.4077249765 2.5307061672    1.399  2.968  3.6827  1.299    7  0.000  0.310    12.46     8.87     6.24     4.76     3.87  4    -1e-30      0.00 7.299e-01 2.700e-01 1.010e-05 1.362e-05 4.343e-05 -1.000 9.993e-05 -2.650 -0.883 -1.963 -2.638 -2.885 -3.008 -3.050
0.0001 -2.19174 9.30103 1.4077666998 2.5307102203    1.399  3.010  3.6805  1.248    7  0.000  0.309    13.83     9.72     6.82     5.20     4.23  3    -1e-30      0.00 7.299e-01 2.700e-01 1.003e-05 1.385e-05 4.326e-05 -1.000 1.000e-04 -2.755 -0.921 -2.047 -2.743 -2.995 -3.120 -3.163
0.0001 -2.19174 9.30103 1.4078083038 2.5307142735    1.399  3.053  3.6783  1.196    7  0.000  0.309    15.37    10.68     7.45     5.70     4.64  3    -1e-30      0.00 7.297e-01 2.702e-01 9.965e-06 1.411e-05 4.305e-05 -1.000 9.999e-05 -2.862 -0.951 -2.129 -2.847 -3.105 -3.234 -3.278
0.0001 -2.19174 9.30103 1.4078503847 2.5307183266    1.399  3.096  3.6760  1.144    7  0.000  0.309    17.10    11.74     8.16     6.24     5.08  3    -1e-30      0.00 7.296e-01 2.703e-01 9.912e-06 1.436e-05 4.284e-05 -1.000 1.001e-04 -2.970 -0.974 -2.209 -2.953 -3.217 -3.349 -3.395
0.0001 -2.19174 9.30103 1.4078927040 2.5307221413    1.399  3.140  3.6736  1.091    7  0.000  0.308    19.05    12.92     8.94     6.85     5.58  3    -1e-30      0.00 7.294e-01 2.705e-01 9.869e-06 1.457e-05 4.267e-05 -1.000 1.000e-04 -3.079 -0.988 -2.287 -3.059 -3.330 -3.466 -3.513
0.0001 -2.19174 9.30103 1.4079318047 2.5307259560    1.399  3.183  3.6712  1.038    7  0.000  0.308    21.22    14.22     9.80     7.52     6.12  3    -1e-30      0.00 7.293e-01 2.706e-01 9.835e-06 1.474e-05 4.252e-05 -1.000 1.000e-04 -3.188 -0.995 -2.362 -3.164 -3.443 -3.582 -3.630
0.0001 -2.19174 9.30103 1.4079627991 2.5307290554    1.399  3.225  3.6689  0.986    7  0.000  0.308    23.58    15.61    10.71     8.23     6.71  3    -1e-30      0.00 7.292e-01 2.707e-01 9.807e-06 1.487e-05 4.240e-05 -1.000 1.000e-04 -3.293 -0.992 -2.430 -3.265 -3.552 -3.695 -3.745
0.0001 -2.19174 9.30103 1.4079859257 2.5307312012    1.399  3.263  3.6667  0.940    7  0.000  0.308    25.90    16.96    11.60     8.93     7.27  3    -1e-30      0.00 7.291e-01 2.708e-01 9.786e-06 1.498e-05 4.232e-05 -1.000 1.000e-04 -3.387 -0.978 -2.487 -3.355 -3.649 -3.796 -3.848
0.0001 -2.19174 9.30103 1.4080085754 2.5307333469    1.399  3.306  3.6642  0.887    7  0.000  0.308    28.87    18.68    12.71     9.80     7.98  2    -1e-30      0.00 7.291e-01 2.708e-01 9.767e-06 1.507e-05 4.223e-05 -1.000 1.000e-04 -3.495 -0.949 -2.545 -3.456 -3.761 -3.913 -3.966
0.0001 -2.19174 9.30103 1.4080291986 2.5307352543    1.399  3.291  3.6652  0.906    7  0.000  0.308    27.76    18.03    12.29     9.47     7.72  2    -1e-30      0.00 7.290e-01 2.709e-01 9.754e-06 1.514e-05 4.218e-05 -1.000 9.996e-05 -3.456 -0.963 -2.526 -3.420 -3.721 -3.871 -3.923
0.0001 -2.19174 9.30103 1.4080319405 2.5307354927    1.399  3.282  3.6657  0.916    7  0.000  0.308    27.19    17.71    12.08     9.31     7.58  2    -1e-30      0.00 7.290e-01 2.709e-01 9.753e-06 1.514e-05 4.218e-05 -1.000 1.000e-04 -3.436 -0.969 -2.515 -3.401 -3.700 -3.849 -3.901
0.0001 -2.19174 9.30103 1.4080342054 2.5307357311    1.399  3.317  3.6636  0.873    7  0.000  0.308    29.68    19.14    13.01    10.03     8.18  2    -1e-30      0.00 7.290e-01 2.709e-01 9.752e-06 1.515e-05 4.218e-05 -1.000 1.001e-04 -3.523 -0.941 -2.560 -3.482 -3.790 -3.942 -3.996
0.0001 -2.19174 9.30103 1.4080374241 2.5307359695    1.399  3.393  3.6590  0.779    7  0.000  0.308    35.99    22.70    15.32    11.84     9.65  2    -1e-30      0.00 7.290e-01 2.709e-01 9.744e-06 1.519e-05 4.213e-05 -1.000 9.996e-05 -3.713 -0.856 -2.647 -3.657 -3.986 -4.149 -4.205
0.0001 -2.19174 9.30103 1.4080384970 2.5307362080    1.399  3.404  3.6584  0.765    7  0.569  0.308    36.97    23.25    15.67    12.12     9.88  2    -1e-30      0.00 7.289e-01 2.710e-01 9.737e-06 1.522e-05 4.211e-05 -1.000 1.001e-04 -3.740 -0.841 -2.657 -3.680 -4.013 -4.177 -4.234
0.0001 -2.19174 9.30103 1.4080389738 2.5307362080    1.399  3.408  3.6581  0.760    7  0.566  0.308    37.39    23.48    15.82    12.24     9.98  2    -1e-30      0.00 7.289e-01 2.710e-01 9.734e-06 1.524e-05 4.209e-05 -1.000 9.999e-05 -3.751 -0.835 -2.661 -3.690 -4.025 -4.189 -4.246
0.0001 -2.19174 9.30103 1.4080390930 2.5307362080    1.399  3.408  3.6572  0.756    8  0.566  0.326    37.66    23.64    15.92    12.31    10.04  2 -3.91e-07      0.00 7.289e-01 2.710e-01 1.035e-05 1.524e-05 4.238e-05 -1.000 1.309e-04 -3.751 -0.807 -2.648 -3.686 -4.024 -4.189 -4.248
0.0001 -2.19174 9.30103 1.4080396891 2.5307362080    1.398  3.330  3.6620  0.854    8  0.566  0.326    30.89    19.83    13.46    10.38     8.46  2 -2.89e-07      0.00 7.289e-01 2.710e-01 1.035e-05 1.524e-05 4.238e-05 -1.000 1.309e-04 -3.555 -0.890 -2.561 -3.510 -3.824 -3.980 -4.034
0.0001 -2.19174 9.30103 1.4080400467 2.5307362080    1.397  3.246  3.6670  0.957    8  0.566  0.326    24.99    16.43    11.25     8.66     7.05  3  -2.1e-07      0.00 7.289e-01 2.710e-01 1.035e-05 1.524e-05 4.238e-05 -1.000 1.309e-04 -3.345 -0.953 -2.450 -3.313 -3.606 -3.752 -3.804
0.0001 -2.19174 9.30103 1.4080413580 2.5307364464    1.395  2.999  3.6814  1.262    8  0.566  0.326    13.43     9.48     6.65     5.07     4.13  3  -8.9e-08      0.00 7.289e-01 2.710e-01 1.035e-05 1.524e-05 4.238e-05 -1.000 1.309e-04 -2.726 -0.919 -2.027 -2.714 -2.964 -3.089 -3.131
0.0001 -2.19174 9.30103 1.4080433846 2.5307366848    1.391  2.973  3.6828  1.291    8  0.566  0.326    12.63     8.98     6.31     4.82     3.92  3 -8.21e-08      0.00 7.289e-01 2.710e-01 1.035e-05 1.524e-05 4.238e-05 -1.000 1.309e-04 -2.663 -0.896 -1.977 -2.652 -2.898 -3.021 -3.063
0.0001 -2.19174 9.30103 1.4080458879 2.5307369232    1.386  3.009  3.6805  1.245    8  0.566  0.326    13.86     9.75     6.83     5.22     4.25  3 -9.23e-08      0.00 7.289e-01 2.710e-01 1.035e-05 1.524e-05 4.238e-05 -1.000 1.309e-04 -2.752 -0.915 -2.043 -2.739 -2.992 -3.117 -3.160
0.0001 -2.19174 9.30103 1.4080491066 2.5307371616    1.380  3.143  3.6723  1.076    8  0.567  0.326    19.52    13.21     9.13     7.00     5.70  3 -1.46e-07      0.00 7.289e-01 2.710e-01 1.035e-05 1.524e-05 4.238e-05 -1.000 1.309e-04 -3.087 -0.946 -2.278 -3.065 -3.340 -3.477 -3.525
0.0001 -2.19174 9.30103 1.4080529213 2.5307376385    1.373  3.282  3.6638  0.901    8  0.567  0.326    27.87    18.11    12.34     9.51     7.75  2 -2.43e-07      0.00 7.289e-01 2.710e-01 1.035e-05 1.524e-05 4.238e-05 -1.000 1.309e-04 -3.435 -0.878 -2.481 -3.394 -3.700 -3.853 -3.906
0.0001 -2.19174 9.30103 1.4080573320 2.5307378769    1.365  3.380  3.6577  0.776    8  0.567  0.326    35.95    22.69    15.30    11.84     9.65  2 -3.59e-07      0.00 7.289e-01 2.710e-01 1.035e-05 1.524e-05 4.238e-05 -1.000 1.309e-04 -3.681 -0.763 -2.589 -3.619 -3.954 -4.119 -4.176
0.0001 -2.19174 9.30103 1.4080624580 2.5307383537    1.355  3.436  3.6540  0.702    8  0.568  0.326    41.67    25.85    17.33    13.44    10.96  2 -4.52e-07      0.00 7.289e-01 2.710e-01 1.035e-05 1.524e-05 4.238e-05 -1.000 1.309e-04 -3.820 -0.758 -2.663 -3.740 -4.090 -4.263 -4.324
0.0001 -2.19174 9.30103 1.4080682993 2.5307390690    1.345  3.464  3.6519  0.662    8  0.568  0.326    45.11    27.74    18.53    14.39    11.73  2 -5.12e-07      0.00 7.289e-01 2.710e-01 1.035e-05 1.524e-05 4.238e-05 -1.000 1.309e-04 -3.890 -0.746 -2.695 -3.801 -4.159 -4.336 -4.399
0.0001 -2.19174 9.30103 1.4080747366 2.5307395458    1.333  3.481  3.6504  0.635    8  0.569  0.326    47.56    29.06    19.37    15.06    12.28  2 -5.55e-07      0.00 7.289e-01 2.710e-01 1.035e-05 1.524e-05 4.238e-05 -1.000 1.309e-04 -3.933 -0.730 -2.710 -3.836 -4.201 -4.381 -4.445
0.0001 -2.19174 9.30103 1.4080750942 2.5307395458    1.332  3.467  3.6512  0.652    8  0.569  0.326    45.91    28.17    18.80    14.61    11.91  2 -5.23e-07      0.00 7.289e-01 2.710e-01 1.035e-05 1.524e-05 4.238e-05 -1.000 1.309e-04 -3.897 -0.728 -2.690 -3.805 -4.166 -4.344 -4.407
0.0001 -2.19174 9.30103 1.4080761671 2.5307397842    1.329  3.327  3.6593  0.824    8  0.569  0.326    32.30    20.65    13.97    10.81     8.81  2 -2.97e-07      0.00 7.289e-01 2.710e-01 1.035e-05 1.524e-05 4.238e-05 -1.000 1.309e-04 -3.547 -0.735 -2.498 -3.493 -3.819 -3.980 -4.036
0.0001 -2.19174 9.30103 1.4080781937 2.5307400227    1.323  3.082  3.6736  1.124    8  0.569  0.326    17.44    11.98     8.31     6.38     5.19  3 -1.21e-07      0.00 7.289e-01 2.710e-01 1.035e-05 1.524e-05 4.238e-05 -1.000 1.309e-04 -2.935 -0.854 -2.146 -2.914 -3.185 -3.320 -3.367
0.0001 -2.19174 9.30103 1.4080810547 2.5307402611    1.316  3.055  3.6750  1.154    8  0.570  0.326    16.38    11.34     7.88     6.04     4.92  3 -1.11e-07      0.00 7.289e-01 2.710e-01 1.035e-05 1.524e-05 4.238e-05 -1.000 1.309e-04 -2.868 -0.842 -2.097 -2.849 -3.116 -3.249 -3.295
0.0001 -2.19174 9.30103 1.4080847502 2.5307404995    1.305  3.091  3.6726  1.105    8  0.570  0.326    18.06    12.37     8.56     6.58     5.35  3 -1.27e-07      0.00 7.289e-01 2.710e-01 1.035e-05 1.524e-05 4.238e-05 -1.000 1.309e-04 -2.958 -0.837 -2.155 -2.936 -3.210 -3.347 -3.394
0.0001 -2.19174 9.30103 1.4080895185 2.5307409763    1.293  3.223  3.6645  0.937    8  0.571  0.326    25.43    16.73    11.42     8.81     7.18  2 -2.05e-07      0.00 7.289e-01 2.710e-01 1.035e-05 1.524e-05 4.238e-05 -1.000 1.309e-04 -3.287 -0.778 -2.350 -3.249 -3.551 -3.702 -3.754
0.0001 -2.19174 9.30103 1.4080951214 2.5307414532    1.277  3.358  3.6560  0.762    8  0.571  0.326    36.22    22.85    15.38    11.93     9.72  2 -3.51e-07      0.00 7.289e-01 2.710e-01 1.035e-05 1.524e-05 4.238e-05 -1.000 1.309e-04 -3.625 -0.654 -2.509 -3.555 -3.896 -4.064 -4.123
0.0001 -2.19174 9.30103 1.4081016779 2.5307421684    1.260  3.453  3.6498  0.637    8  0.572  0.326    46.70    28.58    19.04    14.82    12.08  2 -5.26e-07      0.00 7.289e-01 2.710e-01 1.035e-05 1.524e-05 4.238e-05 -1.000 1.309e-04 -3.862 -0.644 -2.632 -3.763 -4.130 -4.311 -4.375
0.0001 -2.19174 9.30103 1.4081093073 2.5307428837    1.240  3.506  3.6461  0.562    8  0.573  0.326    54.22    32.58    21.57    16.84    13.72  2 -6.73e-07      0.00 7.289e-01 2.710e-01 1.035e-05 1.524e-05 4.238e-05 -1.000 1.309e-04 -3.995 -0.629 -2.692 -3.874 -4.257 -4.447 -4.514
0.0001 -2.19174 9.30103 1.4081178904 2.5307435989    1.218  3.532  3.6439  0.519    8  0.574  0.326    58.94    35.04    23.11    18.07    14.73  1 -7.73e-07      0.00 7.289e-01 2.710e-01 1.035e-05 1.524e-05 4.238e-05 -1.000 1.309e-04 -4.061 -0.608 -2.714 -3.928 -4.321 -4.515 -4.584
0.0001 -2.19174 9.30103 1.4081274271 2.5307445526    1.194  3.548  3.6424  0.488    8  0.575  0.326    62.47    36.85    24.24    18.98    15.47  1 -8.53e-07      0.00 7.289e-01 2.710e-01 1.035e-05 1.524e-05 4.238e-05 -1.000 1.310e-04 -4.101 -0.586 -2.721 -3.958 -4.358 -4.556 -4.627
0.0001 -2.19174 9.30103 1.4081276655 2.5307445526    1.193  3.548  3.6423  0.488    8  0.575  0.353    62.54    36.88    24.26    19.00    15.49  1 -8.54e-07      0.00 7.289e-01 2.710e-01 1.124e-05 1.524e-05 4.246e-05 -1.000 1.318e-04 -4.100 -0.583 -2.719 -3.957 -4.358 -4.556 -4.627
0.0001 -2.19174 9.30103 1.4081282616 2.5307447910    1.188  3.411  3.6506  0.657    8  0.575  0.443    44.09    27.14    18.10    14.11    11.50  2 -4.76e-07      0.00 7.289e-01 2.710e-01 1.417e-05 1.524e-05 4.270e-05 -1.000 1.351e-04 -3.757 -0.575 -2.543 -3.662 -4.024 -4.204 -4.267
0.0001 -2.19174 9.30103 1.4081294537 2.5307447910    1.180  3.170  3.6653  0.953    8  0.576  0.597    23.87    15.85    10.83     8.38     6.81  2 -1.87e-07      0.00 7.288e-01 2.710e-01 1.931e-05 1.524e-05 4.312e-05 -1.000 1.407e-04 -3.155 -0.692 -2.234 -3.119 -3.417 -3.566 -3.619
0.0001 -2.19174 9.30103 1.4081311226 2.5307450294    1.168  3.141  3.6668  0.984    8  0.576  0.816    22.32    14.95    10.24     7.92     6.44  2  -1.7e-07      0.00 7.288e-01 2.711e-01 2.676e-05 1.523e-05 4.373e-05 -1.000 1.487e-04 -3.081 -0.696 -2.188 -3.049 -3.342 -3.488 -3.539
0.0001 -2.19174 9.30103 1.4081332684 2.5307452679    1.153  3.178  3.6640  0.930    8  0.576  1.095    24.86    16.43    11.20     8.68     7.06  2 -1.97e-07      0.00 7.287e-01 2.711e-01 3.658e-05 1.523e-05 4.454e-05  5.560 1.593e-04 -3.174 -0.640 -2.228 -3.134 -3.439 -3.590 -3.643
0.0001 -2.19174 9.30103 1.4081360102 2.5307455063    1.135  3.306  3.6551  0.760    8  0.577  1.429    35.20    22.27    14.97    11.66     9.49  2 -3.26e-07      0.00 7.286e-01 2.712e-01 4.883e-05 1.523e-05 4.555e-05  6.225 1.726e-04 -3.495 -0.501 -2.367 -3.421 -3.765 -3.934 -3.994
0.0001 -2.19174 9.30103 1.4081393480 2.5307457447    1.113  3.437  3.6458  0.583    8  0.577  1.812    50.47    30.49    20.20    15.81    12.88  1  -5.7e-07      0.00 7.285e-01 2.713e-01 6.356e-05 1.523e-05 4.676e-05  6.513 1.885e-04 -3.822 -0.362 -2.715 -3.756 -4.025 -4.212 -4.303
0.0001 -2.19174 9.30103 1.4081431627 2.5307462215    1.088  3.529  3.6386  0.452    8  0.578  2.236    65.84    38.41    25.16    19.79    16.12  1 -8.74e-07      0.00 7.284e-01 2.714e-01 8.080e-05 1.523e-05 4.818e-05  6.708 2.072e-04 -4.052 -0.497 -2.919 -3.981 -4.255 -4.446 -4.539
0.0001 -2.19174 9.30103 1.4081475735 2.5307464600    1.060  3.581  3.6338  0.369    8  0.579  2.693    77.80    44.35    28.85    22.76    18.54  1 -1.14e-06      0.00 7.283e-01 2.715e-01 1.006e-04 1.523e-05 4.980e-05  6.859 2.285e-04 -4.183 -0.484 -2.992 -4.086 -4.371 -4.575 -4.672
0.0001 -2.19174 9.30103 1.4081525803 2.5307469368    1.029  3.609  3.6303  0.315    8  0.580  3.175    86.55    48.55    31.43    24.85    20.25  1 -1.34e-06      0.00 7.281e-01 2.716e-01 1.230e-04 1.522e-05 5.164e-05  6.984 2.528e-04 -4.252 -0.452 -3.020 -4.136 -4.429 -4.641 -4.742
0.0001 -2.19174 9.30103 1.4081581831 2.5307476521    0.996  3.627  3.6272  0.270    8  0.581  3.674    94.32    52.16    33.64    26.66    21.72  1 -1.52e-06      0.00 7.279e-01 2.718e-01 1.479e-04 1.522e-05 5.369e-05  7.091 2.798e-04 -4.297 -0.423 -3.030 -4.162 -4.462 -4.683 -4.787
0.0001 -2.19174 9.30103 1.4081584215 2.5307476521    0.994  3.637  3.6262  0.255    8  0.581  3.833    97.36    53.61    34.53    27.38    22.31  1  -1.6e-06      0.00 7.279e-01 2.718e-01 1.553e-04 1.522e-05 5.402e-05  7.119 2.874e-04 -4.324 -0.427 -3.046 -4.184 -4.486 -4.709 -4.814
0.0001 -2.19174 9.30103 1.4081591368 2.5307476521    0.988  3.502  3.6351  0.423    8  0.581  4.344    68.44    39.49    25.78    20.35    16.57  1 -8.69e-07      0.00 7.278e-01 2.719e-01 1.795e-04 1.522e-05 5.510e-05  7.199 3.128e-04 -3.985 -0.361 -2.817 -3.895 -4.175 -4.375 -4.471
0.0001 -2.19174 9.30103 1.4081603289 2.5307476521    0.977  3.264  3.6510  0.719    8  0.581  5.193    36.77    23.05    15.42    12.08     9.82  1 -3.24e-07      0.00 7.276e-01 2.720e-01 2.220e-04 1.521e-05 5.699e-05  7.312 3.571e-04 -3.391 -0.264 -2.200 -3.299 -3.657 -3.834 -3.897
0.0001 -2.19174 9.30103 1.4081622362 2.5307478905    0.961  3.233  3.6523  0.749    8  0.581  6.328    34.39    21.74    14.58    11.42     9.28  1  -2.9e-07      0.00 7.274e-01 2.722e-01 2.835e-04 1.521e-05 5.972e-05  7.437 4.215e-04 -3.311 -0.238 -2.144 -3.225 -3.578 -3.752 -3.814
0.0001 -2.19174 9.30103 1.4081646204 2.5307481289    0.941  3.270  3.6483  0.687    8  0.581  7.675    39.01    24.22    16.15    12.68    10.31  1 -3.42e-07      0.00 7.271e-01 2.724e-01 3.645e-04 1.520e-05 6.333e-05  7.560 5.064e-04 -3.405 -0.015 -2.312 -3.340 -3.604 -3.792 -3.881
0.0001 -2.19174 9.30103 1.4081676006 2.5307483673    0.916  3.395  3.6373  0.506    8  0.582  9.154    56.57    33.33    21.89    17.29    14.06  1 -5.88e-07      0.00 7.266e-01 2.727e-01 4.657e-04 1.519e-05 6.783e-05  7.677 6.121e-04 -3.717 -0.190 -2.583 -3.640 -3.912 -4.106 -4.200
0.0001 -2.19174 9.30103 1.4081711769 2.5307488441    0.887  3.521  3.6254  0.318    8  0.582 10.692    83.39    46.42    30.02    23.85    19.41  0 -1.06e-06      0.00 7.262e-01 2.731e-01 5.873e-04 1.518e-05 7.324e-05  7.786 7.393e-04 -4.033 -0.180 -2.762 -3.890 -4.189 -4.414 -4.519
0.0001 -2.19174 9.30103 1.4081753492 2.5307490826    0.855  3.611  3.6158  0.174    8  0.583 12.226   112.18    59.66    38.12    30.43    24.78  0 -1.66e-06      0.00 7.256e-01 2.735e-01 7.297e-04 1.517e-05 7.958e-05  7.886 8.882e-04 -4.256 -0.150 -2.862 -4.050 -4.375 -4.627 -4.741
0.0001 -2.19174 9.30103 1.4081801176 2.5307495594    0.819  3.661  3.6087  0.077    8  0.584 13.712   136.96    70.41    44.61    35.76    29.11  0 -2.23e-06      0.00 7.249e-01 2.740e-01 8.931e-04 1.516e-05 8.685e-05  7.979 1.059e-03 -4.384 -0.094 -2.889 -4.127 -4.473 -4.744 -4.866
0.0001 -2.19174 9.30103 1.4081856012 2.5307502747    0.780  3.688  3.6034  0.007    8  0.584 15.117   151.33    78.84    49.64    39.93    32.51  0 -2.71e-06      0.01 7.242e-01 2.746e-01 1.078e-03 1.514e-05 9.507e-05  8.064 1.252e-03 -4.451 0.018 -2.843 -4.135 -4.502 -4.791 -4.920
0.0001 -2.19174 9.30103 1.4081916809 2.5307507515    0.739  3.706  3.5987 -0.053    8  0.585 16.425   162.74    86.64    54.25    43.79    35.64  0 -3.19e-06      0.05 7.233e-01 2.752e-01 1.284e-03 1.513e-05 1.042e-04  8.143 1.468e-03 -4.496 0.193 -2.729 -4.077 -4.468 -4.779 -4.922
0.0001 -2.19174 9.30103 1.4082137346 2.5307528973    0.587 -9.999  4.0000  1.491    9  0.588  0.000     0.00     0.00     0.00     0.00     0.00 -1    -1e-30      0.00 7.195e-01 2.780e-01 2.264e-03 1.505e-05 1.465e-04  8.397 2.492e-03 29.767 30.114 29.975 30.253 30.481 30.559 30.648
#isochrone terminated
