# File generated by CMD 3.6 (http://stev.oapd.inaf.it/cmd) on Thu Apr 21 18:03:53 CEST 2022
# isochrones based on PARSEC release v1.2S +  COLIBRI S_37 + S_35 + PR16
# Basic references: Bressan et al. (2012), MNRAS, 427, 127 + Chen et al. (2014, 2015), MNRAS, 444, 2525 + MNRAS, 452, 1068 + Tang et al. (2014), MNRAS, 445, 4287 + Marigo et al. (2017), ApJ, 835, 77 + Pastorelli al. (2019), MNRAS, 485, 5666 + Pastorelli al. (2020), MNRAS, in press
# Thermal pulse cycles included 
# On RGB, assumed Reimers mass loss with efficiency eta=0.2
# LPV periods and growth rates added cf. Trabucchi et al. (2019)
# but fundamental-mode LPV periods are from Trabucchi et al. (2021)
# Photometric system: DECAM (ABmags)
# Using YBC version of bolometric corrections as in Chen et al. (2019)
# O-rich circumstellar dpmod60alox40 dust from Groenewegen (2006)
# C-rich circumstellar AMCSIC15 dust from Groenewegen (2006)
# IMF: Kroupa (2001, 2002) + Kroupa et al. (2013) canonical two-part-power law IMF corrected for unresolved binaries 
# Kind of output: isochrone tables
# Zini     MH   logAge Mini        int_IMF         Mass   logL    logTe  logg  label   McoreTP C_O  period0  period1  period2  period3  period4  pmode  Mloss  tau1m   X   Y   Xc  Xn  Xo  Cexcess  Z 	 mbolmag  umag    gmag    rmag    imag    zmag    Ymag
0.001 -1.19029 9.90309 0.0900000036 1.0816895962    0.090 -3.214  3.4564  5.384    1  0.000  0.545     0.00     0.00     0.00     0.00     0.00 -1 -5.21e-17      0.00 7.475e-01 2.515e-01 1.798e-04 4.851e-05 4.400e-04 -1.000 9.999e-04 12.805 18.024 16.764 14.900 12.870 12.192 12.063
0.001 -1.19029 9.90309 0.0988655165 1.1615592241    0.099 -2.986  3.4889  5.327    1  0.000  0.545     0.00     0.00     0.00     0.00     0.00 -1 -8.96e-17      0.00 7.466e-01 2.524e-01 1.798e-04 4.851e-05 4.400e-04 -1.000 1.000e-03 12.236 17.336 15.459 13.653 12.177 11.655 11.533
0.001 -1.19029 9.90309 0.1000000015 1.1711064577    0.100 -2.959  3.4929  5.320    1  0.000  0.545     0.00     0.00     0.00     0.00     0.00 -1 -9.57e-17      0.00 7.465e-01 2.525e-01 1.798e-04 4.851e-05 4.400e-04 -1.000 1.000e-03 12.167 17.237 15.308 13.513 12.096 11.590 11.469
0.001 -1.19029 9.90309 0.1083661094 1.2374190092    0.108 -2.834  3.5073  5.288    1  0.000  0.545     0.00     0.00     0.00     0.00     0.00 -1 -1.27e-16      0.00 7.459e-01 2.531e-01 1.798e-04 4.851e-05 4.400e-04 -1.000 1.000e-03 11.854 16.787 14.703 12.961 11.745 11.293 11.176
0.001 -1.19029 9.90309 0.1199999973 1.3193154335    0.120 -2.675  3.5256  5.247    1  0.000  0.545     0.00     0.00     0.00     0.00     0.00 -1 -1.83e-16      0.00 7.450e-01 2.540e-01 1.798e-04 4.851e-05 4.400e-04 -1.000 1.000e-03 11.458 16.150 13.967 12.302 11.309 10.916 10.803
0.001 -1.19029 9.90309 0.1400000006 1.4384527206    0.140 -2.494  3.5419  5.198    1  0.000  0.545     0.00     0.00     0.00     0.00     0.00 -1 -2.71e-16      0.00 7.438e-01 2.552e-01 1.798e-04 4.851e-05 4.400e-04 -1.000 1.000e-03 11.006 15.434 13.248 11.662 10.829 10.478 10.371
0.001 -1.19029 9.90309 0.1599999964 1.5372931957    0.160 -2.357  3.5523  5.160    1  0.000  0.545     0.00     0.00     0.00     0.00     0.00 -1 -3.64e-16      0.00 7.429e-01 2.561e-01 1.798e-04 4.851e-05 4.400e-04 -1.000 1.000e-03 10.662 14.907 12.747 11.214 10.470 10.143 10.040
0.001 -1.19029 9.90309 0.2000000179 1.6938792467    0.200 -2.140  3.5665  5.097    1  0.000  0.545     0.00     0.00     0.00     0.00     0.00 -1 -5.75e-16      0.00 7.417e-01 2.573e-01 1.798e-04 4.851e-05 4.400e-04 -1.000 1.000e-03 10.121 14.102 12.007 10.550 9.913 9.616 9.518
0.001 -1.19029 9.90309 0.2500000000 1.8403258324    0.250 -1.936  3.5778  5.035    1  0.000  0.545     0.00     0.00     0.00     0.00     0.00 -1 -8.85e-16      0.00 7.412e-01 2.578e-01 1.798e-04 4.851e-05 4.400e-04 -1.000 1.000e-03 9.609 13.383 11.351 9.958 9.391 9.115 9.022
0.001 -1.19029 9.90309 0.3000000417 1.9529141188    0.300 -1.776  3.5863  4.988    1  0.000  0.545     0.00     0.00     0.00     0.00     0.00 -1 -1.23e-15      0.00 7.412e-01 2.578e-01 1.798e-04 4.851e-05 4.400e-04 -1.000 9.999e-04 9.211 12.827 10.850 9.510 8.986 8.725 8.635
0.001 -1.19029 9.90309 0.3119615018 1.9762661457    0.312 -1.743  3.5881  4.980    1  0.000  0.545     0.00     0.00     0.00     0.00     0.00 -1 -1.31e-15      0.00 7.430e-01 2.560e-01 1.798e-04 4.851e-05 4.400e-04 -1.000 1.000e-03 9.129 12.712 10.747 9.419 8.903 8.644 8.556
0.001 -1.19029 9.90309 0.3499999940 2.0434174538    0.350 -1.647  3.5933  4.954    1  0.000  0.545     0.00     0.00     0.00     0.00     0.00 -1  -1.6e-15      0.00 7.483e-01 2.507e-01 1.798e-04 4.851e-05 4.400e-04 -1.000 1.000e-03 8.886 12.378 10.445 9.151 8.657 8.407 8.321
0.001 -1.19029 9.90309 0.4000000060 2.1185026169    0.400 -1.499  3.6042  4.907    1  0.000  0.545     0.00     0.00     0.00     0.00     0.00 -1 -2.22e-15      0.00 7.489e-01 2.501e-01 1.798e-04 4.851e-05 4.400e-04 -1.000 1.000e-03 8.517 11.829 9.957 8.733 8.279 8.046 7.966
0.001 -1.19029 9.90309 0.4420093894 2.1727242470    0.442 -1.352  3.6182  4.860    1  0.000  0.545     0.00     0.00     0.00     0.00     0.00 -1 -3.12e-15      0.00 7.489e-01 2.501e-01 1.798e-04 4.851e-05 4.400e-04 -1.000 1.000e-03 8.151 11.247 9.446 8.314 7.905 7.694 7.620
0.001 -1.19029 9.90309 0.4500000179 2.1822810173    0.450 -1.326  3.6208  4.852    1  0.000  0.545     0.00     0.00     0.00     0.00     0.00 -1 -3.31e-15      0.00 7.489e-01 2.501e-01 1.798e-04 4.851e-05 4.400e-04 -1.000 1.000e-03 8.085 11.143 9.354 8.239 7.838 7.631 7.558
0.001 -1.19029 9.90309 0.5000000000 2.2374541759    0.500 -1.129  3.6479  4.810    1  0.000  0.545     0.00     0.00     0.00     0.00     0.00 -1  -5.2e-15      0.00 7.489e-01 2.501e-01 1.798e-04 4.851e-05 4.400e-04 -1.000 1.000e-03 7.592 10.255 8.597 7.658 7.337 7.172 7.112
0.001 -1.19029 9.90309 0.5500000715 2.2836585045    0.550 -0.920  3.6783  4.763    1  0.000  0.545     0.00     0.00     0.00     0.00     0.00 -1 -8.44e-15      0.00 7.722e-01 2.269e-01 1.643e-04 4.433e-05 4.022e-04 -1.000 9.311e-04 7.071 9.238 7.807 7.058 6.812 6.691 6.647
0.001 -1.19029 9.90309 0.6000000238 2.3211214542    0.600 -0.729  3.7047  4.716    1  0.000  0.544     0.00     0.00     0.00     0.00     0.00 -1 -1.33e-14      0.00 7.785e-01 2.206e-01 1.603e-04 4.326e-05 3.925e-04 -1.000 8.817e-04 6.593 8.333 7.152 6.535 6.338 6.252 6.222
0.001 -1.19029 9.90309 0.6209423542 2.3347668648    0.621 -0.648  3.7171  4.699    1  0.000  0.544     0.00     0.00     0.00     0.00     0.00 -1  -1.6e-14      0.00 7.815e-01 2.177e-01 1.584e-04 4.276e-05 3.881e-04 -1.000 8.474e-04 6.390 7.956 6.885 6.320 6.143 6.071 6.049
0.001 -1.19029 9.90309 0.6413624287 2.3470900059    0.641 -0.570  3.7291  4.683    1  0.000  0.544     0.00     0.00     0.00     0.00     0.00 -1 -1.92e-14      0.00 7.845e-01 2.147e-01 1.565e-04 4.226e-05 3.836e-04 -1.000 8.308e-04 6.194 7.608 6.635 6.117 5.959 5.901 5.885
0.001 -1.19029 9.90309 0.6499999762 2.3520355225    0.650 -0.537  3.7341  4.676    1  0.000  0.544     0.00     0.00     0.00     0.00     0.00 -1 -2.08e-14      0.00 7.858e-01 2.133e-01 1.556e-04 4.204e-05 3.816e-04 -1.000 9.000e-04 6.112 7.470 6.534 6.033 5.883 5.830 5.816
0.001 -1.19029 9.90309 0.6541114450 2.3543367386    0.654 -0.521  3.7364  4.672    1  0.000  0.544     0.00     0.00     0.00     0.00     0.00 -1 -2.16e-14      0.00 7.865e-01 2.126e-01 1.551e-04 4.191e-05 3.804e-04 -1.000 8.920e-04 6.072 7.406 6.486 5.994 5.846 5.795 5.783
0.001 -1.19029 9.90309 0.6754801273 2.3657803535    0.675 -0.440  3.7476  4.650    1  0.000  0.544     0.00     0.00     0.00     0.00     0.00 -1 -2.62e-14      0.00 7.906e-01 2.085e-01 1.526e-04 4.123e-05 3.743e-04 -1.000 8.872e-04 5.870 7.085 6.243 5.792 5.661 5.623 5.615
0.001 -1.19029 9.90309 0.6952680349 2.3756594658    0.695 -0.365  3.7576  4.627    1  0.000  0.543     0.00     0.00     0.00     0.00     0.00 -1 -3.15e-14      0.00 7.947e-01 2.045e-01 1.501e-04 4.055e-05 3.683e-04 -1.000 8.516e-04 5.682 6.800 6.023 5.609 5.495 5.467 5.463
0.001 -1.19029 9.90309 0.6999999881 2.3779268265    0.700 -0.347  3.7599  4.622    1  0.000  0.543     0.00     0.00     0.00     0.00     0.00 -1  -3.3e-14      0.00 7.957e-01 2.034e-01 1.494e-04 4.038e-05 3.668e-04 -1.000 8.771e-04 5.637 6.733 5.970 5.566 5.455 5.429 5.427
0.001 -1.19029 9.90309 0.7033958435 2.3795323372    0.703 -0.334  3.7615  4.617    1  0.000  0.543     0.00     0.00     0.00     0.00     0.00 -1  -3.4e-14      0.00 7.966e-01 2.025e-01 1.487e-04 4.023e-05 3.654e-04 -1.000 8.948e-04 5.605 6.686 5.934 5.535 5.427 5.403 5.401
0.001 -1.19029 9.90309 0.7178458571 2.3861696720    0.718 -0.279  3.7683  4.598    1  0.000  0.540     0.00     0.00     0.00     0.00     0.00 -1 -3.92e-14      0.00 8.006e-01 1.986e-01 1.456e-04 3.954e-05 3.595e-04 -1.000 8.000e-04 5.467 6.491 5.777 5.403 5.304 5.287 5.288
0.001 -1.19029 9.90309 0.7307618856 2.3918476105    0.731 -0.229  3.7742  4.579    1  0.000  0.538     0.00     0.00     0.00     0.00     0.00 -1 -4.45e-14      0.00 8.043e-01 1.949e-01 1.427e-04 3.889e-05 3.538e-04 -1.000 8.000e-04 5.342 6.320 5.636 5.284 5.194 5.183 5.187
0.001 -1.19029 9.90309 0.7427979112 2.3969347477    0.743 -0.182  3.7794  4.560    1  0.000  0.536     0.00     0.00     0.00     0.00     0.00 -1 -5.02e-14      0.00 8.081e-01 1.911e-01 1.399e-04 3.825e-05 3.480e-04 -1.000 8.000e-04 5.224 6.162 5.505 5.172 5.091 5.085 5.090
0.001 -1.19029 9.90309 0.7500000000 2.3998889923    0.750 -0.153  3.7825  4.548    1  0.000  0.535     0.00     0.00     0.00     0.00     0.00 -1 -5.41e-14      0.00 8.105e-01 1.887e-01 1.381e-04 3.783e-05 3.444e-04 -1.000 8.000e-04 5.153 6.071 5.427 5.104 5.028 5.025 5.031
0.001 -1.19029 9.90309 0.7578200102 2.4030239582    0.758 -0.122  3.7853  4.533    1  0.000  0.534     0.00     0.00     0.00     0.00     0.00 -1 -5.88e-14      0.00 8.144e-01 1.848e-01 1.358e-04 3.720e-05 3.388e-04 -1.000 7.880e-04 5.075 5.977 5.343 5.030 4.958 4.957 4.965
0.001 -1.19029 9.90309 0.7715566754 2.4083540440    0.771 -0.067  3.7901  4.504    1  0.000  0.534     0.00     0.00     0.00     0.00     0.00 -1 -6.85e-14      0.00 8.212e-01 1.781e-01 1.317e-04 3.612e-05 3.290e-04 -1.000 7.240e-04 4.937 5.809 5.193 4.897 4.832 4.836 4.845
0.001 -1.19029 9.90309 0.7840615511 2.4130198956    0.784 -0.015  3.7943  4.476    1  0.000  0.533     0.00     0.00     0.00     0.00     0.00 -1  -7.9e-14      0.00 8.272e-01 1.721e-01 1.283e-04 3.518e-05 3.207e-04 -1.000 7.000e-04 4.808 5.656 5.054 4.773 4.715 4.723 4.733
0.001 -1.19029 9.90309 0.7957080007 2.4172141552    0.795  0.034  3.7981  4.448    1  0.000  0.533     0.00     0.00     0.00     0.00     0.00 -1 -9.06e-14      0.00 8.326e-01 1.667e-01 1.252e-04 3.437e-05 3.135e-04 -1.000 7.000e-04 4.684 5.512 4.921 4.654 4.602 4.613 4.625
0.001 -1.19029 9.90309 0.8000000119 2.4187245369    0.799  0.053  3.7994  4.438    1  0.000  0.532     0.00     0.00     0.00     0.00     0.00 -1 -9.55e-14      0.00 8.345e-01 1.648e-01 1.242e-04 3.410e-05 3.110e-04 -1.000 7.000e-04 4.638 5.457 4.871 4.609 4.559 4.572 4.584
0.001 -1.19029 9.90309 0.8044774532 2.4202804565    0.804  0.072  3.8009  4.427    1  0.000  0.532     0.00     0.00     0.00     0.00     0.00 -1 -1.01e-13      0.00 8.351e-01 1.642e-01 1.242e-04 3.410e-05 3.111e-04 -1.000 7.069e-04 4.589 5.401 4.818 4.562 4.514 4.529 4.541
0.001 -1.19029 9.90309 0.8157661557 2.4241158962    0.815  0.124  3.8047  4.396    1  0.000  0.532     0.00     0.00     0.00     0.00     0.00 -1 -1.17e-13      0.00 8.363e-01 1.629e-01 1.242e-04 3.414e-05 3.116e-04 -1.000 7.236e-04 4.461 5.255 4.681 4.438 4.396 4.414 4.428
0.001 -1.19029 9.90309 0.8257163763 2.4273970127    0.825  0.171  3.8080  4.367    1  0.000  0.531     0.00     0.00     0.00     0.00     0.00 -1 -1.34e-13      0.00 8.373e-01 1.620e-01 1.244e-04 3.419e-05 3.123e-04 -1.000 7.130e-04 4.343 5.121 4.554 4.323 4.286 4.307 4.322
0.001 -1.19029 9.90309 0.8350573778 2.4303953648    0.834  0.217  3.8109  4.338    1  0.000  0.531     0.00     0.00     0.00     0.00     0.00 -1 -1.53e-13      0.00 8.381e-01 1.612e-01 1.246e-04 3.426e-05 3.130e-04 -1.000 7.187e-04 4.226 4.992 4.430 4.209 4.177 4.201 4.217
0.001 -1.19029 9.90309 0.8438048959 2.4331343174    0.843  0.263  3.8136  4.307    1  0.000  0.530     0.00     0.00     0.00     0.00     0.00 -1 -1.75e-13      0.00 8.387e-01 1.606e-01 1.248e-04 3.433e-05 3.138e-04 -1.000 7.404e-04 4.113 4.867 4.309 4.098 4.070 4.097 4.113
0.001 -1.19029 9.90309 0.8500000238 2.4350347519    0.849  0.296  3.8153  4.284    1  0.000  0.530     0.00     0.00     0.00     0.00     0.00 -1 -1.93e-13      0.00 8.391e-01 1.602e-01 1.250e-04 3.439e-05 3.144e-04 -1.000 7.350e-04 4.030 4.777 4.222 4.016 3.992 4.020 4.037
0.001 -1.19029 9.90309 0.8572554588 2.4372205734    0.856  0.335  3.8173  4.257    1  0.000  0.530     0.00     0.00     0.00     0.00     0.00 -1 -2.17e-13      0.00 8.390e-01 1.603e-01 1.252e-04 3.447e-05 3.151e-04 -1.000 7.148e-04 3.932 4.670 4.118 3.919 3.898 3.928 3.946
0.001 -1.19029 9.90309 0.8679847121 2.4403758049    0.867  0.397  3.8197  4.210    1  0.000  0.530     0.00     0.00     0.00     0.00     0.00 -1 -2.62e-13      0.00 8.380e-01 1.613e-01 1.260e-04 3.468e-05 3.170e-04 -1.000 7.366e-04 3.778 4.506 3.955 3.766 3.749 3.781 3.799
0.001 -1.19029 9.90309 0.8762515783 2.4427464008    0.875  0.449  3.8208  4.166    1  0.000  0.530     0.00     0.00     0.00     0.00     0.00 -1 -3.09e-13      0.00 8.358e-01 1.635e-01 1.274e-04 3.507e-05 3.205e-04 -1.000 7.532e-04 3.648 4.370 3.821 3.637 3.622 3.655 3.673
0.001 -1.19029 9.90309 0.8773205280 2.4430491924    0.876  0.456  3.8209  4.160    1  0.000  0.530     0.00     0.00     0.00     0.00     0.00 -1 -3.19e-13      0.00 8.355e-01 1.637e-01 1.276e-04 3.512e-05 3.210e-04 -1.000 7.553e-04 3.631 4.352 3.803 3.619 3.604 3.637 3.656
0.001 -1.19029 9.90309 0.8808876872 2.4440534115    0.879  0.481  3.8207  4.136    1  0.000  0.530     0.00     0.00     0.00     0.00     0.00 -1 -3.46e-13      0.00 8.345e-01 1.647e-01 1.282e-04 3.530e-05 3.226e-04 -1.000 7.624e-04 3.567 4.289 3.738 3.555 3.540 3.573 3.591
0.001 -1.19029 9.90309 0.8881236911 2.4460620880    0.886  0.536  3.8191  4.078    1  0.000  0.530     0.00     0.00     0.00     0.00     0.00 -1 -4.15e-13      0.00 8.325e-01 1.667e-01 1.296e-04 3.566e-05 3.259e-04 -1.000 7.768e-04 3.430 4.155 3.602 3.415 3.398 3.430 3.447
0.001 -1.19029 9.90309 0.8942129612 2.4477236271    0.892  0.587  3.8159  4.017    1  0.000  0.530     0.00     0.00     0.00     0.00     0.00 -1    -5e-13      0.00 8.308e-01 1.684e-01 1.307e-04 3.597e-05 3.286e-04 -1.000 7.887e-04 3.301 4.037 3.478 3.282 3.262 3.290 3.306
0.001 -1.19029 9.90309 0.8953847289 2.4480404854    0.894  0.598  3.8151  4.004    1  0.000  0.530     0.00     0.00     0.00     0.00     0.00 -1 -5.19e-13      0.00 8.305e-01 1.687e-01 1.309e-04 3.602e-05 3.291e-04 -1.000 7.910e-04 3.276 4.014 3.454 3.256 3.235 3.262 3.278
0.001 -1.19029 9.90309 0.8964002728 2.4483141899    0.895  0.607  3.8141  3.990    2  0.000  0.530     0.00     0.00     0.00     0.00     0.00 -1 -5.43e-13      0.00 8.302e-01 1.690e-01 1.311e-04 3.607e-05 3.296e-04 -1.000 7.929e-04 3.252 3.993 3.431 3.231 3.207 3.234 3.250
0.001 -1.19029 9.90309 0.8999999762 2.4492788315    0.898  0.645  3.8083  3.931    2  0.000  0.530     0.00     0.00     0.00     0.00     0.00 -1 -6.29e-13      0.00 8.292e-01 1.700e-01 1.317e-04 3.625e-05 3.312e-04 -1.000 7.999e-04 3.156 3.920 3.348 3.129 3.097 3.118 3.132
0.001 -1.19029 9.90309 0.9005364180 2.4494216442    0.899  0.651  3.8074  3.922    2  0.000  0.530     0.00     0.00     0.00     0.00     0.00 -1 -6.43e-13      0.00 8.291e-01 1.701e-01 1.318e-04 3.627e-05 3.314e-04 -1.000 7.999e-04 3.142 3.909 3.335 3.114 3.081 3.101 3.115
0.001 -1.19029 9.90309 0.9034322500 2.4501903057    0.901  0.685  3.7992  3.856    2  0.000  0.530     0.00     0.00     0.00     0.00     0.00 -1  -7.5e-13      0.00 8.284e-01 1.708e-01 1.322e-04 3.638e-05 3.323e-04 -1.000 8.000e-04 3.057 3.859 3.269 3.021 2.976 2.988 2.999
0.001 -1.19029 9.90309 0.9055396318 2.4507458210    0.904  0.711  3.7898  3.794    2  0.000  0.530     0.00     0.00     0.00     0.00     0.00 -1 -8.56e-13      0.00 8.279e-01 1.713e-01 1.325e-04 3.645e-05 3.330e-04 -1.000 8.000e-04 2.991 3.841 3.227 2.948 2.888 2.892 2.899
0.001 -1.19029 9.90309 0.9068501592 2.4510900974    0.905  0.727  3.7815  3.746    2  0.000  0.531     0.00     0.00     0.00     0.00     0.00 -1 -9.38e-13      0.00 8.225e-01 1.768e-01 1.355e-04 3.727e-05 3.404e-04 -1.000 7.323e-04 2.953 3.849 3.210 2.903 2.831 2.826 2.831
0.001 -1.19029 9.90309 0.9079421163 2.4513757229    0.906  0.738  3.7737  3.704    2  0.000  0.533     0.00     0.00     0.00     0.00     0.00 -1 -1.01e-12      0.00 8.055e-01 1.938e-01 1.451e-04 3.983e-05 3.632e-04 -1.000 7.655e-04 2.926 3.872 3.206 2.872 2.787 2.774 2.776
0.001 -1.19029 9.90309 0.9091230035 2.4516839981    0.907  0.749  3.7642  3.656    2  0.000  0.535     0.00     0.00     0.00     0.00     0.00 -1 -1.09e-12      0.00 7.843e-01 2.149e-01 1.571e-04 4.302e-05 3.916e-04 -1.000 8.514e-04 2.899 3.911 3.207 2.840 2.740 2.718 2.716
0.001 -1.19029 9.90309 0.9102249742 2.4519708157    0.908  0.764  3.7550  3.604    2  0.000  0.536     0.00     0.00     0.00     0.00     0.00 -1  -1.2e-12      0.00 7.718e-01 2.272e-01 1.640e-04 4.487e-05 4.081e-04 -1.000 9.350e-04 2.861 3.944 3.199 2.799 2.685 2.654 2.648
0.001 -1.19029 9.90309 0.9113693833 2.4522678852    0.909  0.796  3.7466  3.540    2  0.000  0.537     0.00     0.00     0.00     0.00     0.00 -1 -1.39e-12      0.00 7.649e-01 2.341e-01 1.679e-04 4.590e-05 4.172e-04 -1.000 9.945e-04 2.781 3.931 3.148 2.720 2.592 2.552 2.543
0.001 -1.19029 9.90309 0.9122539759 2.4524967670    0.910  0.833  3.7414  3.482    2  0.000  0.537     0.00     0.00     0.00     0.00     0.00 -1 -1.62e-12      0.00 7.614e-01 2.376e-01 1.697e-04 4.638e-05 4.215e-04 -1.000 9.583e-04 2.688 3.881 3.073 2.627 2.492 2.446 2.434
0.001 -1.19029 9.90309 0.9125081897 2.4525625706    0.910  0.846  3.7401  3.464    2  0.000  0.537     0.00     0.00     0.00     0.00     0.00 -1  -1.7e-12      0.00 7.606e-01 2.385e-01 1.701e-04 4.649e-05 4.225e-04 -1.000 9.255e-04 2.656 3.860 3.046 2.596 2.458 2.411 2.399
0.001 -1.19029 9.90309 0.9130878448 2.4527122974    0.911  0.880  3.7378  3.421    3  0.000  0.537     0.00     0.00     0.00     0.00     0.00 -1 -1.93e-12      0.00 7.587e-01 2.403e-01 1.708e-04 4.668e-05 4.242e-04 -1.000 9.546e-04 2.570 3.795 2.968 2.511 2.370 2.320 2.307
0.001 -1.19029 9.90309 0.9137814641 2.4528911114    0.911  0.924  3.7352  3.366    3  0.000  0.537     0.00     0.00     0.00     0.00     0.00 -1 -2.27e-12      0.00 7.566e-01 2.424e-01 1.715e-04 4.688e-05 4.259e-04 -1.000 9.854e-04 2.459 3.707 2.867 2.401 2.257 2.204 2.189
0.001 -1.19029 9.90309 0.9143617153 2.4530403614    0.912  0.965  3.7333  3.318    3  0.000  0.537     0.00     0.00     0.00     0.00     0.00 -1 -2.64e-12      0.00 7.548e-01 2.442e-01 1.719e-04 4.703e-05 4.272e-04 -1.000 9.845e-04 2.357 3.622 2.772 2.301 2.153 2.098 2.082
0.001 -1.19029 9.90309 0.9149906039 2.4532020092    0.913  1.013  3.7314  3.263    3  0.000  0.536     0.00     0.00     0.00     0.00     0.00 -1 -3.13e-12      0.00 7.528e-01 2.463e-01 1.721e-04 4.723e-05 4.283e-04 -1.000 9.833e-04 2.238 3.520 2.660 2.183 2.032 1.975 1.958
0.001 -1.19029 9.90309 0.9155676365 2.4533500671    0.913  1.060  3.7297  3.210    3  0.000  0.533     0.00     0.00     0.00     0.00     0.00 -1 -3.71e-12      0.00 7.507e-01 2.484e-01 1.717e-04 4.767e-05 4.291e-04 -1.000 9.921e-04 2.121 3.418 2.549 2.066 1.913 1.854 1.836
0.001 -1.19029 9.90309 0.9161527753 2.4535000324    0.914  1.111  3.7279  3.151    3  0.000  0.528     0.00     0.00     0.00     0.00     0.00 -1 -4.47e-12      0.00 7.484e-01 2.506e-01 1.701e-04 4.894e-05 4.299e-04 -1.000 1.000e-03 1.992 3.305 2.427 1.939 1.783 1.721 1.703
0.001 -1.19029 9.90309 0.9166376591 2.4536240101    0.914  1.158  3.7264  3.099    3  0.000  0.520     0.00     0.00     0.00     0.00     0.00 -1 -5.27e-12      0.00 7.465e-01 2.525e-01 1.678e-04 5.117e-05 4.305e-04 -1.000 1.000e-03 1.876 3.204 2.318 1.825 1.667 1.603 1.584
0.001 -1.19029 9.90309 0.9171189070 2.4537470341    0.914  1.207  3.7247  3.043    3  0.000  0.509     0.00     0.00     0.00     0.00     0.00 -1 -6.31e-12      0.00 7.447e-01 2.543e-01 1.647e-04 5.469e-05 4.310e-04 -1.000 1.000e-03 1.752 3.095 2.201 1.702 1.542 1.476 1.456
0.001 -1.19029 9.90309 0.9175471067 2.4538562298    0.915  1.255  3.7230  2.988    3  0.000  0.499     0.00     0.00     0.00     0.00     0.00 -1  -7.5e-12      0.00 7.430e-01 2.560e-01 1.616e-04 5.842e-05 4.313e-04 -1.000 1.000e-03 1.632 2.990 2.088 1.584 1.421 1.353 1.332
0.001 -1.19029 9.90309 0.9179258943 2.4539530277    0.915  1.301  3.7214  2.936    3  0.000  0.491     0.00     0.00     0.00     0.00     0.00 -1 -8.86e-12      0.00 7.417e-01 2.573e-01 1.590e-04 6.161e-05 4.316e-04 -1.000 9.904e-04 1.516 2.890 1.979 1.469 1.304 1.234 1.212
0.001 -1.19029 9.90309 0.9182896614 2.4540455341    0.915  1.350  3.7196  2.880    3  0.000  0.485     0.00     0.00     0.00     0.00     0.00 -1 -1.06e-11      0.00 7.406e-01 2.584e-01 1.569e-04 6.427e-05 4.318e-04 -1.000 9.804e-04 1.396 2.788 1.866 1.350 1.182 1.110 1.087
0.001 -1.19029 9.90309 0.9186177850 2.4541292191    0.915  1.397  3.7178  2.826    3  0.000  0.480     0.00     0.00     0.00     0.00     0.00 -1 -1.25e-11      0.00 7.398e-01 2.592e-01 1.554e-04 6.619e-05 4.320e-04 -1.000 9.909e-04 1.277 2.689 1.756 1.234 1.062 0.988 0.964
0.001 -1.19029 9.90309 0.9189167619 2.4542052746    0.916  1.444  3.7160  2.772    3  0.000  0.476     0.00     0.00     0.00     0.00     0.00 -1 -1.48e-11      0.00 7.392e-01 2.598e-01 1.544e-04 6.751e-05 4.321e-04 -1.000 1.000e-03 1.160 2.592 1.647 1.119 0.944 0.868 0.843
0.001 -1.19029 9.90309 0.9191843867 2.4542732239    0.916  1.490  3.7142  2.719    3  0.000  0.474     0.00     0.00     0.00     0.00     0.00 -1 -1.75e-11      0.00 7.387e-01 2.603e-01 1.537e-04 6.848e-05 4.322e-04 -1.000 9.799e-04 1.046 2.498 1.542 1.007 0.829 0.750 0.724
0.001 -1.19029 9.90309 0.9194377065 2.4543375969    0.916  1.537  3.7122  2.664    3  0.000  0.473     0.00     0.00     0.00     0.00     0.00 -1 -2.08e-11      0.00 7.384e-01 2.606e-01 1.532e-04 6.912e-05 4.323e-04 -1.000 9.595e-04 0.929 2.401 1.433 0.891 0.710 0.629 0.602
0.001 -1.19029 9.90309 0.9196641445 2.4543950558    0.916  1.582  3.7103  2.611    3  0.000  0.472     0.00     0.00     0.00     0.00     0.00 -1 -2.46e-11      0.00 7.382e-01 2.608e-01 1.529e-04 6.951e-05 4.323e-04 -1.000 1.000e-03 0.815 2.308 1.329 0.780 0.596 0.512 0.484
0.001 -1.19029 9.90309 0.9198824763 2.4544503689    0.916  1.630  3.7082  2.555    3  0.000  0.471     0.00     0.00     0.00     0.00     0.00 -1 -2.92e-11      0.00 7.381e-01 2.609e-01 1.528e-04 6.961e-05 4.323e-04 -1.000 1.000e-03 0.696 2.213 1.220 0.664 0.476 0.389 0.360
0.001 -1.19029 9.90309 0.9200723767 2.4544985294    0.916  1.675  3.7062  2.502    3  0.000  0.471     0.00     0.00     0.00     0.00     0.00 -1 -3.45e-11      0.00 7.381e-01 2.609e-01 1.528e-04 6.964e-05 4.323e-04 -1.000 1.000e-03 0.583 2.124 1.118 0.554 0.363 0.274 0.243
0.001 -1.19029 9.90309 0.9202474356 2.4545428753    0.916  1.720  3.7041  2.449    3  0.000  0.471     0.00     0.00     0.00     0.00     0.00 -1 -4.07e-11      0.00 7.381e-01 2.609e-01 1.527e-04 6.967e-05 4.323e-04 -1.000 1.000e-03 0.471 2.040 1.016 0.444 0.249 0.157 0.126
0.001 -1.19029 9.90309 0.9204074144 2.4545834064    0.916  1.764  3.7020  2.396    3  0.000  0.471     0.00     0.00     0.00     0.00     0.00 -1 -4.79e-11      0.00 7.381e-01 2.609e-01 1.527e-04 6.969e-05 4.323e-04 -1.000 1.000e-03 0.360 1.957 0.916 0.334 0.136 0.042 0.009
0.001 -1.19029 9.90309 0.9205575585 2.4546215534    0.916  1.809  3.6998  2.341    3  0.000  0.471     0.00     0.00     0.00     0.00     0.00 -1 -5.66e-11      0.00 7.381e-01 2.609e-01 1.527e-04 6.972e-05 4.323e-04 -1.000 1.000e-03 0.246 1.874 0.815 0.223 0.021 -0.076 -0.110
0.001 -1.19029 9.90309 0.9206955433 2.4546563625    0.916  1.854  3.6975  2.288    3  0.000  0.471     0.00     0.00     0.00     0.00     0.00 -1 -6.67e-11      0.00 7.381e-01 2.609e-01 1.527e-04 6.974e-05 4.323e-04 -1.000 1.000e-03 0.134 1.793 0.715 0.114 -0.092 -0.192 -0.227
0.001 -1.19029 9.90309 0.9208212495 2.4546883106    0.916  1.898  3.6953  2.235    3  0.000  0.471     0.00     0.00     0.00     0.00     0.00 -1 -7.85e-11      0.00 7.381e-01 2.609e-01 1.527e-04 6.976e-05 4.323e-04 -1.000 1.000e-03 0.025 1.716 0.619 0.008 -0.202 -0.305 -0.341
0.001 -1.19029 9.90309 0.9209394455 2.4547181129    0.915  1.942  3.6930  2.182    3  0.000  0.471     0.00     0.00     0.00     0.00     0.00 -1 -9.22e-11      0.00 7.381e-01 2.609e-01 1.527e-04 6.977e-05 4.323e-04 -1.000 1.000e-03 -0.084 1.640 0.523 -0.098 -0.312 -0.418 -0.455
0.001 -1.19029 9.90309 0.9210541248 2.4547472000    0.915  1.985  3.6907  2.130    3  0.000  0.471     0.00     0.00     0.00     0.00     0.00 -1 -1.08e-10      0.00 7.380e-01 2.610e-01 1.526e-04 6.979e-05 4.323e-04 -1.000 1.000e-03 -0.191 1.566 0.429 -0.202 -0.420 -0.528 -0.568
0.001 -1.19029 9.90309 0.9211904407 2.4547817707    0.915  2.025  3.6886  2.081    3  0.000  0.471     0.00     0.00     0.00     0.00     0.00 -1 -1.26e-10      0.00 7.380e-01 2.610e-01 1.526e-04 6.981e-05 4.323e-04 -1.000 1.000e-03 -0.291 1.498 0.343 -0.298 -0.520 -0.631 -0.672
0.001 -1.19029 9.90309 0.9212391973 2.4547939301    0.915  2.036  3.6881  2.067    3  0.000  0.471     0.00     0.00     0.00     0.00     0.00 -1 -1.31e-10      0.00 7.380e-01 2.610e-01 1.526e-04 6.982e-05 4.323e-04 -1.000 1.000e-03 -0.320 1.479 0.318 -0.325 -0.549 -0.661 -0.701
0.001 -1.19029 9.90309 0.9213126898 2.4548125267    0.914  2.012  3.6897  2.098    3  0.000  0.471     0.00     0.00     0.00     0.00     0.00 -1 -1.21e-10      0.00 7.380e-01 2.610e-01 1.526e-04 6.983e-05 4.323e-04 -1.000 1.000e-03 -0.261 1.512 0.366 -0.270 -0.490 -0.600 -0.640
0.001 -1.19029 9.90309 0.9213602543 2.4548246861    0.914  1.997  3.6908  2.117    3  0.000  0.471     0.00     0.00     0.00     0.00     0.00 -1 -1.15e-10      0.00 7.380e-01 2.610e-01 1.526e-04 6.984e-05 4.323e-04 -1.000 1.000e-03 -0.223 1.535 0.398 -0.233 -0.452 -0.560 -0.599
0.001 -1.19029 9.90309 0.9213991761 2.4548344612    0.914  2.016  3.6897  2.094    3  0.000  0.471     0.00     0.00     0.00     0.00     0.00 -1 -1.22e-10      0.00 7.380e-01 2.610e-01 1.526e-04 6.984e-05 4.323e-04 -1.000 1.000e-03 -0.270 1.503 0.357 -0.279 -0.500 -0.609 -0.649
0.001 -1.19029 9.90309 0.9214825630 2.4548554420    0.914  2.058  3.6874  2.043    3  0.000  0.471     0.00     0.00     0.00     0.00     0.00 -1 -1.42e-10      0.00 7.380e-01 2.610e-01 1.526e-04 6.986e-05 4.323e-04 -1.000 1.000e-03 -0.374 1.435 0.267 -0.379 -0.603 -0.716 -0.757
0.001 -1.19029 9.90309 0.9215606451 2.4548752308    0.914  2.099  3.6851  1.992    3  0.000  0.471     0.00     0.00     0.00     0.00     0.00 -1 -1.65e-10      0.00 7.380e-01 2.610e-01 1.526e-04 6.987e-05 4.323e-04 -1.000 1.000e-03 -0.477 1.372 0.181 -0.477 -0.705 -0.821 -0.864
0.001 -1.19029 9.90309 0.9216336012 2.4548935890    0.913  2.139  3.6827  1.942    3  0.000  0.471     0.00     0.00     0.00     0.00     0.00 -1 -1.92e-10      0.00 7.380e-01 2.610e-01 1.526e-04 6.988e-05 4.323e-04 -1.000 1.000e-03 -0.579 1.322 0.095 -0.577 -0.809 -0.928 -0.972
0.001 -1.19029 9.90309 0.9217016101 2.4549107552    0.913  2.180  3.6803  1.891    3  0.000  0.471     0.00     0.00     0.00     0.00     0.00 -1 -2.24e-10      0.00 7.380e-01 2.610e-01 1.526e-04 6.989e-05 4.323e-04 -1.000 1.000e-03 -0.681 1.274 0.011 -0.678 -0.913 -1.035 -1.080
0.001 -1.19029 9.90309 0.9217639565 2.4549264908    0.913  2.221  3.6779  1.841    3  0.000  0.471     0.00     0.00     0.00     0.00     0.00 -1  -2.6e-10      0.00 7.380e-01 2.610e-01 1.526e-04 6.990e-05 4.324e-04 -1.000 9.999e-04 -0.782 1.230 -0.071 -0.776 -1.016 -1.140 -1.187
0.001 -1.19029 9.90309 0.9218223095 2.4549412727    0.912  2.261  3.6754  1.790    3  0.000  0.471     0.00     0.00     0.00     0.00     0.00 -1 -3.03e-10      0.00 7.380e-01 2.610e-01 1.526e-04 6.991e-05 4.324e-04 -1.000 1.000e-03 -0.883 1.190 -0.152 -0.875 -1.119 -1.246 -1.295
0.001 -1.19029 9.90309 0.9218752384 2.4549546242    0.912  2.301  3.6730  1.741    3  0.000  0.470     0.00     0.00     0.00     0.00     0.00 -1 -3.51e-10      0.00 7.380e-01 2.610e-01 1.526e-04 6.992e-05 4.324e-04 -1.000 1.000e-03 -0.982 1.152 -0.230 -0.971 -1.219 -1.349 -1.400
0.001 -1.19029 9.90309 0.9219244719 2.4549670219    0.911  2.340  3.6704  1.691    3  0.000  0.470     0.00     0.00     0.00     0.00     0.00 -1 -4.07e-10      0.00 7.380e-01 2.610e-01 1.526e-04 6.992e-05 4.324e-04 -1.000 1.000e-03 -1.081 1.119 -0.306 -1.066 -1.318 -1.451 -1.504
0.001 -1.19029 9.90309 0.9219701886 2.4549787045    0.911  2.379  3.6680  1.642    3  0.000  0.470     0.00     0.00     0.00     0.00     0.00 -1 -4.72e-10      0.00 7.380e-01 2.610e-01 1.525e-04 6.993e-05 4.324e-04 -1.000 1.000e-03 -1.178 1.089 -0.380 -1.160 -1.416 -1.553 -1.607
0.001 -1.19029 9.90309 0.9220119119 2.4549891949    0.910  2.418  3.6654  1.593    3  0.000  0.470     0.00     0.00     0.00     0.00     0.00 -1 -5.45e-10      0.00 7.380e-01 2.610e-01 1.525e-04 6.994e-05 4.324e-04 -1.000 1.000e-03 -1.274 1.066 -0.451 -1.251 -1.512 -1.652 -1.708
0.001 -1.19029 9.90309 0.9220504165 2.4549989700    0.909  2.455  3.6629  1.545    3  0.000  0.470     0.00     0.00     0.00     0.00     0.00 -1 -6.29e-10      0.00 7.380e-01 2.610e-01 1.525e-04 6.994e-05 4.324e-04 -1.000 1.000e-03 -1.368 1.045 -0.519 -1.340 -1.606 -1.749 -1.807
0.001 -1.19029 9.90309 0.9220862985 2.4550080299    0.909  2.493  3.6604  1.497    3  0.000  0.470     0.00     0.00     0.00     0.00     0.00 -1 -7.24e-10      0.00 7.380e-01 2.610e-01 1.525e-04 6.995e-05 4.324e-04 -1.000 1.000e-03 -1.462 1.026 -0.587 -1.429 -1.699 -1.845 -1.905
0.001 -1.19029 9.90309 0.9221264720 2.4550180435    0.908  2.538  3.6573  1.440    3  0.000  0.470     7.96     6.15     4.36     3.36     2.72  3 -8.57e-10      0.00 7.380e-01 2.610e-01 1.525e-04 6.996e-05 4.324e-04 -1.000 1.000e-03 -1.574 1.015 -0.662 -1.533 -1.809 -1.960 -2.023
0.001 -1.19029 9.90309 0.9221566916 2.4550256729    0.907  2.574  3.6548  1.393    3  0.000  0.470     8.77     6.69     4.72     3.64     2.95  3 -9.83e-10      0.00 7.380e-01 2.610e-01 1.525e-04 6.996e-05 4.324e-04 -1.000 1.000e-03 -1.664 0.996 -0.724 -1.613 -1.896 -2.050 -2.115
0.001 -1.19029 9.90309 0.9221907258 2.4550342560    0.906  2.617  3.6518  1.337    3  0.000  0.470     9.85     7.40     5.20     4.02     3.25  3 -1.16e-09      0.00 7.380e-01 2.610e-01 1.525e-04 6.996e-05 4.324e-04 -1.000 1.000e-03 -1.773 0.975 -0.797 -1.710 -2.000 -2.160 -2.227
0.001 -1.19029 9.90309 0.9222217202 2.4550421238    0.905  2.660  3.6487  1.282    3  0.000  0.470    11.07     8.18     5.72     4.43     3.59  3 -1.37e-09      0.00 7.380e-01 2.610e-01 1.525e-04 6.997e-05 4.324e-04 -1.000 1.000e-03 -1.879 0.958 -0.867 -1.804 -2.102 -2.267 -2.337
0.001 -1.19029 9.90309 0.9222456217 2.4550480843    0.904  2.695  3.6462  1.236    3  0.000  0.470    12.18     8.88     6.19     4.80     3.89  3 -1.56e-09      0.00 7.380e-01 2.610e-01 1.525e-04 6.997e-05 4.324e-04 -1.000 1.000e-03 -1.967 0.945 -0.924 -1.880 -2.185 -2.355 -2.426
0.001 -1.19029 9.90309 0.9222716689 2.4550547600    0.903  2.736  3.6433  1.183    3  0.000  0.470    13.62     9.77     6.78     5.26     4.27  3 -1.82e-09      0.00 7.380e-01 2.610e-01 1.525e-04 6.998e-05 4.324e-04 -1.000 1.000e-03 -2.070 0.930 -0.990 -1.969 -2.282 -2.457 -2.531
0.001 -1.19029 9.90309 0.9222961068 2.4550607204    0.901  2.777  3.6402  1.129    3  0.000  0.470    15.24    10.77     7.44     5.78     4.69  3 -2.13e-09      0.00 7.380e-01 2.610e-01 1.525e-04 6.998e-05 4.324e-04 -1.000 1.000e-03 -2.172 0.919 -1.055 -2.057 -2.378 -2.558 -2.635
0.001 -1.19029 9.90309 0.9223150611 2.4550657272    0.900  2.810  3.6376  1.084    3  0.000  0.470    16.72    11.67     8.03     6.25     5.07  2 -2.43e-09      0.00 7.380e-01 2.610e-01 1.525e-04 6.998e-05 4.324e-04 -1.000 1.000e-03 -2.256 0.912 -1.105 -2.128 -2.456 -2.641 -2.720
0.001 -1.19029 9.90309 0.9223358035 2.4550707340    0.898  2.849  3.6347  1.033    3  0.000  0.470    18.63    12.80     8.77     6.84     5.55  2 -2.82e-09      0.00 7.380e-01 2.610e-01 1.525e-04 6.999e-05 4.324e-04 -1.000 1.000e-03 -2.353 0.905 -1.163 -2.210 -2.546 -2.737 -2.818
0.001 -1.19029 9.90309 0.9223551154 2.4550757408    0.896  2.888  3.6318  0.982    3  0.000  0.470    20.72    14.03     9.57     7.47     6.06  2 -3.27e-09      0.00 7.380e-01 2.610e-01 1.525e-04 6.999e-05 4.324e-04 -1.000 1.000e-03 -2.449 0.901 -1.218 -2.291 -2.636 -2.832 -2.915
0.001 -1.19029 9.90309 0.9223733544 2.4550802708    0.895  2.927  3.6288  0.930    3  0.000  0.470    23.10    15.40    10.47     8.18     6.64  2 -3.81e-09      0.00 7.380e-01 2.610e-01 1.525e-04 6.999e-05 4.324e-04 -1.000 1.000e-03 -2.547 0.905 -1.269 -2.370 -2.725 -2.927 -3.013
0.001 -1.19029 9.90309 0.9223900437 2.4550845623    0.893  2.965  3.6258  0.879    3  0.000  0.470    25.69    16.88    11.42     8.94     7.26  2 -4.41e-09      0.00 7.380e-01 2.610e-01 1.525e-04 7.000e-05 4.324e-04 -1.000 1.000e-03 -2.642 0.910 -1.315 -2.446 -2.811 -3.020 -3.108
0.001 -1.19029 9.90309 0.9224054813 2.4550883770    0.890  3.002  3.6229  0.829    3  0.000  0.470    28.50    18.45    12.44     9.74     7.91  2 -5.09e-09      0.00 7.380e-01 2.610e-01 1.525e-04 7.000e-05 4.324e-04 -1.000 1.000e-03 -2.735 0.913 -1.362 -2.520 -2.896 -3.110 -3.201
0.001 -1.19029 9.90309 0.9224196672 2.4550919533    0.888  3.038  3.6202  0.781    3  0.000  0.470    31.52    20.12    13.51    10.60     8.61  2 -5.86e-09      0.00 7.380e-01 2.610e-01 1.525e-04 7.000e-05 4.324e-04 -1.000 1.000e-03 -2.825 0.916 -1.406 -2.592 -2.978 -3.198 -3.291
0.001 -1.19029 9.90309 0.9224333167 2.4550955296    0.885  3.074  3.6173  0.732    3  0.000  0.470    34.92    21.97    14.69    11.54     9.38  2 -6.75e-09      0.00 7.380e-01 2.610e-01 1.525e-04 7.000e-05 4.324e-04 -1.000 1.000e-03 -2.916 0.920 -1.449 -2.664 -3.060 -3.286 -3.382
0.001 -1.19029 9.90309 0.9224455357 2.4550983906    0.883  3.109  3.6146  0.686    3  0.000  0.470    38.47    23.87    15.90    12.51    10.17  1 -7.71e-09      0.00 7.380e-01 2.610e-01 1.525e-04 7.000e-05 4.324e-04 -1.000 1.000e-03 -3.001 0.924 -1.488 -2.730 -3.137 -3.369 -3.467
0.001 -1.19029 9.90309 0.9224570394 2.4551014900    0.880  3.143  3.6119  0.639    3  0.000  0.470    42.37    25.93    17.21    13.56    11.02  1 -8.81e-09      0.00 7.380e-01 2.610e-01 1.525e-04 7.001e-05 4.324e-04 -1.000 1.000e-03 -3.087 0.928 -1.527 -2.796 -3.213 -3.451 -3.551
0.001 -1.19029 9.90309 0.9224680662 2.4551041126    0.877  3.177  3.6092  0.593    3  0.000  0.470    46.73    28.20    18.65    14.71    11.96  1 -1.01e-08      0.00 7.380e-01 2.610e-01 1.525e-04 7.001e-05 4.324e-04 -1.000 1.000e-03 -3.173 0.930 -1.564 -2.862 -3.289 -3.533 -3.636
0.001 -1.19029 9.90309 0.9224782586 2.4551067352    0.874  3.211  3.6065  0.547    3  0.000  0.470    51.40    30.60    20.15    15.92    12.94  1 -1.15e-08      0.00 7.380e-01 2.610e-01 1.525e-04 7.001e-05 4.324e-04 -1.000 1.000e-03 -3.256 0.929 -1.598 -2.924 -3.362 -3.613 -3.718
0.001 -1.19029 9.90309 0.9224876165 2.4551091194    0.870  3.242  3.6040  0.503    3  0.000  0.470    56.28    33.06    21.70    17.16    13.96  1  -1.3e-08      0.00 7.380e-01 2.610e-01 1.525e-04 7.001e-05 4.324e-04 -1.000 1.000e-03 -3.335 0.928 -1.629 -2.982 -3.432 -3.688 -3.795
0.001 -1.19029 9.90309 0.9224963784 2.4551112652    0.867  3.273  3.6015  0.461    3  0.000  0.470    61.48    35.66    23.32    18.47    15.02  1 -1.47e-08      0.00 7.380e-01 2.610e-01 1.525e-04 7.001e-05 4.324e-04 -1.000 1.000e-03 -3.412 0.926 -1.654 -3.037 -3.498 -3.761 -3.870
0.001 -1.19029 9.90309 0.9225046039 2.4551134109    0.863  3.302  3.5992  0.421    3  0.000  0.470    66.81    38.28    24.96    19.79    16.09  1 -1.65e-08      0.00 7.380e-01 2.610e-01 1.525e-04 7.001e-05 4.324e-04 -1.000 1.000e-03 -3.484 0.923 -1.675 -3.088 -3.561 -3.829 -3.941
0.001 -1.19029 9.90309 0.9225100875 2.4551148415    0.860  3.320  3.5978  0.396    3  0.000  0.470    70.42    40.04    26.05    20.67    16.81  1 -1.78e-08      0.00 7.380e-01 2.610e-01 1.525e-04 7.001e-05 4.324e-04 -1.000 1.000e-03 -3.529 0.920 -1.688 -3.119 -3.599 -3.872 -3.985
0.001 -1.19029 9.90309 0.9225100875 2.4551148415    0.860  1.786  3.7335  2.472    4  0.000  0.497     0.00     0.00     0.00     0.00     0.00 -1    -1e-30      0.00 7.352e-01 2.638e-01 1.637e-04 6.073e-05 4.389e-04 -1.000 1.000e-03 0.305 1.548 0.709 0.251 0.106 0.049 0.032
0.001 -1.19029 9.90309 0.9225934744 2.4551358223    0.860  1.801  3.7323  2.453    4  0.000  0.497     0.00     0.00     0.00     0.00     0.00 -1    -1e-30      0.00 7.352e-01 2.638e-01 1.637e-04 6.074e-05 4.389e-04 -1.000 1.000e-03 0.268 1.523 0.676 0.214 0.067 0.009 -0.009
0.001 -1.19029 9.90309 0.9226757288 2.4551565647    0.860  1.805  3.7321  2.448    4  0.000  0.497     0.00     0.00     0.00     0.00     0.00 -1    -1e-30      0.00 7.352e-01 2.638e-01 1.637e-04 6.076e-05 4.389e-04 -1.000 1.000e-03 0.258 1.516 0.668 0.204 0.057 -0.002 -0.019
0.001 -1.19029 9.90309 0.9227591753 2.4551775455    0.860  1.807  3.7321  2.446    4  0.000  0.497     0.00     0.00     0.00     0.00     0.00 -1    -1e-30      0.00 7.352e-01 2.638e-01 1.637e-04 6.077e-05 4.389e-04 -1.000 1.000e-03 0.252 1.510 0.662 0.199 0.051 -0.008 -0.025
0.001 -1.19029 9.90309 0.9228447676 2.4551990032    0.860  1.808  3.7323  2.445    4  0.000  0.497     0.00     0.00     0.00     0.00     0.00 -1    -1e-30      0.00 7.352e-01 2.638e-01 1.637e-04 6.078e-05 4.389e-04 -1.000 1.000e-03 0.249 1.504 0.657 0.195 0.048 -0.011 -0.028
0.001 -1.19029 9.90309 0.9229307771 2.4552206993    0.860  1.809  3.7327  2.447    4  0.000  0.497     0.00     0.00     0.00     0.00     0.00 -1    -1e-30      0.00 7.352e-01 2.638e-01 1.637e-04 6.080e-05 4.389e-04 -1.000 1.000e-03 0.247 1.499 0.654 0.193 0.047 -0.011 -0.028
0.001 -1.19029 9.90309 0.9230173230 2.4552426338    0.860  1.809  3.7332  2.449    4  0.000  0.497     0.00     0.00     0.00     0.00     0.00 -1    -1e-30      0.00 7.352e-01 2.638e-01 1.637e-04 6.081e-05 4.389e-04 -1.000 1.000e-03 0.247 1.493 0.651 0.193 0.047 -0.010 -0.027
0.001 -1.19029 9.90309 0.9231036305 2.4552643299    0.861  1.809  3.7338  2.451    4  0.000  0.497     0.00     0.00     0.00     0.00     0.00 -1    -1e-30      0.00 7.352e-01 2.638e-01 1.636e-04 6.083e-05 4.389e-04 -1.000 1.000e-03 0.248 1.488 0.650 0.193 0.049 -0.008 -0.025
0.001 -1.19029 9.90309 0.9231882691 2.4552855492    0.861  1.809  3.7344  2.454    4  0.000  0.497     0.00     0.00     0.00     0.00     0.00 -1    -1e-30      0.00 7.352e-01 2.638e-01 1.636e-04 6.084e-05 4.389e-04 -1.000 1.000e-03 0.249 1.483 0.648 0.194 0.050 -0.006 -0.022
0.001 -1.19029 9.90309 0.9232718349 2.4553065300    0.861  1.808  3.7350  2.456    4  0.000  0.497     0.00     0.00     0.00     0.00     0.00 -1    -1e-30      0.00 7.352e-01 2.638e-01 1.636e-04 6.086e-05 4.389e-04 -1.000 1.000e-03 0.249 1.478 0.646 0.194 0.051 -0.004 -0.020
0.001 -1.19029 9.90309 0.9233606458 2.4553289413    0.861  1.808  3.7355  2.459    4  0.000  0.497     0.00     0.00     0.00     0.00     0.00 -1    -1e-30      0.00 7.352e-01 2.638e-01 1.636e-04 6.087e-05 4.389e-04 -1.000 1.000e-03 0.249 1.473 0.644 0.194 0.052 -0.003 -0.018
0.001 -1.19029 9.90309 0.9234505296 2.4553515911    0.861  1.808  3.7361  2.461    4  0.000  0.497     0.00     0.00     0.00     0.00     0.00 -1    -1e-30      0.00 7.352e-01 2.638e-01 1.636e-04 6.089e-05 4.389e-04 -1.000 1.000e-03 0.250 1.468 0.642 0.194 0.054 -0.001 -0.016
0.001 -1.19029 9.90309 0.9235382080 2.4553735256    0.861  1.808  3.7366  2.464    4  0.000  0.497     0.00     0.00     0.00     0.00     0.00 -1    -1e-30      0.00 7.352e-01 2.638e-01 1.636e-04 6.090e-05 4.389e-04 -1.000 1.000e-03 0.250 1.463 0.640 0.194 0.054 0.001 -0.015
0.001 -1.19029 9.90309 0.9236240387 2.4553949833    0.861  1.808  3.7371  2.465    4  0.000  0.497     0.00     0.00     0.00     0.00     0.00 -1    -1e-30      0.00 7.352e-01 2.638e-01 1.636e-04 6.092e-05 4.389e-04 -1.000 1.000e-03 0.250 1.458 0.638 0.194 0.055 0.001 -0.014
0.001 -1.19029 9.90309 0.9237077832 2.4554162025    0.861  1.808  3.7375  2.467    4  0.000  0.497     0.00     0.00     0.00     0.00     0.00 -1    -1e-30      0.00 7.352e-01 2.638e-01 1.636e-04 6.093e-05 4.389e-04 -1.000 1.000e-03 0.249 1.454 0.636 0.193 0.055 0.002 -0.013
0.001 -1.19029 9.90309 0.9237170815 2.4554185867    0.861  1.808  3.7375  2.467    4  0.000  0.497     0.00     0.00     0.00     0.00     0.00 -1    -1e-30      0.00 7.352e-01 2.638e-01 1.636e-04 6.094e-05 4.389e-04 -1.000 1.000e-03 0.249 1.453 0.635 0.193 0.055 0.002 -0.013
0.001 -1.19029 9.90309 0.9238055348 2.4554407597    0.861  1.809  3.7379  2.468    4  0.000  0.497     0.00     0.00     0.00     0.00     0.00 -1    -1e-30      0.00 7.352e-01 2.638e-01 1.635e-04 6.095e-05 4.389e-04 -1.000 9.999e-04 0.248 1.449 0.633 0.192 0.054 0.002 -0.013
0.001 -1.19029 9.90309 0.9238938093 2.4554629326    0.861  1.809  3.7382  2.469    4  0.000  0.497     0.00     0.00     0.00     0.00     0.00 -1    -1e-30      0.00 7.352e-01 2.638e-01 1.635e-04 6.097e-05 4.389e-04 -1.000 1.000e-03 0.247 1.445 0.630 0.191 0.053 0.001 -0.013
0.001 -1.19029 9.90309 0.9239758849 2.4554834366    0.862  1.810  3.7384  2.469    4  0.000  0.497     0.00     0.00     0.00     0.00     0.00 -1    -1e-30      0.00 7.352e-01 2.638e-01 1.635e-04 6.098e-05 4.389e-04 -1.000 1.000e-03 0.245 1.441 0.628 0.189 0.052 -0.000 -0.015
0.001 -1.19029 9.90309 0.9240582585 2.4555041790    0.862  1.811  3.7385  2.469    4  0.000  0.497     0.00     0.00     0.00     0.00     0.00 -1    -1e-30      0.00 7.352e-01 2.638e-01 1.635e-04 6.100e-05 4.389e-04 -1.000 1.000e-03 0.243 1.438 0.625 0.186 0.050 -0.002 -0.016
0.001 -1.19029 9.90309 0.9241392612 2.4555244446    0.862  1.812  3.7385  2.468    4  0.000  0.497     0.00     0.00     0.00     0.00     0.00 -1    -1e-30      0.00 7.351e-01 2.639e-01 1.635e-04 6.101e-05 4.389e-04 -1.000 1.000e-03 0.240 1.435 0.622 0.184 0.047 -0.005 -0.019
0.001 -1.19029 9.90309 0.9242224693 2.4555454254    0.862  1.813  3.7385  2.466    4  0.000  0.497     0.00     0.00     0.00     0.00     0.00 -1    -1e-30      0.00 7.351e-01 2.639e-01 1.635e-04 6.102e-05 4.389e-04 -1.000 1.000e-03 0.237 1.431 0.619 0.180 0.043 -0.008 -0.023
0.001 -1.19029 9.90309 0.9243067503 2.4555664062    0.862  1.815  3.7384  2.464    4  0.000  0.497     0.00     0.00     0.00     0.00     0.00 -1    -1e-30      0.00 7.351e-01 2.639e-01 1.635e-04 6.104e-05 4.389e-04 -1.000 1.000e-03 0.232 1.428 0.615 0.176 0.039 -0.013 -0.028
0.001 -1.19029 9.90309 0.9243230224 2.4555706978    0.862  1.815  3.7384  2.464    4  0.000  0.497     0.00     0.00     0.00     0.00     0.00 -1    -1e-30      0.00 7.351e-01 2.639e-01 1.635e-04 6.104e-05 4.389e-04 -1.000 1.000e-03 0.231 1.428 0.614 0.175 0.038 -0.014 -0.029
0.001 -1.19029 9.90309 0.9243297577 2.4555723667    0.862  1.816  3.7383  2.463    4  0.000  0.497     0.00     0.00     0.00     0.00     0.00 -1    -1e-30      0.00 7.351e-01 2.639e-01 1.635e-04 6.104e-05 4.389e-04 -1.000 1.000e-03 0.231 1.427 0.613 0.174 0.037 -0.015 -0.029
0.001 -1.19029 9.90309 0.9244222045 2.4555954933    0.862  1.818  3.7381  2.460    4  0.000  0.497     0.00     0.00     0.00     0.00     0.00 -1    -1e-30      0.00 7.351e-01 2.639e-01 1.634e-04 6.106e-05 4.389e-04 -1.000 1.000e-03 0.225 1.424 0.609 0.168 0.031 -0.021 -0.036
0.001 -1.19029 9.90309 0.9245087504 2.4556171894    0.862  1.821  3.7377  2.456    4  0.000  0.497     0.00     0.00     0.00     0.00     0.00 -1    -1e-30      0.00 7.351e-01 2.639e-01 1.634e-04 6.107e-05 4.389e-04 -1.000 1.000e-03 0.218 1.421 0.603 0.162 0.024 -0.029 -0.043
0.001 -1.19029 9.90309 0.9245982170 2.4556396008    0.862  1.824  3.7372  2.450    4  0.000  0.496     0.00     0.00     0.00     0.00     0.00 -1    -1e-30      0.00 7.351e-01 2.639e-01 1.634e-04 6.109e-05 4.389e-04 -1.000 1.000e-03 0.210 1.417 0.597 0.153 0.014 -0.039 -0.054
0.001 -1.19029 9.90309 0.9246840477 2.4556610584    0.862  1.828  3.7366  2.444    4  0.000  0.496     0.00     0.00     0.00     0.00     0.00 -1    -1e-30      0.00 7.351e-01 2.639e-01 1.634e-04 6.110e-05 4.389e-04 -1.000 9.999e-04 0.200 1.414 0.590 0.144 0.004 -0.050 -0.065
0.001 -1.19029 9.90309 0.9247689843 2.4556825161    0.862  1.832  3.7359  2.437    4  0.000  0.496     0.00     0.00     0.00     0.00     0.00 -1    -1e-30      0.00 7.351e-01 2.639e-01 1.634e-04 6.112e-05 4.389e-04 -1.000 1.000e-03 0.189 1.410 0.582 0.133 -0.008 -0.063 -0.078
0.001 -1.19029 9.90309 0.9248551726 2.4557039738    0.862  1.837  3.7351  2.429    4  0.000  0.496     0.00     0.00     0.00     0.00     0.00 -1    -1e-30      0.00 7.351e-01 2.639e-01 1.634e-04 6.113e-05 4.389e-04 -1.000 1.000e-03 0.176 1.405 0.572 0.121 -0.022 -0.077 -0.093
0.001 -1.19029 9.90309 0.9249408245 2.4557254314    0.863  1.843  3.7342  2.419    4  0.000  0.496     0.00     0.00     0.00     0.00     0.00 -1    -1e-30      0.00 7.351e-01 2.639e-01 1.634e-04 6.115e-05 4.389e-04 -1.000 1.000e-03 0.162 1.400 0.562 0.107 -0.037 -0.094 -0.110
0.001 -1.19029 9.90309 0.9250255823 2.4557466507    0.863  1.850  3.7332  2.409    4  0.000  0.496     0.00     0.00     0.00     0.00     0.00 -1    -1e-30      0.00 7.351e-01 2.639e-01 1.634e-04 6.116e-05 4.389e-04 -1.000 1.000e-03 0.145 1.393 0.549 0.090 -0.055 -0.113 -0.130
0.001 -1.19029 9.90309 0.9251127839 2.4557685852    0.863  1.856  3.7324  2.399    4  0.000  0.496     0.00     0.00     0.00     0.00     0.00 -1    -1e-30      0.00 7.351e-01 2.639e-01 1.633e-04 6.118e-05 4.389e-04 -1.000 1.000e-03 0.130 1.386 0.537 0.075 -0.072 -0.130 -0.147
0.001 -1.19029 9.90309 0.9251987934 2.4557900429    0.863  1.855  3.7329  2.403    4  0.000  0.496     0.00     0.00     0.00     0.00     0.00 -1    -1e-30      0.00 7.351e-01 2.639e-01 1.633e-04 6.119e-05 4.389e-04 -1.000 1.000e-03 0.133 1.383 0.537 0.078 -0.068 -0.126 -0.143
0.001 -1.19029 9.90309 0.9252887368 2.4558124542    0.863  1.868  3.7305  2.380    4  0.000  0.496     0.00     0.00     0.00     0.00     0.00 -1    -1e-30      0.00 7.351e-01 2.639e-01 1.633e-04 6.121e-05 4.389e-04 -1.000 1.000e-03 0.099 1.374 0.514 0.045 -0.105 -0.166 -0.184
0.001 -1.19029 9.90309 0.9253752828 2.4558341503    0.863  1.898  3.7262  2.333    4  0.000  0.496     0.00     0.00     0.00     0.00     0.00 -1    -1e-30      0.00 7.351e-01 2.639e-01 1.633e-04 6.122e-05 4.389e-04 -1.000 1.000e-03 0.024 1.345 0.458 -0.028 -0.185 -0.250 -0.270
0.001 -1.19029 9.90309 0.9254302382 2.4558479786    0.863  1.936  3.7214  2.276    4  0.000  0.496     0.00     0.00     0.00     0.00     0.00 -1    -1e-30      0.00 7.351e-01 2.639e-01 1.633e-04 6.123e-05 4.389e-04 -1.000 1.000e-03 -0.070 1.304 0.385 -0.120 -0.284 -0.355 -0.378
0.001 -1.19029 9.90309 0.9254550338 2.4558541775    0.863  1.976  3.7167  2.217    4  0.000  0.496     0.00     0.00     0.00     0.00     0.00 -1    -1e-30      0.00 7.351e-01 2.639e-01 1.633e-04 6.124e-05 4.389e-04 -1.000 1.000e-03 -0.170 1.260 0.308 -0.216 -0.389 -0.465 -0.490
0.001 -1.19029 9.90309 0.9254649878 2.4558565617    0.863  2.014  3.7124  2.161    4  0.000  0.496     0.00     0.00     0.00     0.00     0.00 -1    -1e-30      0.00 7.351e-01 2.639e-01 1.633e-04 6.124e-05 4.389e-04 -1.000 1.000e-03 -0.266 1.216 0.233 -0.309 -0.489 -0.570 -0.597
0.001 -1.19029 9.90309 0.9254695177 2.4558577538    0.863  2.052  3.7084  2.107    4  0.000  0.496     0.00     0.00     0.00     0.00     0.00 -1    -1e-30      0.00 7.351e-01 2.639e-01 1.633e-04 6.124e-05 4.389e-04 -1.000 1.000e-03 -0.361 1.171 0.159 -0.400 -0.586 -0.672 -0.702
0.001 -1.19029 9.90309 0.9254718423 2.4558584690    0.863  2.088  3.7049  2.057    4  0.000  0.496     0.00     0.00     0.00     0.00     0.00 -1    -1e-30      0.00 7.351e-01 2.639e-01 1.633e-04 6.124e-05 4.389e-04 -1.000 1.000e-03 -0.451 1.127 0.087 -0.486 -0.679 -0.769 -0.800
0.001 -1.19029 9.90309 0.9254720807 2.4558584690    0.863  2.093  3.7045  2.051    4  0.000  0.496     0.00     0.00     0.00     0.00     0.00 -1    -1e-30      0.00 7.351e-01 2.639e-01 1.633e-04 6.124e-05 4.389e-04 -1.000 1.000e-03 -0.463 1.121 0.078 -0.497 -0.691 -0.782 -0.813
0.001 -1.19029 9.90309 0.9254721403 2.4558584690    0.863  2.094  3.7044  2.050    7  0.000  0.496     0.00     0.00     0.00     0.00     0.00 -1 -8.24e-10      0.00 7.351e-01 2.625e-01 1.633e-04 6.124e-05 4.389e-04 -1.000 2.445e-03 -0.464 1.120 0.077 -0.498 -0.692 -0.783 -0.814
0.001 -1.19029 9.90309 0.9254732728 2.4558587074    0.863  2.122  3.7019  2.012    7  0.000  0.496     0.00     0.00     0.00     0.00     0.00 -1 -9.69e-10      0.00 7.351e-01 2.625e-01 1.633e-04 6.124e-05 4.389e-04 -1.000 2.445e-03 -0.535 1.082 0.020 -0.566 -0.764 -0.858 -0.891
0.001 -1.19029 9.90309 0.9254745841 2.4558591843    0.863  2.156  3.6990  1.966    7  0.000  0.496     0.00     0.00     0.00     0.00     0.00 -1 -1.18e-09      0.00 7.351e-01 2.625e-01 1.633e-04 6.124e-05 4.389e-04 -1.000 2.445e-03 -0.619 1.040 -0.047 -0.647 -0.850 -0.948 -0.982
0.001 -1.19029 9.90309 0.9254758358 2.4558594227    0.863  2.180  3.6970  1.934    7  0.000  0.496     0.00     0.00     0.00     0.00     0.00 -1 -1.36e-09      0.00 7.351e-01 2.625e-01 1.633e-04 6.124e-05 4.389e-04 -1.000 2.445e-03 -0.679 1.012 -0.095 -0.703 -0.911 -1.011 -1.046
0.001 -1.19029 9.90309 0.9254770875 2.4558596611    0.863  2.197  3.6955  1.911    7  0.000  0.496     0.00     0.00     0.00     0.00     0.00 -1  -1.5e-09      0.00 7.351e-01 2.625e-01 1.633e-04 6.124e-05 4.389e-04 -1.000 2.445e-03 -0.722 0.992 -0.129 -0.744 -0.954 -1.057 -1.093
0.001 -1.19029 9.90309 0.9254791141 2.4558601379    0.863  2.196  3.6957  1.913    7  0.000  0.496     0.00     0.00     0.00     0.00     0.00 -1 -1.49e-09      0.00 7.351e-01 2.625e-01 1.633e-04 6.124e-05 4.389e-04 -1.000 2.445e-03 -0.719 0.993 -0.127 -0.742 -0.952 -1.054 -1.090
0.001 -1.19029 9.90309 0.9254826307 2.4558610916    0.863  2.191  3.6961  1.919    7  0.000  0.496     0.00     0.00     0.00     0.00     0.00 -1 -1.45e-09      0.00 7.351e-01 2.625e-01 1.633e-04 6.124e-05 4.389e-04 -1.000 2.445e-03 -0.708 0.997 -0.118 -0.731 -0.940 -1.042 -1.078
0.001 -1.19029 9.90309 0.9254869223 2.4558620453    0.862  2.189  3.6962  1.921    7  0.000  0.496     0.00     0.00     0.00     0.00     0.00 -1 -1.43e-09      0.00 7.351e-01 2.625e-01 1.633e-04 6.124e-05 4.389e-04 -1.000 2.445e-03 -0.704 1.000 -0.115 -0.727 -0.936 -1.037 -1.073
0.001 -1.19029 9.90309 0.9255160093 2.4558694363    0.861  2.177  3.6972  1.937    7  0.000  0.496     0.00     0.00     0.00     0.00     0.00 -1 -1.33e-09      0.00 7.351e-01 2.625e-01 1.633e-04 6.125e-05 4.389e-04 -1.000 2.445e-03 -0.672 1.015 -0.089 -0.697 -0.904 -1.004 -1.039
0.001 -1.19029 9.90309 0.9255443215 2.4558765888    0.860  2.206  3.6947  1.897    7  0.000  0.496     0.00     0.00     0.00     0.00     0.00 -1 -1.58e-09      0.00 7.351e-01 2.625e-01 1.633e-04 6.125e-05 4.389e-04 -1.000 2.445e-03 -0.745 0.982 -0.147 -0.766 -0.978 -1.081 -1.118
0.001 -1.19029 9.90309 0.9255724549 2.4558835030    0.859  2.250  3.6910  1.838    7  0.000  0.496     0.00     0.00     0.00     0.00     0.00 -1 -2.04e-09      0.00 7.351e-01 2.625e-01 1.633e-04 6.126e-05 4.389e-04 -1.000 2.445e-03 -0.854 0.933 -0.232 -0.869 -1.088 -1.196 -1.235
0.001 -1.19029 9.90309 0.9255992770 2.4558901787    0.857  2.308  3.6860  1.759    7  0.000  0.496     0.00     0.00     0.00     0.00     0.00 -1 -2.87e-09      0.00 7.351e-01 2.625e-01 1.633e-04 6.126e-05 4.389e-04 -1.000 2.444e-03 -0.999 0.872 -0.343 -1.005 -1.232 -1.348 -1.390
0.001 -1.19029 9.90309 0.9256231785 2.4558961391    0.855  2.357  3.6819  1.693    7  0.000  0.496     0.00     0.00     0.00     0.00     0.00 -1  -3.8e-09      0.00 7.351e-01 2.625e-01 1.633e-04 6.127e-05 4.389e-04 -1.000 2.444e-03 -1.122 0.838 -0.436 -1.124 -1.358 -1.478 -1.523
0.001 -1.19029 9.90309 0.9256442189 2.4559013844    0.852  2.401  3.6783  1.633    7  0.000  0.496     0.00     0.00     0.00     0.00     0.00 -1  -4.9e-09      0.00 7.351e-01 2.625e-01 1.633e-04 6.127e-05 4.389e-04 -1.000 2.432e-03 -1.232 0.813 -0.518 -1.230 -1.470 -1.594 -1.642
0.001 -1.19029 9.90309 0.9256624579 2.4559061527    0.849  2.443  3.6749  1.576    7  0.000  0.496     0.00     0.00     0.00     0.00     0.00 -1 -6.22e-09      0.00 7.351e-01 2.625e-01 1.633e-04 6.128e-05 4.389e-04 -1.000 2.389e-03 -1.336 0.794 -0.593 -1.331 -1.576 -1.705 -1.754
0.001 -1.19029 9.90309 0.9256784320 2.4559099674    0.846  2.482  3.6717  1.522    7  0.000  0.496     0.00     0.00     0.00     0.00     0.00 -1 -7.83e-09      0.00 7.351e-01 2.626e-01 1.633e-04 6.129e-05 4.389e-04 -1.000 2.353e-03 -1.436 0.778 -0.664 -1.426 -1.678 -1.810 -1.862
0.001 -1.19029 9.90309 0.9256925583 2.4559135437    0.843  2.521  3.6685  1.468    7  0.000  0.496     7.29     5.73     4.07     3.14     2.54  3 -9.86e-09      0.00 7.351e-01 2.626e-01 1.631e-04 6.133e-05 4.389e-04 -1.000 2.344e-03 -1.533 0.771 -0.730 -1.519 -1.776 -1.912 -1.966
0.001 -1.19029 9.90309 0.9257053137 2.4559168816    0.839  2.560  3.6651  1.415    7  0.000  0.494     8.16     6.31     4.46     3.45     2.79  3 -1.23e-08      0.00 7.351e-01 2.626e-01 1.628e-04 6.154e-05 4.389e-04 -1.000 2.340e-03 -1.629 0.778 -0.790 -1.608 -1.872 -2.012 -2.069
0.001 -1.19029 9.90309 0.9257169962 2.4559197426    0.834  2.598  3.6580  1.345    7  0.000  0.491     9.44     7.15     5.02     3.89     3.15  3 -1.56e-08      0.00 7.351e-01 2.626e-01 1.618e-04 6.235e-05 4.389e-04 -1.000 2.297e-03 -1.726 0.896 -0.809 -1.688 -1.965 -2.116 -2.178
0.001 -1.19029 9.90309 0.9257224202 2.4559209347    0.831  2.618  3.6553  1.313    7  0.000  0.489    10.09     7.57     5.30     4.11     3.33  3 -1.75e-08      0.00 7.351e-01 2.626e-01 1.609e-04 6.330e-05 4.389e-04 -1.000 2.282e-03 -1.775 0.916 -0.829 -1.727 -2.010 -2.165 -2.230
0.001 -1.19029 9.90309 0.9257326722 2.4559235573    0.826  2.657  3.6514  1.256    7  0.000  0.483    11.36     8.37     5.84     4.54     3.67  3 -2.21e-08      0.00 7.351e-01 2.627e-01 1.589e-04 6.560e-05 4.389e-04 -1.000 2.260e-03 -1.872 0.924 -0.883 -1.809 -2.102 -2.262 -2.330
0.001 -1.19029 9.90309 0.9257423282 2.4559259415    0.819  2.695  3.6483  1.201    7  0.000  0.476    12.71     9.22     6.40     4.98     4.04  3 -2.77e-08      0.00 7.351e-01 2.627e-01 1.568e-04 6.810e-05 4.389e-04 -1.000 2.229e-03 -1.968 0.920 -0.941 -1.891 -2.192 -2.358 -2.429
0.001 -1.19029 9.90309 0.9257516265 2.4559283257    0.810  2.733  3.6450  1.145    7  0.000  0.470    14.26    10.18     7.03     5.48     4.44  2 -3.48e-08      0.00 7.351e-01 2.628e-01 1.549e-04 7.043e-05 4.389e-04 -1.000 2.191e-03 -2.064 0.920 -0.997 -1.972 -2.281 -2.453 -2.526
0.001 -1.19029 9.90309 0.9257605672 2.4559304714    0.800  2.772  3.6415  1.087    7  0.000  0.465    16.06    11.26     7.74     6.05     4.90  2 -4.39e-08      0.00 7.350e-01 2.628e-01 1.532e-04 7.253e-05 4.389e-04 -1.000 2.172e-03 -2.160 0.925 -1.051 -2.052 -2.371 -2.549 -2.625
0.001 -1.19029 9.90309 0.9257687330 2.4559326172    0.789  2.809  3.6382  1.031    7  0.000  0.461    18.01    12.41     8.50     6.65     5.39  2 -5.52e-08      0.00 7.350e-01 2.629e-01 1.517e-04 7.431e-05 4.389e-04 -1.000 2.171e-03 -2.251 0.932 -1.100 -2.127 -2.455 -2.639 -2.718
0.001 -1.19029 9.90309 0.9257768989 2.4559347630    0.774  2.846  3.6347  0.971    7  0.000  0.457    20.35    13.77     9.38     7.35     5.96  2 -7.12e-08      0.00 7.349e-01 2.629e-01 1.504e-04 7.599e-05 4.389e-04 -1.000 2.153e-03 -2.346 0.951 -1.144 -2.202 -2.541 -2.732 -2.813
0.001 -1.19029 9.90309 0.9257847071 2.4559366703    0.756  2.884  3.6310  0.908    7  0.000  0.453    23.12    15.34    10.39     8.17     6.62  2 -9.24e-08      0.00 7.349e-01 2.630e-01 1.491e-04 7.748e-05 4.388e-04 -1.000 2.126e-03 -2.441 0.980 -1.183 -2.276 -2.627 -2.825 -2.909
0.001 -1.19029 9.90309 0.9257913828 2.4559383392    0.736  2.919  3.6276  0.849    7  0.000  0.450    26.06    16.96    11.43     9.01     7.30  1 -1.18e-07      0.00 7.348e-01 2.631e-01 1.482e-04 7.864e-05 4.387e-04 -1.000 2.112e-03 -2.527 1.008 -1.215 -2.341 -2.703 -2.909 -2.996
0.001 -1.19029 9.90309 0.9257961512 2.4559395313    0.719  2.947  3.6249  0.799    7  0.000  0.448    28.79    18.44    12.37     9.77     7.92  1 -1.46e-07      0.00 7.348e-01 2.631e-01 1.475e-04 7.944e-05 4.387e-04 -1.000 2.148e-03 -2.597 1.031 -1.240 -2.394 -2.766 -2.977 -3.067
0.001 -1.19029 9.90309 0.9257998466 2.4559404850    0.701  2.975  3.6224  0.751    7  0.000  0.447    31.77    20.01    13.37    10.58     8.58  1 -1.82e-07      0.00 7.347e-01 2.631e-01 1.470e-04 8.016e-05 4.386e-04 -1.000 2.159e-03 -2.667 1.049 -1.268 -2.448 -2.828 -3.045 -3.137
0.001 -1.19029 9.90309 0.9258035421 2.4559414387    0.680  3.006  3.6196  0.695    7  0.000  0.445    35.53    21.95    14.59    11.58     9.39  1 -2.34e-07      0.00 7.347e-01 2.632e-01 1.464e-04 8.092e-05 4.385e-04 -1.000 2.130e-03 -2.745 1.068 -1.299 -2.508 -2.898 -3.121 -3.215
0.001 -1.19029 9.90309 0.9258067012 2.4559421539    0.655  3.036  3.6175  0.641    7  0.000  0.444    39.62    23.99    15.87    12.63    10.24  1 -3.02e-07      0.00 7.347e-01 2.632e-01 1.459e-04 8.157e-05 4.384e-04 -1.000 2.114e-03 -2.820 1.077 -1.332 -2.567 -2.967 -3.194 -3.290
0.001 -1.19029 9.90309 0.9258095622 2.4559428692    0.627  3.065  3.6163  0.588    7  0.000  0.442    44.03    26.11    17.19    13.72    11.12  1 -3.96e-07      0.00 7.346e-01 2.633e-01 1.454e-04 8.214e-05 4.382e-04 -1.000 2.121e-03 -2.892 1.068 -1.375 -2.630 -3.036 -3.266 -3.364
0.001 -1.19029 9.90309 0.9258124232 2.4559435844    0.591  3.095  3.6185  0.541    7  0.000  0.441    48.16    27.98    18.34    14.68    11.90  1 -5.46e-07      0.00 7.346e-01 2.633e-01 1.450e-04 8.270e-05 4.380e-04 -1.000 2.124e-03 -2.967 0.980 -1.467 -2.719 -3.120 -3.346 -3.442
0.001 -1.19029 9.90309 0.9258131385 2.4559438229    0.579  3.102  3.6213  0.535    7  0.000  0.441    48.56    28.11    18.42    14.75    11.95  1 -5.99e-07      0.00 7.346e-01 2.633e-01 1.449e-04 8.282e-05 4.380e-04 -1.000 2.114e-03 -2.986 0.909 -1.520 -2.756 -3.149 -3.370 -3.464
0.001 -1.19029 9.90309 0.9258131981 2.4559438229    0.577  3.103  3.6216  0.535    7  0.000  0.441    48.62    28.13    18.43    14.76    11.96  1 -6.04e-07      0.00 7.346e-01 2.633e-01 1.449e-04 8.283e-05 4.380e-04 -1.000 2.113e-03 -2.988 0.902 -1.525 -2.759 -3.152 -3.373 -3.467
0.001 -1.19029 9.90309 0.9258132577 2.4559438229    0.577  3.104  3.6217  0.534    7  0.000  0.441    48.66    28.15    18.44    14.77    11.97  1 -6.09e-07      0.00 7.346e-01 2.633e-01 1.449e-04 8.284e-05 4.380e-04 -1.000 2.112e-03 -2.989 0.897 -1.528 -2.762 -3.154 -3.375 -3.468
0.001 -1.19029 9.90309 0.9258133769 2.4559438229    0.575  3.105  3.6220  0.533    7  0.000  0.441    48.73    28.17    18.45    14.78    11.98  1 -6.15e-07      0.00 7.346e-01 2.633e-01 1.449e-04 8.285e-05 4.380e-04 -1.000 2.111e-03 -2.992 0.890 -1.534 -2.766 -3.157 -3.377 -3.471
0.001 -1.19029 9.90309 0.9258134961 2.4559438229    0.573  3.107  3.6226  0.532    7  0.000  0.441    48.85    28.22    18.48    14.81    12.00  1 -6.28e-07      0.00 7.346e-01 2.633e-01 1.449e-04 8.287e-05 4.380e-04 -1.000 2.109e-03 -2.996 0.874 -1.545 -2.774 -3.164 -3.383 -3.476
0.001 -1.19029 9.90309 0.9258136749 2.4559438229    0.570  3.109  3.6233  0.530    7  0.000  0.441    49.01    28.28    18.51    14.84    12.02  1 -6.44e-07      0.00 7.346e-01 2.633e-01 1.449e-04 8.290e-05 4.380e-04 -1.000 2.106e-03 -3.002 0.855 -1.558 -2.784 -3.172 -3.390 -3.483
0.001 -1.19029 9.90309 0.9258138537 2.4559438229    0.567  3.111  3.6238  0.528    7  0.000  0.441    49.13    28.32    18.54    14.86    12.04  1 -6.58e-07      0.00 7.346e-01 2.633e-01 1.449e-04 8.292e-05 4.380e-04 -1.000 2.104e-03 -3.007 0.840 -1.570 -2.792 -3.179 -3.396 -3.488
0.001 -1.19029 9.90309 0.9258141518 2.4559440613    0.562  3.114  3.6250  0.526    7  0.000  0.441    49.34    28.40    18.58    14.90    12.07  1 -6.85e-07      0.00 7.346e-01 2.633e-01 1.448e-04 8.297e-05 4.380e-04 -1.000 2.100e-03 -3.016 0.809 -1.592 -2.808 -3.192 -3.407 -3.498
0.001 -1.19029 9.90309 0.9258145094 2.4559440613    0.556  3.119  3.6281  0.529    7  0.000  0.441    48.94    28.16    18.43    14.79    11.98  1 -7.21e-07      0.00 7.346e-01 2.633e-01 1.448e-04 8.302e-05 4.380e-04 -1.000 2.091e-03 -3.027 0.730 -1.642 -2.839 -3.214 -3.423 -3.512
0.001 -1.19029 9.90309 0.9258149266 2.4559440613    0.547  3.124  3.6321  0.533    7  0.000  0.441    48.38    27.85    18.23    14.63    11.85  1 -7.68e-07      0.00 7.346e-01 2.633e-01 1.447e-04 8.307e-05 4.380e-04 -1.000 2.081e-03 -3.040 0.629 -1.704 -2.876 -3.240 -3.442 -3.528
0.001 -1.19029 9.90309 0.9258151650 2.4559442997    0.543  3.133  3.6363  0.536    7  0.000  0.440    47.93    27.60    18.07    14.51    11.75  1 -8.14e-07      0.00 7.346e-01 2.634e-01 1.446e-04 8.325e-05 4.379e-04 -1.000 2.075e-03 -3.064 0.511 -1.778 -2.923 -3.277 -3.471 -3.554
0.001 -1.19029 9.90309 0.9258152843 2.4559442997    0.528  3.141  3.6394  0.529    7  0.000  0.440    48.44    27.76    18.16    14.59    11.81  0 -8.46e-07      0.00 7.346e-01 2.634e-01 1.444e-04 8.354e-05 4.377e-04 -1.000 2.071e-03 -3.082 0.430 -1.830 -2.959 -3.305 -3.493 -3.574
0.001 -1.19029 9.90309 1.0934826136 2.4905769825    0.546 -9.999  3.7336  7.949    9  0.546  0.000     0.00     0.00     0.00     0.00     0.00 -1    -1e-30      0.00 7.277e-01 2.714e-01 1.348e-04 1.063e-04 4.391e-04 -1.000 9.460e-04 29.767 31.192 30.635 30.460 30.466 30.507 30.545
#isochrone terminated
