# File generated by CMD 3.6 (http://stev.oapd.inaf.it/cmd) on Thu Apr 21 17:47:02 CEST 2022
# isochrones based on PARSEC release v1.2S +  COLIBRI S_37 + S_35 + PR16
# Basic references: Bressan et al. (2012), MNRAS, 427, 127 + Chen et al. (2014, 2015), MNRAS, 444, 2525 + MNRAS, 452, 1068 + Tang et al. (2014), MNRAS, 445, 4287 + Marigo et al. (2017), ApJ, 835, 77 + Pastorelli al. (2019), MNRAS, 485, 5666 + Pastorelli al. (2020), MNRAS, in press
# Thermal pulse cycles included 
# On RGB, assumed Reimers mass loss with efficiency eta=0.2
# LPV periods and growth rates added cf. Trabucchi et al. (2019)
# but fundamental-mode LPV periods are from Trabucchi et al. (2021)
# Photometric system: DECAM (ABmags)
# Using YBC version of bolometric corrections as in Chen et al. (2019)
# O-rich circumstellar dpmod60alox40 dust from Groenewegen (2006)
# C-rich circumstellar AMCSIC15 dust from Groenewegen (2006)
# IMF: Kroupa (2001, 2002) + Kroupa et al. (2013) canonical two-part-power law IMF corrected for unresolved binaries 
# Kind of output: isochrone tables
# Zini     MH   logAge Mini        int_IMF         Mass   logL    logTe  logg  label   McoreTP C_O  period0  period1  period2  period3  period4  pmode  Mloss  tau1m   X   Y   Xc  Xn  Xo  Cexcess  Z 	 mbolmag  umag    gmag    rmag    imag    zmag    Ymag
0.0001 -2.19174 9.00000 0.1000000015 1.1711064577    0.100 -2.790  3.5571  5.409    0  0.000  0.545     0.00     0.00     0.00     0.00     0.00 -1 -1.27e-16      0.00 7.505e-01 2.494e-01 1.798e-05 4.851e-06 4.400e-05 -1.000 1.000e-04 11.746 15.974 13.694 12.131 11.475 11.176 11.077
0.0001 -2.19174 9.00000 0.1006477326 1.1764944792    0.101 -2.780  3.5581  5.405    0  0.000  0.545     0.00     0.00     0.00     0.00     0.00 -1 -1.31e-16      0.00 7.505e-01 2.494e-01 1.798e-05 4.851e-06 4.400e-05 -1.000 9.999e-05 11.720 15.925 13.654 12.097 11.450 11.153 11.054
0.0001 -2.19174 9.00000 0.1032739505 1.1978870630    0.103 -2.740  3.5623  5.392    0  0.000  0.545     0.00     0.00     0.00     0.00     0.00 -1 -1.44e-16      0.00 7.504e-01 2.495e-01 1.798e-05 4.851e-06 4.400e-05 -1.000 9.996e-05 11.619 15.728 13.494 11.969 11.352 11.061 10.963
0.0001 -2.19174 9.00000 0.1067620367 1.2252311707    0.106 -2.687  3.5678  5.375    0  0.000  0.545     0.00     0.00     0.00     0.00     0.00 -1 -1.63e-16      0.00 7.504e-01 2.495e-01 1.798e-05 4.851e-06 4.400e-05 -1.000 1.000e-04 11.487 15.464 13.285 11.803 11.223 10.941 10.844
0.0001 -2.19174 9.00000 0.1098214313 1.2482755184    0.109 -2.642  3.5725  5.360    0  0.000  0.545     0.00     0.00     0.00     0.00     0.00 -1 -1.81e-16      0.00 7.504e-01 2.495e-01 1.798e-05 4.851e-06 4.400e-05 -1.000 1.000e-04 11.375 15.242 13.110 11.666 11.112 10.837 10.743
0.0001 -2.19174 9.00000 0.1238498837 1.3441720009    0.123 -2.468  3.5890  5.305    1  0.000  0.545     0.00     0.00     0.00     0.00     0.00 -1 -2.72e-16      0.00 7.502e-01 2.497e-01 1.798e-05 4.851e-06 4.400e-05 -1.000 1.000e-04 10.939 14.417 12.464 11.162 10.680 10.429 10.342
0.0001 -2.19174 9.00000 0.1294642836 1.3786746264    0.129 -2.403  3.5951  5.284    1  0.000  0.545     0.00     0.00     0.00     0.00     0.00 -1 -3.15e-16      0.00 7.501e-01 2.498e-01 1.798e-05 4.851e-06 4.400e-05 -1.000 1.000e-04 10.778 14.123 12.233 10.981 10.519 10.277 10.193
0.0001 -2.19174 9.00000 0.1491071582 1.4855960608    0.149 -2.249  3.6064  5.237    1  0.000  0.545     0.00     0.00     0.00     0.00     0.00 -1 -4.43e-16      0.00 7.499e-01 2.500e-01 1.798e-05 4.851e-06 4.400e-05 -1.000 9.996e-05 10.392 13.497 11.722 10.561 10.131 9.906 9.827
0.0001 -2.19174 9.00000 0.1687500030 1.5756140947    0.168 -2.132  3.6138  5.203    0  0.000  0.545     0.00     0.00     0.00     0.00     0.00 -1 -5.67e-16      0.00 7.497e-01 2.502e-01 1.798e-05 4.851e-06 4.400e-05 -1.000 9.990e-05 10.100 13.057 11.353 10.248 9.838 9.623 9.549
0.0001 -2.19174 9.00000 0.2080357224 1.7204496861    0.207 -1.943  3.6251  5.150    1  0.000  0.545     0.00     0.00     0.00     0.00     0.00 -1 -8.37e-16      0.00 7.495e-01 2.504e-01 1.798e-05 4.851e-06 4.400e-05 -1.000 9.999e-05 9.628 12.371 10.770 9.744 9.362 9.164 9.096
0.0001 -2.19174 9.00000 0.2571428716 1.8581268787    0.257 -1.760  3.6354  5.101    1  0.000  0.545     0.00     0.00     0.00     0.00     0.00 -1 -1.21e-15      0.00 7.492e-01 2.507e-01 1.798e-05 4.851e-06 4.400e-05 -1.000 9.999e-05 9.170 11.728 10.217 9.258 8.901 8.717 8.654
0.0001 -2.19174 9.00000 0.3062500358 1.9652637243    0.306 -1.609  3.6437  5.059    1  0.000  0.545     0.00     0.00     0.00     0.00     0.00 -1 -1.65e-15      0.00 7.491e-01 2.508e-01 1.798e-05 4.851e-06 4.400e-05 -1.000 1.000e-04 8.793 11.210 9.770 8.860 8.521 8.349 8.291
0.0001 -2.19174 9.00000 0.3553571403 2.0521113873    0.355 -1.479  3.6511  5.024    1  0.000  0.545     0.00     0.00     0.00     0.00     0.00 -1 -2.15e-15      0.00 7.492e-01 2.507e-01 1.798e-05 4.851e-06 4.400e-05 -1.000 1.000e-04 8.467 10.762 9.383 8.516 8.193 8.031 7.977
0.0001 -2.19174 9.00000 0.3708106875 2.0762646198    0.371 -1.438  3.6536  5.011    1  0.000  0.545     0.00     0.00     0.00     0.00     0.00 -1 -2.35e-15      0.00 7.498e-01 2.501e-01 1.798e-05 4.851e-06 4.400e-05 -1.000 1.000e-04 8.365 10.619 9.262 8.407 8.090 7.931 7.879
0.0001 -2.19174 9.00000 0.4044643044 2.1246092319    0.404 -1.352  3.6586  4.983    0  0.000  0.545     0.00     0.00     0.00     0.00     0.00 -1 -2.84e-15      0.00 7.508e-01 2.491e-01 1.798e-05 4.851e-06 4.400e-05 -1.000 9.993e-05 8.150 10.324 9.009 8.181 7.874 7.723 7.673
0.0001 -2.19174 9.00000 0.4535714388 2.1864814758    0.453 -1.220  3.6701  4.947    1  0.000  0.545     0.00     0.00     0.00     0.00     0.00 -1 -3.78e-15      0.00 7.508e-01 2.491e-01 1.798e-05 4.851e-06 4.400e-05 -1.000 9.999e-05 7.820 9.815 8.597 7.829 7.545 7.409 7.365
0.0001 -2.19174 9.00000 0.5026785731 2.2401986122    0.503 -1.076  3.6830  4.899    1  0.000  0.545     0.00     0.00     0.00     0.00     0.00 -1 -5.29e-15      0.00 7.509e-01 2.490e-01 1.797e-05 4.848e-06 4.398e-05 -1.000 9.674e-05 7.460 9.266 8.154 7.447 7.189 7.069 7.032
0.0001 -2.19174 9.00000 0.5517857671 2.2851314545    0.551 -0.919  3.6983  4.843    1  0.000  0.545     0.00     0.00     0.00     0.00     0.00 -1 -7.71e-15      0.00 7.537e-01 2.462e-01 1.779e-05 4.799e-06 4.352e-05 -1.000 1.682e-05 7.067 8.665 7.673 7.036 6.807 6.706 6.677
0.0001 -2.19174 9.00000 0.6008928418 2.3217256069    0.601 -0.757  3.7175  4.796    1  0.000  0.545     0.00     0.00     0.00     0.00     0.00 -1 -1.13e-14      0.00 7.547e-01 2.452e-01 1.771e-05 4.779e-06 4.335e-05 -1.000 1.000e-04 6.663 8.033 7.176 6.619 6.426 6.347 6.328
0.0001 -2.19174 9.00000 0.6499999762 2.3520355225    0.650 -0.599  3.7383  4.755    1  0.000  0.545     0.00     0.00     0.00     0.00     0.00 -1 -1.64e-14      0.00 7.563e-01 2.436e-01 1.762e-05 4.753e-06 4.311e-05 -1.000 1.000e-04 6.267 7.431 6.699 6.221 6.063 6.008 5.998
0.0001 -2.19174 9.00000 0.6999999881 2.3779268265    0.700 -0.445  3.7607  4.723    1  0.000  0.545     0.00     0.00     0.00     0.00     0.00 -1 -2.34e-14      0.00 7.585e-01 2.414e-01 1.748e-05 4.716e-06 4.278e-05 -1.000 1.000e-04 5.882 6.868 6.243 5.850 5.730 5.699 5.698
0.0001 -2.19174 9.00000 0.7306236625 2.3917880058    0.731 -0.354  3.7737  4.703    1  0.000  0.540     0.00     0.00     0.00     0.00     0.00 -1 -2.89e-14      0.00 7.605e-01 2.394e-01 1.720e-05 4.676e-06 4.246e-05 -1.000 1.000e-04 5.656 6.564 5.986 5.638 5.538 5.520 5.524
0.0001 -2.19174 9.00000 0.7500000000 2.3998889923    0.750 -0.299  3.7817  4.691    1  0.000  0.537     0.00     0.00     0.00     0.00     0.00 -1 -3.28e-14      0.00 7.621e-01 2.378e-01 1.702e-05 4.648e-06 4.223e-05 -1.000 9.993e-05 5.518 6.383 5.831 5.510 5.422 5.411 5.418
0.0001 -2.19174 9.00000 0.7614440918 2.4044516087    0.761 -0.267  3.7857  4.682    1  0.000  0.537     0.00     0.00     0.00     0.00     0.00 -1 -3.54e-14      0.00 7.629e-01 2.370e-01 1.698e-05 4.637e-06 4.213e-05 -1.000 9.994e-05 5.439 6.284 5.743 5.436 5.355 5.348 5.356
0.0001 -2.19174 9.00000 0.8000000119 2.4187245369    0.800 -0.164  3.7989  4.652    1  0.000  0.537     0.00     0.00     0.00     0.00     0.00 -1 -4.54e-14      0.00 7.660e-01 2.339e-01 1.682e-05 4.597e-06 4.178e-05 -1.000 8.346e-05 5.179 5.965 5.455 5.194 5.133 5.140 5.153
0.0001 -2.19174 9.00000 0.8500000238 2.4350347519    0.850 -0.035  3.8154  4.616    1  0.000  0.537     0.00     0.00     0.00     0.00     0.00 -1 -6.17e-14      0.00 7.658e-01 2.341e-01 1.688e-05 4.614e-06 4.195e-05 -1.000 9.996e-05 4.858 5.588 5.101 4.893 4.858 4.880 4.898
0.0001 -2.19174 9.00000 0.8653044105 2.4395959377    0.865  0.003  3.8204  4.606    1  0.000  0.537     0.00     0.00     0.00     0.00     0.00 -1 -6.75e-14      0.00 7.659e-01 2.340e-01 1.687e-05 4.611e-06 4.192e-05 -1.000 9.996e-05 4.763 5.479 4.996 4.802 4.775 4.802 4.822
0.0001 -2.19174 9.00000 0.8999999762 2.4492788315    0.899  0.087  3.8314  4.583    1  0.000  0.536     0.00     0.00     0.00     0.00     0.00 -1 -8.25e-14      0.00 7.662e-01 2.337e-01 1.685e-05 4.608e-06 4.189e-05 -1.000 1.000e-04 4.553 5.240 4.763 4.602 4.591 4.630 4.653
0.0001 -2.19174 9.00000 0.9129099846 2.4526662827    0.912  0.117  3.8357  4.576    1  0.000  0.537     0.00     0.00     0.00     0.00     0.00 -1 -8.85e-14      0.00 7.662e-01 2.337e-01 1.686e-05 4.608e-06 4.189e-05 -1.000 1.001e-04 4.478 5.155 4.678 4.530 4.526 4.569 4.593
0.0001 -2.19174 9.00000 0.9499999881 2.4618122578    0.949  0.202  3.8477  4.557    1  0.000  0.537     0.00     0.00     0.00     0.00     0.00 -1 -1.08e-13      0.00 7.657e-01 2.342e-01 1.687e-05 4.613e-06 4.193e-05 -1.000 1.000e-04 4.266 4.918 4.440 4.327 4.343 4.397 4.424
0.0001 -2.19174 9.00000 0.9701553583 2.4664466381    0.970  0.246  3.8547  4.549    1  0.000  0.536     0.00     0.00     0.00     0.00     0.00 -1 -1.19e-13      0.00 7.660e-01 2.339e-01 1.686e-05 4.609e-06 4.190e-05 -1.000 9.665e-05 4.155 4.793 4.314 4.222 4.249 4.309 4.338
0.0001 -2.19174 9.00000 1.0000000000 2.4729156494    1.000  0.311  3.8648  4.538    1  0.000  0.536     0.00     0.00     0.00     0.00     0.00 -1 -1.38e-13      0.00 7.663e-01 2.336e-01 1.685e-05 4.605e-06 4.187e-05 -1.000 9.610e-05 3.993 4.614 4.130 4.068 4.112 4.182 4.213
0.0001 -2.19174 9.00000 1.0243315697 2.4778699875    1.024  0.362  3.8742  4.535    1  0.000  0.536     0.00     0.00     0.00     0.00     0.00 -1 -1.48e-13      0.00 7.666e-01 2.333e-01 1.683e-05 4.601e-06 4.183e-05 -1.000 9.996e-05 3.866 4.472 3.982 3.949 4.009 4.087 4.119
0.0001 -2.19174 9.00000 1.0499999523 2.4828116894    1.049  0.415  3.8842  4.533    1  0.000  0.536     0.00     0.00     0.00     0.00     0.00 -1  -1.6e-13      0.00 7.668e-01 2.331e-01 1.682e-05 4.598e-06 4.180e-05 -1.000 9.997e-05 3.733 4.326 3.829 3.826 3.904 3.990 4.023
0.0001 -2.19174 9.00000 1.0764495134 2.4876210690    1.076  0.467  3.8953  4.536    1  0.000  0.537     0.00     0.00     0.00     0.00     0.00 -1  -1.7e-13      0.00 7.671e-01 2.328e-01 1.680e-05 4.594e-06 4.176e-05 -1.000 9.993e-05 3.602 4.181 3.676 3.707 3.804 3.899 3.933
0.0001 -2.19174 9.00000 1.1000000238 2.4916803837    1.099  0.513  3.9051  4.538    1  0.000  0.536     0.00     0.00     0.00     0.00     0.00 -1  -1.8e-13      0.00 7.673e-01 2.326e-01 1.679e-05 4.591e-06 4.174e-05 -1.000 9.999e-05 3.487 4.056 3.544 3.605 3.720 3.821 3.856
0.0001 -2.19174 9.00000 1.1206098795 2.4950721264    1.120  0.553  3.9135  4.540    1  0.000  0.536     0.00     0.00     0.00     0.00     0.00 -1 -1.88e-13      0.00 7.676e-01 2.323e-01 1.678e-05 4.587e-06 4.171e-05 -1.000 1.000e-04 3.388 3.950 3.433 3.521 3.650 3.757 3.792
0.0001 -2.19174 9.00000 1.1499999762 2.4996678829    1.149  0.608  3.9252  4.543    1  0.000  0.536     0.00     0.00     0.00     0.00     0.00 -1 -1.99e-13      0.00 7.678e-01 2.321e-01 1.677e-05 4.584e-06 4.168e-05 -1.000 1.000e-04 3.250 3.806 3.284 3.407 3.556 3.669 3.705
0.0001 -2.19174 9.00000 1.1560158730 2.5005755424    1.155  0.619  3.9275  4.544    1  0.000  0.536     0.00     0.00     0.00     0.00     0.00 -1 -2.01e-13      0.00 7.678e-01 2.321e-01 1.676e-05 4.583e-06 4.167e-05 -1.000 1.000e-04 3.222 3.778 3.255 3.385 3.538 3.652 3.688
0.0001 -2.19174 9.00000 1.2000000477 2.5068950653    1.199  0.699  3.9441  4.546    1  0.000  0.536     0.00     0.00     0.00     0.00     0.00 -1 -2.18e-13      0.00 7.682e-01 2.317e-01 1.674e-05 4.579e-06 4.163e-05 -1.000 9.994e-05 3.023 3.584 3.062 3.240 3.415 3.536 3.574
0.0001 -2.19174 9.00000 1.2176679373 2.5092861652    1.217  0.730  3.9505  4.547    1  0.000  0.536     0.00     0.00     0.00     0.00     0.00 -1 -2.24e-13      0.00 7.684e-01 2.315e-01 1.673e-05 4.576e-06 4.161e-05 -1.000 9.994e-05 2.944 3.509 2.991 3.186 3.369 3.492 3.530
0.0001 -2.19174 9.00000 1.2500000000 2.5134611130    1.250  0.788  3.9621  4.548    1  0.000  0.536     0.00     0.00     0.00     0.00     0.00 -1 -2.35e-13      0.00 7.687e-01 2.312e-01 1.672e-05 4.572e-06 4.157e-05 -1.000 1.000e-04 2.801 3.373 2.869 3.089 3.285 3.413 3.453
0.0001 -2.19174 9.00000 1.2987289429 2.5193042755    1.299  0.872  3.9790  4.547    1  0.000  0.536     0.00     0.00     0.00     0.00     0.00 -1  -2.5e-13      0.00 7.691e-01 2.308e-01 1.670e-05 4.566e-06 4.152e-05 -1.000 8.541e-05 2.589 3.174 2.700 2.950 3.163 3.297 3.340
0.0001 -2.19174 9.00000 1.2999999523 2.5194499493    1.300  0.875  3.9795  4.547    1  0.000  0.536     0.00     0.00     0.00     0.00     0.00 -1 -2.51e-13      0.00 7.691e-01 2.308e-01 1.670e-05 4.566e-06 4.152e-05 -1.000 8.425e-05 2.583 3.169 2.696 2.947 3.160 3.294 3.337
0.0001 -2.19174 9.00000 1.3263618946 2.5223991871    1.326  0.921  3.9884  4.545    1  0.000  0.536     0.00     0.00     0.00     0.00     0.00 -1 -2.58e-13      0.00 7.693e-01 2.306e-01 1.668e-05 4.563e-06 4.149e-05 -1.000 8.154e-05 2.467 3.063 2.609 2.874 3.094 3.231 3.277
0.0001 -2.19174 9.00000 1.3500000238 2.5249314308    1.350  0.963  3.9965  4.543    1  0.000  0.536     0.00     0.00     0.00     0.00     0.00 -1 -2.65e-13      0.00 7.695e-01 2.304e-01 1.668e-05 4.561e-06 4.147e-05 -1.000 1.000e-04 2.363 2.968 2.534 2.809 3.036 3.175 3.223
0.0001 -2.19174 9.00000 1.3644765615 2.5264325142    1.364  0.988  4.0013  4.542    1  0.000  0.536     0.00     0.00     0.00     0.00     0.00 -1 -2.67e-13      0.00 7.696e-01 2.303e-01 1.667e-05 4.559e-06 4.146e-05 -1.000 1.000e-04 2.300 2.912 2.490 2.771 3.001 3.142 3.190
0.0001 -2.19174 9.00000 1.3999093771 2.5299563408    1.400  1.050  4.0131  4.538    1  0.000  0.536     0.00     0.00     0.00     0.00     0.00 -1 -2.75e-13      0.00 7.698e-01 2.301e-01 1.666e-05 4.556e-06 4.143e-05 -1.000 1.000e-04 2.144 2.775 2.384 2.678 2.915 3.059 3.111
0.0001 -2.19174 9.00000 1.3999999762 2.5299651623    1.400  1.050  4.0131  4.538    1  0.000  0.536     0.00     0.00     0.00     0.00     0.00 -1 -2.75e-13      0.00 7.698e-01 2.301e-01 1.666e-05 4.556e-06 4.143e-05 -1.000 9.999e-05 2.144 2.774 2.383 2.678 2.914 3.059 3.111
0.0001 -2.19174 9.00000 1.4201478958 2.5318787098    1.420  1.086  4.0199  4.536    1  0.000  0.536     0.00     0.00     0.00     0.00     0.00 -1 -2.76e-13      0.00 7.700e-01 2.299e-01 1.665e-05 4.553e-06 4.141e-05 -1.000 9.996e-05 2.055 2.697 2.324 2.625 2.865 3.012 3.066
0.0001 -2.19174 9.00000 1.4466137886 2.5342993736    1.447  1.134  4.0287  4.531    1  0.000  0.536     0.00     0.00     0.00     0.00     0.00 -1 -2.79e-13      0.00 7.702e-01 2.297e-01 1.664e-05 4.551e-06 4.139e-05 -1.000 9.996e-05 1.935 2.595 2.245 2.554 2.799 2.949 3.006
0.0001 -2.19174 9.00000 1.4500000477 2.5346016884    1.450  1.140  4.0299  4.531    1  0.000  0.536     0.00     0.00     0.00     0.00     0.00 -1 -2.79e-13      0.00 7.702e-01 2.297e-01 1.664e-05 4.550e-06 4.138e-05 -1.000 9.994e-05 1.919 2.582 2.235 2.545 2.791 2.941 2.998
0.0001 -2.19174 9.00000 1.4708927870 2.5364320278    1.471  1.179  4.0372  4.527    1  0.000  0.536     0.00     0.00     0.00     0.00     0.00 -1 -2.77e-13      0.00 7.704e-01 2.295e-01 1.663e-05 4.549e-06 4.137e-05 -1.000 1.000e-04 1.822 2.502 2.173 2.489 2.738 2.891 2.950
0.0001 -2.19174 9.00000 1.4931671619 2.5383186340    1.493  1.221  4.0447  4.522    1  0.000  0.536     0.00     0.00     0.00     0.00     0.00 -1 -2.76e-13      0.00 7.705e-01 2.294e-01 1.663e-05 4.547e-06 4.136e-05 -1.000 9.997e-05 1.718 2.417 2.106 2.429 2.681 2.836 2.897
0.0001 -2.19174 9.00000 1.5000000000 2.5388846397    1.500  1.233  4.0470  4.521    1  0.000  0.536     0.00     0.00     0.00     0.00     0.00 -1 -2.75e-13      0.00 7.705e-01 2.294e-01 1.663e-05 4.547e-06 4.135e-05 -1.000 9.997e-05 1.686 2.391 2.085 2.410 2.663 2.819 2.881
0.0001 -2.19174 9.00000 1.5055696964 2.5393414497    1.505  1.244  4.0488  4.519    1  0.000  0.536     0.00     0.00     0.00     0.00     0.00 -1 -2.73e-13      0.00 7.705e-01 2.294e-01 1.662e-05 4.546e-06 4.135e-05 -1.000 9.996e-05 1.661 2.370 2.069 2.394 2.648 2.805 2.867
0.0001 -2.19174 9.00000 1.5312923193 2.5414018631    1.531  1.292  4.0565  4.509    1  0.000  0.536     0.00     0.00     0.00     0.00     0.00 -1 -2.64e-13      0.00 7.708e-01 2.291e-01 1.661e-05 4.543e-06 4.132e-05 -1.000 9.835e-05 1.539 2.269 1.986 2.317 2.574 2.733 2.798
0.0001 -2.19174 9.00000 1.5499999523 2.5428512096    1.550  1.328  4.0613  4.497    1  0.000  0.536     0.00     0.00     0.00     0.00     0.00 -1 -2.59e-13      0.00 7.709e-01 2.290e-01 1.660e-05 4.542e-06 4.131e-05 -1.000 1.000e-04 1.450 2.193 1.921 2.256 2.515 2.675 2.741
0.0001 -2.19174 9.00000 1.5554159880 2.5432634354    1.555  1.338  4.0625  4.494    1  0.000  0.536     0.00     0.00     0.00     0.00     0.00 -1 -2.54e-13      0.00 7.709e-01 2.290e-01 1.660e-05 4.542e-06 4.130e-05 -1.000 1.001e-04 1.425 2.171 1.902 2.238 2.497 2.658 2.724
0.0001 -2.19174 9.00000 1.5781855583 2.5449602604    1.578  1.380  4.0667  4.474    1  0.000  0.536     0.00     0.00     0.00     0.00     0.00 -1 -2.36e-13      0.00 7.710e-01 2.289e-01 1.660e-05 4.540e-06 4.129e-05 -1.000 1.000e-04 1.319 2.076 1.818 2.156 2.417 2.580 2.647
0.0001 -2.19174 9.00000 1.6000000238 2.5465342999    1.600  1.421  4.0690  4.448    1  0.000  0.536     0.00     0.00     0.00     0.00     0.00 -1 -2.23e-13      0.00 7.711e-01 2.288e-01 1.659e-05 4.539e-06 4.128e-05 -1.000 9.999e-05 1.216 1.978 1.727 2.068 2.329 2.492 2.560
0.0001 -2.19174 9.00000 1.6074687243 2.5470616817    1.607  1.435  4.0695  4.439    1  0.000  0.536     0.00     0.00     0.00     0.00     0.00 -1 -5.39e-16      0.00 7.711e-01 2.288e-01 1.659e-05 4.539e-06 4.128e-05 -1.000 9.994e-05 1.181 1.944 1.695 2.036 2.298 2.460 2.529
0.0001 -2.19174 9.00000 1.6266387701 2.5483903885    1.626  1.472  4.0698  4.409    1  0.000  0.536     0.00     0.00     0.00     0.00     0.00 -1 -1.15e-22      0.00 7.711e-01 2.288e-01 1.659e-05 4.538e-06 4.128e-05 -1.000 1.000e-04 1.090 1.850 1.606 1.947 2.209 2.370 2.440
0.0001 -2.19174 9.00000 1.6484261751 2.5498573780    1.648  1.514  4.0684  4.366    1  0.000  0.536     0.00     0.00     0.00     0.00     0.00 -1 -3.47e-30      0.00 7.712e-01 2.287e-01 1.659e-05 4.538e-06 4.128e-05 -1.000 1.000e-04 0.985 1.735 1.493 1.833 2.095 2.255 2.324
0.0001 -2.19174 9.00000 1.6499999762 2.5499615669    1.649  1.517  4.0679  4.361    1  0.000  0.536     0.00     0.00     0.00     0.00     0.00 -1    -1e-30      0.00 7.712e-01 2.287e-01 1.659e-05 4.538e-06 4.128e-05 -1.000 1.000e-04 0.977 1.725 1.482 1.822 2.084 2.243 2.312
0.0001 -2.19174 9.00000 1.6651937962 2.5509562492    1.665  1.548  4.0657  4.327    1  0.000  0.536     0.00     0.00     0.00     0.00     0.00 -1    -1e-30      0.00 7.712e-01 2.287e-01 1.659e-05 4.539e-06 4.128e-05 -1.000 9.999e-05 0.901 1.639 1.395 1.734 1.995 2.153 2.222
0.0001 -2.19174 9.00000 1.6875245571 2.5523810387    1.687  1.594  4.0609  4.266    1  0.000  0.536     0.00     0.00     0.00     0.00     0.00 -1    -1e-30      0.00 7.711e-01 2.288e-01 1.660e-05 4.540e-06 4.130e-05 -1.000 9.999e-05 0.784 1.499 1.253 1.590 1.849 2.003 2.072
0.0001 -2.19174 9.00000 1.7000000477 2.5531582832    1.699  1.623  4.0582  4.230    1  0.000  0.536     0.00     0.00     0.00     0.00     0.00 -1    -1e-30      0.00 7.710e-01 2.289e-01 1.660e-05 4.542e-06 4.131e-05 -1.000 1.000e-04 0.712 1.414 1.167 1.502 1.761 1.912 1.981
0.0001 -2.19174 9.00000 1.7054562569 2.5534939766    1.705  1.636  4.0570  4.214    1  0.000  0.536     0.00     0.00     0.00     0.00     0.00 -1    -1e-30      0.00 7.710e-01 2.289e-01 1.660e-05 4.542e-06 4.131e-05 -1.000 1.000e-04 0.680 1.376 1.129 1.464 1.722 1.872 1.940
0.0001 -2.19174 9.00000 1.7095222473 2.5537426472    1.709  1.646  4.0561  4.201    1  0.000  0.536     0.00     0.00     0.00     0.00     0.00 -1    -1e-30      0.00 7.710e-01 2.289e-01 1.660e-05 4.542e-06 4.131e-05 -1.000 9.997e-05 0.656 1.348 1.100 1.434 1.692 1.841 1.910
0.0001 -2.19174 9.00000 1.7129257917 2.5539498329    1.712  1.657  4.0588  4.202    1  0.000  0.536     0.00     0.00     0.00     0.00     0.00 -1    -1e-30      0.00 7.709e-01 2.290e-01 1.661e-05 4.542e-06 4.131e-05 -1.000 1.000e-04 0.628 1.328 1.086 1.422 1.681 1.831 1.900
0.0001 -2.19174 9.00000 1.7188559771 2.5543084145    1.718  1.681  4.0686  4.218    1  0.000  0.536     0.00     0.00     0.00     0.00     0.00 -1    -1e-30      0.00 7.709e-01 2.290e-01 1.661e-05 4.543e-06 4.131e-05 -1.000 9.996e-05 0.567 1.302 1.076 1.418 1.680 1.836 1.907
0.0001 -2.19174 9.00000 1.7202646732 2.5543930531    1.719  1.697  4.0790  4.244    1  0.000  0.536     0.00     0.00     0.00     0.00     0.00 -1    -1e-30      0.00 7.709e-01 2.290e-01 1.661e-05 4.543e-06 4.132e-05 -1.000 1.000e-04 0.528 1.301 1.091 1.439 1.704 1.866 1.939
0.0001 -2.19174 9.00000 1.7208714485 2.5544295311    1.720  1.716  4.0894  4.267    1  0.000  0.536     0.00     0.00     0.00     0.00     0.00 -1    -1e-30      0.00 7.709e-01 2.290e-01 1.661e-05 4.544e-06 4.132e-05 -1.000 1.000e-04 0.481 1.295 1.100 1.453 1.722 1.889 1.964
0.0001 -2.19174 9.00000 1.7212063074 2.5544495583    1.720  1.738  4.0986  4.282    1  0.000  0.536     0.00     0.00     0.00     0.00     0.00 -1    -1e-30      0.00 7.709e-01 2.290e-01 1.661e-05 4.544e-06 4.132e-05 -1.000 1.000e-04 0.425 1.275 1.094 1.452 1.724 1.895 1.973
0.0001 -2.19174 9.00000 1.7212600708 2.5544528961    1.720  1.742  4.0998  4.283    1  0.000  0.536     0.00     0.00     0.00     0.00     0.00 -1    -1e-30      0.00 7.709e-01 2.290e-01 1.661e-05 4.544e-06 4.132e-05 -1.000 1.000e-04 0.416 1.270 1.091 1.450 1.722 1.894 1.972
0.0001 -2.19174 9.00000 1.7213242054 2.5544567108    1.720  1.738  4.0964  4.273    1  0.000  0.536     0.00     0.00     0.00     0.00     0.00 -1    -1e-30      0.00 7.709e-01 2.290e-01 1.661e-05 4.544e-06 4.132e-05 -1.000 1.000e-04 0.426 1.266 1.082 1.439 1.710 1.881 1.958
0.0001 -2.19174 9.00000 1.7214461565 2.5544641018    1.720  1.733  4.0894  4.250    2  0.000  0.536     0.00     0.00     0.00     0.00     0.00 -1    -1e-30      0.00 7.709e-01 2.290e-01 1.661e-05 4.544e-06 4.132e-05 -1.000 1.000e-04 0.437 1.249 1.056 1.410 1.679 1.845 1.921
0.0001 -2.19174 9.00000 1.7216051817 2.5544736385    1.721  1.747  4.0792  4.196    2  0.000  0.536     0.00     0.00     0.00     0.00     0.00 -1    -1e-30      0.00 7.709e-01 2.290e-01 1.661e-05 4.544e-06 4.132e-05 -1.000 1.000e-04 0.403 1.173 0.968 1.316 1.582 1.742 1.816
0.0001 -2.19174 9.00000 1.7218464613 2.5544879436    1.721  1.769  4.0693  4.134    2  0.000  0.536     0.00     0.00     0.00     0.00     0.00 -1    -1e-30      0.00 7.709e-01 2.290e-01 1.661e-05 4.544e-06 4.132e-05 -1.000 1.000e-04 0.347 1.075 0.859 1.202 1.465 1.618 1.691
0.0001 -2.19174 9.00000 1.7222011089 2.5545094013    1.721  1.785  4.0591  4.077    2  0.000  0.536     0.00     0.00     0.00     0.00     0.00 -1    -1e-30      0.00 7.709e-01 2.290e-01 1.661e-05 4.544e-06 4.132e-05 -1.000 9.999e-05 0.307 0.994 0.766 1.104 1.363 1.510 1.581
0.0001 -2.19174 9.00000 1.7226818800 2.5545382500    1.722  1.797  4.0489  4.025    2  0.000  0.536     0.00     0.00     0.00     0.00     0.00 -1    -1e-30      0.00 7.709e-01 2.290e-01 1.661e-05 4.544e-06 4.132e-05 -1.000 1.000e-04 0.278 0.925 0.685 1.017 1.272 1.413 1.482
0.0001 -2.19174 9.00000 1.7232832909 2.5545742512    1.722  1.807  4.0384  3.973    2  0.000  0.536     0.00     0.00     0.00     0.00     0.00 -1    -1e-30      0.00 7.708e-01 2.291e-01 1.661e-05 4.544e-06 4.133e-05 -1.000 1.000e-04 0.254 0.864 0.608 0.934 1.186 1.319 1.386
0.0001 -2.19174 9.00000 1.7239513397 2.5546140671    1.723  1.815  4.0274  3.921    2  0.000  0.536     0.00     0.00     0.00     0.00     0.00 -1    -1e-30      0.00 7.708e-01 2.291e-01 1.661e-05 4.545e-06 4.133e-05 -1.000 9.996e-05 0.232 0.805 0.533 0.851 1.098 1.225 1.290
0.0001 -2.19174 9.00000 1.7246130705 2.5546536446    1.724  1.823  4.0159  3.867    2  0.000  0.536     0.00     0.00     0.00     0.00     0.00 -1    -1e-30      0.00 7.708e-01 2.291e-01 1.661e-05 4.545e-06 4.133e-05 -1.000 9.999e-05 0.212 0.750 0.458 0.768 1.011 1.131 1.192
0.0001 -2.19174 9.00000 1.7252178192 2.5546898842    1.724  1.830  4.0039  3.812    2  0.000  0.536     0.00     0.00     0.00     0.00     0.00 -1    -1e-30      0.00 7.708e-01 2.291e-01 1.662e-05 4.545e-06 4.133e-05 -1.000 9.997e-05 0.194 0.699 0.385 0.686 0.924 1.037 1.095
0.0001 -2.19174 9.00000 1.7257477045 2.5547213554    1.725  1.836  3.9916  3.757    2  0.000  0.536     0.00     0.00     0.00     0.00     0.00 -1    -1e-30      0.00 7.708e-01 2.291e-01 1.662e-05 4.545e-06 4.133e-05 -1.000 1.000e-04 0.179 0.654 0.317 0.608 0.839 0.944 1.000
0.0001 -2.19174 9.00000 1.7262052298 2.5547487736    1.725  1.842  3.9791  3.702    2  0.000  0.536     0.00     0.00     0.00     0.00     0.00 -1    -1e-30      0.00 7.708e-01 2.291e-01 1.662e-05 4.545e-06 4.133e-05 -1.000 1.000e-04 0.166 0.617 0.255 0.534 0.757 0.856 0.908
0.0001 -2.19174 9.00000 1.7266004086 2.5547723770    1.726  1.846  3.9666  3.648    2  0.000  0.536     0.00     0.00     0.00     0.00     0.00 -1    -1e-30      0.00 7.708e-01 2.291e-01 1.662e-05 4.546e-06 4.134e-05 -1.000 1.000e-04 0.156 0.589 0.201 0.465 0.680 0.772 0.821
0.0001 -2.19174 9.00000 1.7269446850 2.5547928810    1.726  1.849  3.9540  3.594    2  0.000  0.536     0.00     0.00     0.00     0.00     0.00 -1    -1e-30      0.00 7.707e-01 2.292e-01 1.662e-05 4.546e-06 4.134e-05 -1.000 1.000e-04 0.147 0.569 0.156 0.403 0.608 0.693 0.738
0.0001 -2.19174 9.00000 1.7272471189 2.5548107624    1.726  1.852  3.9415  3.541    2  0.000  0.536     0.00     0.00     0.00     0.00     0.00 -1    -1e-30      0.00 7.707e-01 2.292e-01 1.662e-05 4.546e-06 4.134e-05 -1.000 1.001e-04 0.141 0.555 0.120 0.347 0.540 0.618 0.661
0.0001 -2.19174 9.00000 1.7275160551 2.5548269749    1.727  1.854  3.9290  3.489    2  0.000  0.536     0.00     0.00     0.00     0.00     0.00 -1    -1e-30      0.00 7.707e-01 2.292e-01 1.662e-05 4.546e-06 4.134e-05 -1.000 1.000e-04 0.136 0.551 0.094 0.297 0.477 0.550 0.589
0.0001 -2.19174 9.00000 1.7277575731 2.5548412800    1.727  1.855  3.9165  3.438    2  0.000  0.536     0.00     0.00     0.00     0.00     0.00 -1    -1e-30      0.00 7.707e-01 2.292e-01 1.662e-05 4.546e-06 4.134e-05 -1.000 9.999e-05 0.132 0.554 0.082 0.256 0.418 0.487 0.524
0.0001 -2.19174 9.00000 1.7279764414 2.5548541546    1.727  1.856  3.9041  3.388    2  0.000  0.536     0.00     0.00     0.00     0.00     0.00 -1    -1e-30      0.00 7.707e-01 2.292e-01 1.662e-05 4.546e-06 4.134e-05 -1.000 1.000e-04 0.129 0.563 0.081 0.219 0.364 0.427 0.462
0.0001 -2.19174 9.00000 1.7281759977 2.5548660755    1.727  1.857  3.8917  3.337    2  0.000  0.536     0.00     0.00     0.00     0.00     0.00 -1    -1e-30      0.00 7.707e-01 2.292e-01 1.662e-05 4.546e-06 4.134e-05 -1.000 9.999e-05 0.128 0.580 0.090 0.189 0.314 0.373 0.406
0.0001 -2.19174 9.00000 1.7283589840 2.5548770428    1.727  1.857  3.8794  3.288    2  0.000  0.536     0.00     0.00     0.00     0.00     0.00 -1    -1e-30      0.00 7.707e-01 2.292e-01 1.662e-05 4.546e-06 4.134e-05 -1.000 1.000e-04 0.127 0.604 0.109 0.167 0.271 0.325 0.356
0.0001 -2.19174 9.00000 1.7285276651 2.5548870564    1.728  1.857  3.8670  3.239    2  0.000  0.536     0.00     0.00     0.00     0.00     0.00 -1    -1e-30      0.00 7.707e-01 2.292e-01 1.662e-05 4.546e-06 4.134e-05 -1.000 1.000e-04 0.128 0.633 0.135 0.151 0.232 0.282 0.310
0.0001 -2.19174 9.00000 1.7286839485 2.5548963547    1.728  1.856  3.8547  3.190    2  0.000  0.536     0.00     0.00     0.00     0.00     0.00 -1    -1e-30      0.00 7.707e-01 2.292e-01 1.662e-05 4.546e-06 4.134e-05 -1.000 9.997e-05 0.129 0.666 0.165 0.139 0.198 0.241 0.267
0.0001 -2.19174 9.00000 1.7288297415 2.5549049377    1.728  1.856  3.8423  3.141    2  0.000  0.536     0.00     0.00     0.00     0.00     0.00 -1    -1e-30      0.00 7.707e-01 2.292e-01 1.662e-05 4.546e-06 4.134e-05 -1.000 1.000e-04 0.131 0.703 0.198 0.132 0.167 0.203 0.226
0.0001 -2.19174 9.00000 1.7289671898 2.5549132824    1.728  1.855  3.8299  3.093    2  0.000  0.536     0.00     0.00     0.00     0.00     0.00 -1    -1e-30      0.00 7.707e-01 2.292e-01 1.662e-05 4.546e-06 4.134e-05 -1.000 9.999e-05 0.134 0.744 0.233 0.126 0.139 0.168 0.187
0.0001 -2.19174 9.00000 1.7291048765 2.5549213886    1.728  1.853  3.8170  3.042    2  0.000  0.536     0.00     0.00     0.00     0.00     0.00 -1    -1e-30      0.00 7.707e-01 2.292e-01 1.662e-05 4.547e-06 4.134e-05 -1.000 1.000e-04 0.137 0.793 0.274 0.123 0.113 0.133 0.148
0.0001 -2.19174 9.00000 1.7292621136 2.5549306870    1.728  1.851  3.8029  2.989    2  0.000  0.536     0.00     0.00     0.00     0.00     0.00 -1    -1e-30      0.00 7.707e-01 2.292e-01 1.662e-05 4.547e-06 4.134e-05 -1.000 1.000e-04 0.143 0.856 0.324 0.125 0.090 0.098 0.109
0.0001 -2.19174 9.00000 1.7294659615 2.5549428463    1.728  1.846  3.7882  2.934    2  0.000  0.536     0.00     0.00     0.00     0.00     0.00 -1    -1e-30      0.00 7.707e-01 2.292e-01 1.662e-05 4.547e-06 4.134e-05 -1.000 9.996e-05 0.155 0.935 0.384 0.133 0.073 0.067 0.074
0.0001 -2.19174 9.00000 1.7297283411 2.5549583435    1.729  1.837  3.7743  2.888    2  0.000  0.536     0.00     0.00     0.00     0.00     0.00 -1    -1e-30      0.00 7.705e-01 2.294e-01 1.663e-05 4.549e-06 4.137e-05 -1.000 1.000e-04 0.177 1.028 0.454 0.153 0.069 0.050 0.051
0.0001 -2.19174 9.00000 1.7300460339 2.5549771786    1.729  1.822  3.7617  2.852    2  0.000  0.536     0.00     0.00     0.00     0.00     0.00 -1    -1e-30      0.00 7.671e-01 2.328e-01 1.682e-05 4.600e-06 4.182e-05 -1.000 9.996e-05 0.214 1.138 0.535 0.191 0.084 0.053 0.050
0.0001 -2.19174 9.00000 1.7302091122 2.5549869537    1.729  1.814  3.7562  2.839    2  0.000  0.537     0.00     0.00     0.00     0.00     0.00 -1    -1e-30      0.00 7.635e-01 2.364e-01 1.702e-05 4.653e-06 4.229e-05 -1.000 1.000e-04 0.236 1.195 0.577 0.213 0.097 0.060 0.055
0.0001 -2.19174 9.00000 1.7302765846 2.5549910069    1.729  1.812  3.7544  2.834    2  0.000  0.537     0.00     0.00     0.00     0.00     0.00 -1    -1e-30      0.00 7.615e-01 2.384e-01 1.713e-05 4.683e-06 4.256e-05 -1.000 9.999e-05 0.241 1.212 0.589 0.218 0.099 0.061 0.054
0.0001 -2.19174 9.00000 1.7306127548 2.5550107956    1.730  1.811  3.7472  2.806    2  0.000  0.537     0.00     0.00     0.00     0.00     0.00 -1    -1e-30      0.00 7.569e-01 2.430e-01 1.739e-05 4.751e-06 4.317e-05 -1.000 1.000e-04 0.243 1.262 0.617 0.220 0.089 0.043 0.034
0.0001 -2.19174 9.00000 1.7310794592 2.5550384521    1.730  1.829  3.7403  2.760    3  0.000  0.537     0.00     0.00     0.00     0.00     0.00 -1    -1e-30      0.00 7.539e-01 2.460e-01 1.752e-05 4.807e-06 4.353e-05 -1.000 9.999e-05 0.198 1.265 0.598 0.175 0.033 -0.021 -0.033
0.0001 -2.19174 9.00000 1.7315417528 2.5550658703    1.731  1.860  3.7367  2.715    3  0.000  0.527     0.00     0.00     0.00     0.00     0.00 -1    -1e-30      0.00 7.522e-01 2.477e-01 1.725e-05 4.997e-06 4.364e-05 -1.000 9.994e-05 0.120 1.215 0.534 0.099 -0.050 -0.108 -0.122
0.0001 -2.19174 9.00000 1.7319995165 2.5550930500    1.731  1.893  3.7342  2.672    3  0.000  0.485     0.00     0.00     0.00     0.00     0.00 -1    -1e-30      0.00 7.505e-01 2.494e-01 1.590e-05 6.459e-06 4.370e-05 -1.000 9.993e-05 0.039 1.153 0.461 0.018 -0.135 -0.196 -0.211
0.0001 -2.19174 9.00000 1.7324528694 2.5551197529    1.731  1.925  3.7321  2.632    3  0.000  0.442     0.00     0.00     0.00     0.00     0.00 -1    -1e-30      0.00 7.485e-01 2.514e-01 1.450e-05 8.125e-06 4.374e-05 -1.000 9.990e-05 -0.043 1.086 0.387 -0.064 -0.220 -0.283 -0.299
0.0001 -2.19174 9.00000 1.7329657078 2.5551500320    1.732  1.963  3.7301  2.586    3  0.000  0.398     0.00     0.00     0.00     0.00     0.00 -1    -1e-30      0.00 7.461e-01 2.538e-01 1.308e-05 9.834e-06 4.378e-05 -1.000 9.996e-05 -0.136 1.009 0.301 -0.156 -0.316 -0.381 -0.398
0.0001 -2.19174 9.00000 1.7334100008 2.5551762581    1.732  1.994  3.7286  2.549    3  0.000  0.371     0.00     0.00     0.00     0.00     0.00 -1    -1e-30      0.00 7.439e-01 2.560e-01 1.218e-05 1.095e-05 4.379e-05 -1.000 9.999e-05 -0.216 0.941 0.227 -0.235 -0.397 -0.464 -0.482
0.0001 -2.19174 9.00000 1.7334918976 2.5551812649    1.732  2.000  3.7283  2.542    3  0.000  0.367     0.00     0.00     0.00     0.00     0.00 -1    -1e-30      0.00 7.434e-01 2.565e-01 1.205e-05 1.112e-05 4.379e-05 -1.000 1.000e-04 -0.231 0.928 0.213 -0.250 -0.412 -0.479 -0.497
0.0001 -2.19174 9.00000 1.7336556911 2.5551908016    1.733  2.012  3.7278  2.528    3  0.000  0.359     0.00     0.00     0.00     0.00     0.00 -1    -1e-30      0.00 7.425e-01 2.574e-01 1.179e-05 1.144e-05 4.379e-05 -1.000 9.996e-05 -0.261 0.902 0.185 -0.279 -0.443 -0.510 -0.528
0.0001 -2.19174 9.00000 1.7337834835 2.5551984310    1.733  2.021  3.7274  2.517    3  0.000  0.355     0.00     0.00     0.00     0.00     0.00 -1    -1e-30      0.00 7.419e-01 2.580e-01 1.166e-05 1.162e-05 4.379e-05 -1.000 9.999e-05 -0.283 0.883 0.164 -0.302 -0.466 -0.534 -0.552
0.0001 -2.19174 9.00000 1.7342286110 2.5552246571    1.733  2.053  3.7261  2.480    3  0.000  0.341     0.00     0.00     0.00     0.00     0.00 -1    -1e-30      0.00 7.397e-01 2.602e-01 1.121e-05 1.218e-05 4.377e-05 -1.000 1.000e-04 -0.362 0.815 0.090 -0.380 -0.546 -0.616 -0.635
0.0001 -2.19174 9.00000 1.7347840071 2.5552575588    1.734  2.092  3.7245  2.435    3  0.000  0.329     0.00     0.00     0.00     0.00     0.00 -1    -1e-30      0.00 7.371e-01 2.628e-01 1.079e-05 1.271e-05 4.372e-05 -1.000 1.001e-04 -0.459 0.733 -0.001 -0.477 -0.646 -0.717 -0.737
0.0001 -2.19174 9.00000 1.7353554964 2.5552911758    1.734  2.132  3.7228  2.389    3  0.000  0.321     0.00     0.00     0.00     0.00     0.00 -1    -1e-30      0.00 7.349e-01 2.650e-01 1.049e-05 1.310e-05 4.363e-05 -1.000 9.999e-05 -0.560 0.647 -0.095 -0.577 -0.749 -0.822 -0.842
0.0001 -2.19174 9.00000 1.7358330488 2.5553193092    1.735  2.165  3.7215  2.350    3  0.000  0.316     0.00     0.00     0.00     0.00     0.00 -1    -1e-30      0.00 7.333e-01 2.666e-01 1.031e-05 1.336e-05 4.354e-05 -1.000 9.996e-05 -0.644 0.576 -0.174 -0.661 -0.834 -0.909 -0.930
0.0001 -2.19174 9.00000 1.7362900972 2.5553462505    1.735  2.197  3.7202  2.313    3  0.000  0.313     0.00     0.00     0.00     0.00     0.00 -1    -1e-30      0.00 7.319e-01 2.680e-01 1.019e-05 1.358e-05 4.344e-05 -1.000 9.996e-05 -0.723 0.508 -0.249 -0.740 -0.916 -0.992 -1.014
0.0001 -2.19174 9.00000 1.7368341684 2.5553781986    1.736  2.235  3.7186  2.269    3  0.000  0.310     0.00     0.00     0.00     0.00     0.00 -1    -1e-30      0.00 7.306e-01 2.693e-01 1.008e-05 1.381e-05 4.332e-05 -1.000 1.000e-04 -0.817 0.430 -0.336 -0.834 -1.012 -1.090 -1.112
0.0001 -2.19174 9.00000 1.7372659445 2.5554034710    1.736  2.265  3.7174  2.234    3  0.000  0.309     0.00     0.00     0.00     0.00     0.00 -1    -1e-30      0.00 7.299e-01 2.700e-01 1.001e-05 1.397e-05 4.323e-05 -1.000 1.000e-04 -0.892 0.368 -0.406 -0.908 -1.088 -1.168 -1.191
0.0001 -2.19174 9.00000 1.7377015352 2.5554292202    1.737  2.296  3.7161  2.198    3  0.000  0.308     0.00     0.00     0.00     0.00     0.00 -1    -1e-30      0.00 7.292e-01 2.707e-01 9.964e-06 1.412e-05 4.313e-05 -1.000 9.999e-05 -0.970 0.303 -0.478 -0.985 -1.168 -1.249 -1.273
0.0001 -2.19174 9.00000 1.7381894588 2.5554578304    1.737  2.330  3.7147  2.159    3  0.000  0.308     0.00     0.00     0.00     0.00     0.00 -1    -1e-30      0.00 7.285e-01 2.714e-01 9.920e-06 1.428e-05 4.301e-05 -1.000 1.000e-04 -1.055 0.233 -0.557 -1.069 -1.254 -1.337 -1.362
0.0001 -2.19174 9.00000 1.7382646799 2.5554621220    1.737  2.335  3.7145  2.153    3  0.000  0.307     0.00     0.00     0.00     0.00     0.00 -1    -1e-30      0.00 7.284e-01 2.715e-01 9.914e-06 1.431e-05 4.299e-05 -1.000 1.000e-04 -1.067 0.223 -0.568 -1.082 -1.267 -1.350 -1.375
0.0001 -2.19174 9.00000 1.7382851839 2.5554633141    1.737  2.317  3.7154  2.174    3  0.000  0.307     0.00     0.00     0.00     0.00     0.00 -1    -1e-30      0.00 7.284e-01 2.715e-01 9.914e-06 1.431e-05 4.299e-05 -1.000 1.000e-04 -1.023 0.258 -0.528 -1.038 -1.222 -1.304 -1.328
0.0001 -2.19174 9.00000 1.7382882833 2.5554635525    1.737  2.303  3.7161  2.191    3  0.000  0.307     0.00     0.00     0.00     0.00     0.00 -1    -1e-30      0.00 7.284e-01 2.715e-01 9.914e-06 1.431e-05 4.299e-05 -1.000 9.999e-05 -0.987 0.287 -0.495 -1.002 -1.185 -1.266 -1.290
0.0001 -2.19174 9.00000 1.7382897139 2.5554637909    1.737  2.291  3.7166  2.205    3  0.000  0.307     0.00     0.00     0.00     0.00     0.00 -1    -1e-30      0.00 7.284e-01 2.715e-01 9.914e-06 1.431e-05 4.299e-05 -1.000 1.000e-04 -0.958 0.310 -0.469 -0.974 -1.156 -1.236 -1.260
0.0001 -2.19174 9.00000 1.7382915020 2.5554637909    1.737  2.278  3.7172  2.221    3  0.000  0.307     0.00     0.00     0.00     0.00     0.00 -1    -1e-30      0.00 7.284e-01 2.715e-01 9.914e-06 1.431e-05 4.299e-05 -1.000 1.000e-04 -0.924 0.337 -0.437 -0.940 -1.121 -1.200 -1.224
0.0001 -2.19174 9.00000 1.7382935286 2.5554637909    1.737  2.264  3.7178  2.237    4  0.000  0.307     0.00     0.00     0.00     0.00     0.00 -1    -1e-30      0.00 7.284e-01 2.715e-01 9.914e-06 1.431e-05 4.299e-05 -1.000 1.000e-04 -0.889 0.366 -0.405 -0.906 -1.085 -1.164 -1.187
0.0001 -2.19174 9.00000 1.7382959127 2.5554640293    1.737  2.250  3.7185  2.254    4  0.000  0.307     0.00     0.00     0.00     0.00     0.00 -1    -1e-30      0.00 7.284e-01 2.715e-01 9.914e-06 1.431e-05 4.299e-05 -1.000 1.000e-04 -0.854 0.394 -0.373 -0.870 -1.049 -1.127 -1.150
0.0001 -2.19174 9.00000 1.7382988930 2.5554642677    1.737  2.234  3.7192  2.273    4  0.000  0.307     0.00     0.00     0.00     0.00     0.00 -1    -1e-30      0.00 7.284e-01 2.715e-01 9.914e-06 1.431e-05 4.299e-05 -1.000 9.996e-05 -0.815 0.425 -0.337 -0.832 -1.009 -1.087 -1.109
0.0001 -2.19174 9.00000 1.7383024693 2.5554645061    1.737  2.216  3.7201  2.294    4  0.000  0.307     0.00     0.00     0.00     0.00     0.00 -1    -1e-30      0.00 7.284e-01 2.715e-01 9.914e-06 1.431e-05 4.299e-05 -1.000 1.000e-04 -0.771 0.461 -0.297 -0.788 -0.964 -1.040 -1.062
0.0001 -2.19174 9.00000 1.7383069992 2.5554647446    1.737  2.197  3.7211  2.317    4  0.000  0.307     0.00     0.00     0.00     0.00     0.00 -1    -1e-30      0.00 7.284e-01 2.715e-01 9.914e-06 1.431e-05 4.299e-05 -1.000 1.001e-04 -0.723 0.500 -0.252 -0.740 -0.914 -0.990 -1.011
0.0001 -2.19174 9.00000 1.7383135557 2.5554649830    1.737  2.175  3.7222  2.344    4  0.000  0.307     0.00     0.00     0.00     0.00     0.00 -1    -1e-30      0.00 7.284e-01 2.715e-01 9.914e-06 1.431e-05 4.299e-05 -1.000 9.999e-05 -0.667 0.546 -0.201 -0.685 -0.857 -0.931 -0.952
0.0001 -2.19174 9.00000 1.7383259535 2.5554656982    1.737  2.142  3.7239  2.383    4  0.000  0.307     0.00     0.00     0.00     0.00     0.00 -1    -1e-30      0.00 7.284e-01 2.715e-01 9.914e-06 1.431e-05 4.299e-05 -1.000 9.996e-05 -0.585 0.613 -0.125 -0.603 -0.773 -0.845 -0.865
0.0001 -2.19174 9.00000 1.7383518219 2.5554673672    1.737  2.085  3.7270  2.453    4  0.000  0.307     0.00     0.00     0.00     0.00     0.00 -1    -1e-30      0.00 7.284e-01 2.715e-01 9.914e-06 1.431e-05 4.299e-05 -1.000 1.001e-04 -0.442 0.727 0.005 -0.461 -0.625 -0.694 -0.712
0.0001 -2.19174 9.00000 1.7384545803 2.5554733276    1.737  1.965  3.7349  2.604    4  0.000  0.307     0.00     0.00     0.00     0.00     0.00 -1    -1e-30      0.00 7.284e-01 2.715e-01 9.914e-06 1.431e-05 4.299e-05 -1.000 9.999e-05 -0.144 0.963 0.275 -0.165 -0.316 -0.376 -0.390
0.0001 -2.19174 9.00000 1.7386029959 2.5554821491    1.738  1.931  3.7398  2.658    4  0.000  0.307     0.00     0.00     0.00     0.00     0.00 -1    -1e-30      0.00 7.284e-01 2.715e-01 9.914e-06 1.431e-05 4.299e-05 -1.000 1.000e-04 -0.057 1.011 0.343 -0.079 -0.222 -0.276 -0.289
0.0001 -2.19174 9.00000 1.7388274670 2.5554952621    1.738  1.881  3.7427  2.720    4  0.000  0.307     0.00     0.00     0.00     0.00     0.00 -1    -1e-30      0.00 7.284e-01 2.715e-01 9.913e-06 1.431e-05 4.299e-05 -1.000 1.001e-04 0.067 1.116 0.457 0.045 -0.093 -0.145 -0.156
0.0001 -2.19174 9.00000 1.7388920784 2.5554990768    1.738  1.870  3.7430  2.731    4  0.000  0.307     0.00     0.00     0.00     0.00     0.00 -1    -1e-30      0.00 7.284e-01 2.715e-01 9.913e-06 1.431e-05 4.299e-05 -1.000 1.000e-04 0.094 1.141 0.483 0.071 -0.067 -0.117 -0.129
0.0001 -2.19174 9.00000 1.7393246889 2.5555243492    1.738  1.880  3.7412  2.715    5  0.000  0.307     0.00     0.00     0.00     0.00     0.00 -1    -1e-30      0.00 7.284e-01 2.715e-01 9.912e-06 1.431e-05 4.299e-05 -1.000 1.000e-04 0.070 1.129 0.465 0.047 -0.094 -0.146 -0.158
0.0001 -2.19174 9.00000 1.7432835102 2.5557558537    1.742  1.885  3.7458  2.729    5  0.000  0.307     0.00     0.00     0.00     0.00     0.00 -1    -1e-30      0.00 7.285e-01 2.714e-01 9.904e-06 1.432e-05 4.299e-05 -1.000 9.999e-05 0.056 1.083 0.434 0.033 -0.100 -0.148 -0.158
0.0001 -2.19174 9.00000 1.7464935780 2.5559425354    1.745  1.910  3.7532  2.735    5  0.000  0.307     0.00     0.00     0.00     0.00     0.00 -1    -1e-30      0.00 7.286e-01 2.713e-01 9.898e-06 1.432e-05 4.299e-05 -1.000 1.000e-04 -0.004 0.972 0.345 -0.028 -0.148 -0.188 -0.196
0.0001 -2.19174 9.00000 1.7485853434 2.5560638905    1.747  1.935  3.7605  2.739    5  0.000  0.307     0.00     0.00     0.00     0.00     0.00 -1    -1e-30      0.00 7.287e-01 2.712e-01 9.894e-06 1.433e-05 4.299e-05 -1.000 9.999e-05 -0.069 0.860 0.253 -0.094 -0.201 -0.234 -0.238
0.0001 -2.19174 9.00000 1.7500000000 2.5561456680    1.749  1.951  3.7659  2.746    5  0.000  0.307     0.00     0.00     0.00     0.00     0.00 -1    -1e-30      0.00 7.287e-01 2.712e-01 9.891e-06 1.433e-05 4.299e-05 -1.000 9.996e-05 -0.107 0.790 0.194 -0.133 -0.231 -0.258 -0.260
0.0001 -2.19174 9.00000 1.7506366968 2.5561823845    1.750  1.958  3.7687  2.750    5  0.000  0.307     0.00     0.00     0.00     0.00     0.00 -1    -1e-30      0.00 7.287e-01 2.712e-01 9.891e-06 1.433e-05 4.299e-05 -1.000 1.000e-04 -0.125 0.755 0.166 -0.151 -0.244 -0.269 -0.270
0.0001 -2.19174 9.00000 1.7525413036 2.5562922955    1.752  1.976  3.7792  2.774    5  0.000  0.307     0.00     0.00     0.00     0.00     0.00 -1    -1e-30      0.00 7.288e-01 2.711e-01 9.891e-06 1.431e-05 4.301e-05 -1.000 1.000e-04 -0.170 0.650 0.083 -0.196 -0.271 -0.285 -0.282
0.0001 -2.19174 9.00000 1.7541782856 2.5563864708    1.753  1.989  3.7913  2.810    5  0.000  0.307     0.00     0.00     0.00     0.00     0.00 -1    -1e-30      0.00 7.289e-01 2.710e-01 9.892e-06 1.430e-05 4.302e-05 -1.000 1.001e-04 -0.203 0.555 0.007 -0.229 -0.282 -0.286 -0.278
0.0001 -2.19174 9.00000 1.7554543018 2.5564596653    1.754  1.999  3.8038  2.850    5  0.000  0.307     0.00     0.00     0.00     0.00     0.00 -1    -1e-30      0.00 7.290e-01 2.709e-01 9.892e-06 1.429e-05 4.302e-05 -1.000 1.000e-04 -0.228 0.473 -0.060 -0.251 -0.282 -0.275 -0.263
0.0001 -2.19174 9.00000 1.7565305233 2.5565214157    1.755  2.007  3.8157  2.891    5  0.000  0.307     0.00     0.00     0.00     0.00     0.00 -1    -1e-30      0.00 7.291e-01 2.708e-01 9.892e-06 1.429e-05 4.303e-05 -1.000 1.000e-04 -0.247 0.404 -0.119 -0.267 -0.276 -0.260 -0.244
0.0001 -2.19174 9.00000 1.7575991154 2.5565826893    1.757  2.014  3.8271  2.929    5  0.000  0.306     0.00     0.00     0.00     0.00     0.00 -1    -1e-30      0.00 7.291e-01 2.708e-01 9.892e-06 1.428e-05 4.304e-05 -1.000 1.000e-04 -0.265 0.343 -0.170 -0.280 -0.269 -0.244 -0.225
0.0001 -2.19174 9.00000 1.7587320805 2.5566473007    1.758  2.021  3.8384  2.967    5  0.000  0.306     0.00     0.00     0.00     0.00     0.00 -1    -1e-30      0.00 7.292e-01 2.707e-01 9.892e-06 1.427e-05 4.304e-05 -1.000 9.999e-05 -0.283 0.287 -0.221 -0.292 -0.260 -0.229 -0.207
0.0001 -2.19174 9.00000 1.7599431276 2.5567164421    1.759  2.029  3.8496  3.005    5  0.000  0.306     0.00     0.00     0.00     0.00     0.00 -1    -1e-30      0.00 7.293e-01 2.706e-01 9.892e-06 1.426e-05 4.305e-05 -1.000 1.000e-04 -0.302 0.233 -0.270 -0.303 -0.250 -0.213 -0.188
0.0001 -2.19174 9.00000 1.7612559795 2.5567913055    1.760  2.037  3.8606  3.041    5  0.000  0.306     0.00     0.00     0.00     0.00     0.00 -1    -1e-30      0.00 7.294e-01 2.705e-01 9.892e-06 1.425e-05 4.306e-05 -1.000 1.000e-04 -0.322 0.181 -0.318 -0.313 -0.239 -0.197 -0.170
0.0001 -2.19174 9.00000 1.7626874447 2.5568728447    1.762  2.045  3.8715  3.077    5  0.000  0.306     0.00     0.00     0.00     0.00     0.00 -1    -1e-30      0.00 7.294e-01 2.705e-01 9.893e-06 1.425e-05 4.307e-05 -1.000 1.000e-04 -0.343 0.130 -0.363 -0.320 -0.226 -0.180 -0.151
0.0001 -2.19174 9.00000 1.7641938925 2.5569581985    1.763  2.054  3.8818  3.110    5  0.000  0.306     0.00     0.00     0.00     0.00     0.00 -1    -1e-30      0.00 7.295e-01 2.704e-01 9.893e-06 1.424e-05 4.308e-05 -1.000 1.000e-04 -0.365 0.083 -0.405 -0.325 -0.212 -0.164 -0.132
0.0001 -2.19174 9.00000 1.7660993338 2.5570662022    1.765  2.064  3.8929  3.144    5  0.000  0.306     0.00     0.00     0.00     0.00     0.00 -1    -1e-30      0.00 7.296e-01 2.703e-01 9.893e-06 1.422e-05 4.309e-05 -1.000 9.996e-05 -0.391 0.031 -0.448 -0.329 -0.197 -0.146 -0.112
0.0001 -2.19174 9.00000 1.7692646980 2.5572450161    1.768  2.080  3.9049  3.177    5  0.000  0.306     0.00     0.00     0.00     0.00     0.00 -1    -1e-30      0.00 7.298e-01 2.701e-01 9.893e-06 1.420e-05 4.311e-05 -1.000 1.000e-04 -0.431 -0.030 -0.496 -0.340 -0.190 -0.136 -0.099
0.0001 -2.19174 9.00000 1.7778601646 2.5577266216    1.777  2.122  3.9207  3.201    5  0.000  0.306     0.00     0.00     0.00     0.00     0.00 -1    -1e-30      0.00 7.303e-01 2.696e-01 9.894e-06 1.414e-05 4.316e-05 -1.000 1.000e-04 -0.535 -0.156 -0.598 -0.400 -0.227 -0.169 -0.128
0.0001 -2.19174 9.00000 1.7853069305 2.5581395626    1.784  2.157  3.9297  3.203    5  0.000  0.305     0.00     0.00     0.00     0.00     0.00 -1    -1e-30      0.00 7.308e-01 2.691e-01 9.895e-06 1.410e-05 4.321e-05 -1.000 1.000e-04 -0.623 -0.255 -0.678 -0.460 -0.275 -0.215 -0.171
0.0001 -2.19174 9.00000 1.7923830748 2.5585284233    1.791  2.190  3.9371  3.202    5  0.000  0.305     0.00     0.00     0.00     0.00     0.00 -1    -1e-30      0.00 7.312e-01 2.687e-01 9.896e-06 1.405e-05 4.325e-05 -1.000 1.000e-04 -0.705 -0.343 -0.748 -0.516 -0.322 -0.260 -0.214
0.0001 -2.19174 9.00000 1.7999925613 2.5589425564    1.799  2.225  3.9438  3.195    5  0.000  0.305     0.00     0.00     0.00     0.00     0.00 -1    -1e-30      0.00 7.316e-01 2.683e-01 9.897e-06 1.400e-05 4.330e-05 -1.000 9.999e-05 -0.792 -0.435 -0.821 -0.577 -0.376 -0.313 -0.264
0.0001 -2.19174 9.00000 1.7999999523 2.5589430332    1.799  2.225  3.9438  3.196    5  0.000  0.305     0.00     0.00     0.00     0.00     0.00 -1    -1e-30      0.00 7.316e-01 2.683e-01 9.897e-06 1.400e-05 4.330e-05 -1.000 1.000e-04 -0.792 -0.435 -0.821 -0.577 -0.376 -0.313 -0.264
0.0001 -2.19174 9.00000 1.8068883419 2.5593144894    1.806  2.256  3.9484  3.184    5  0.000  0.305     0.00     0.00     0.00     0.00     0.00 -1    -1e-30      0.00 7.318e-01 2.681e-01 9.891e-06 1.400e-05 4.331e-05 -1.000 9.996e-05 -0.870 -0.516 -0.889 -0.637 -0.432 -0.367 -0.317
0.0001 -2.19174 9.00000 1.8147951365 2.5597369671    1.814  2.293  3.9431  3.129    6  0.000  0.304     0.00     0.00     0.00     0.00     0.00 -1    -1e-30      0.00 7.321e-01 2.678e-01 9.885e-06 1.400e-05 4.331e-05 -1.000 1.000e-04 -0.961 -0.615 -0.994 -0.749 -0.548 -0.488 -0.438
0.0001 -2.19174 9.00000 1.8188281059 2.5599505901    1.818  2.312  3.9355  3.080    6  0.000  0.304     0.00     0.00     0.00     0.00     0.00 -1    -1e-30      0.00 7.322e-01 2.677e-01 9.881e-06 1.400e-05 4.332e-05 -1.000 1.000e-04 -1.010 -0.667 -1.060 -0.827 -0.632 -0.577 -0.529
0.0001 -2.19174 9.00000 1.8197495937 2.5599994659    1.819  2.322  3.9384  3.082    6  0.000  0.304     0.00     0.00     0.00     0.00     0.00 -1    -1e-30      0.00 7.322e-01 2.677e-01 9.881e-06 1.400e-05 4.332e-05 -1.000 1.000e-04 -1.034 -0.693 -1.079 -0.840 -0.643 -0.586 -0.538
0.0001 -2.19174 9.00000 1.8207119703 2.5600502491    1.820  2.320  3.9361  3.074    6  0.000  0.304     0.00     0.00     0.00     0.00     0.00 -1    -1e-30      0.00 7.323e-01 2.676e-01 9.880e-06 1.400e-05 4.332e-05 -1.000 1.000e-04 -1.030 -0.688 -1.079 -0.844 -0.649 -0.593 -0.546
0.0001 -2.19174 9.00000 1.8216813803 2.5601012707    1.821  2.326  3.9276  3.035    6  0.000  0.304     0.00     0.00     0.00     0.00     0.00 -1    -1e-30      0.00 7.323e-01 2.676e-01 9.879e-06 1.400e-05 4.332e-05 -1.000 1.000e-04 -1.045 -0.702 -1.110 -0.890 -0.704 -0.652 -0.607
0.0001 -2.19174 9.00000 1.8224254847 2.5601406097    1.821  2.331  3.9194  2.997    6  0.000  0.304     0.00     0.00     0.00     0.00     0.00 -1    -1e-30      0.00 7.323e-01 2.676e-01 9.878e-06 1.400e-05 4.332e-05 -1.000 1.000e-04 -1.058 -0.711 -1.134 -0.929 -0.753 -0.704 -0.661
0.0001 -2.19174 9.00000 1.8230376244 2.5601727962    1.822  2.336  3.9103  2.956    6  0.000  0.304     0.00     0.00     0.00     0.00     0.00 -1    -1e-30      0.00 7.323e-01 2.676e-01 9.878e-06 1.400e-05 4.332e-05 -1.000 9.999e-05 -1.069 -0.713 -1.150 -0.966 -0.802 -0.757 -0.716
0.0001 -2.19174 9.00000 1.8234828711 2.5601961613    1.822  2.339  3.9016  2.918    6  0.000  0.304     0.00     0.00     0.00     0.00     0.00 -1    -1e-30      0.00 7.324e-01 2.675e-01 9.878e-06 1.400e-05 4.332e-05 -1.000 1.000e-04 -1.077 -0.710 -1.159 -0.997 -0.845 -0.803 -0.764
0.0001 -2.19174 9.00000 1.8237498999 2.5602102280    1.823  2.341  3.8923  2.879    6  0.000  0.304     0.00     0.00     0.00     0.00     0.00 -1    -1e-30      0.00 7.324e-01 2.675e-01 9.877e-06 1.400e-05 4.332e-05 -1.000 9.996e-05 -1.083 -0.700 -1.161 -1.026 -0.889 -0.849 -0.813
0.0001 -2.19174 9.00000 1.8239754438 2.5602219105    1.823  2.344  3.8820  2.835    6  0.000  0.304     0.00     0.00     0.00     0.00     0.00 -1    -1e-30      0.00 7.324e-01 2.675e-01 9.877e-06 1.400e-05 4.332e-05 -1.000 9.999e-05 -1.090 -0.682 -1.154 -1.054 -0.934 -0.897 -0.863
0.0001 -2.19174 9.00000 1.8241654634 2.5602319241    1.823  2.346  3.8711  2.789    6  0.000  0.304     0.00     0.00     0.00     0.00     0.00 -1    -1e-30      0.00 7.324e-01 2.675e-01 9.877e-06 1.400e-05 4.332e-05 -1.000 9.999e-05 -1.095 -0.659 -1.140 -1.078 -0.977 -0.943 -0.912
0.0001 -2.19174 9.00000 1.8243246078 2.5602402687    1.823  2.348  3.8600  2.743    6  0.000  0.304     0.00     0.00     0.00     0.00     0.00 -1    -1e-30      0.00 7.324e-01 2.675e-01 9.877e-06 1.400e-05 4.332e-05 -1.000 1.000e-04 -1.100 -0.631 -1.121 -1.100 -1.019 -0.987 -0.959
0.0001 -2.19174 9.00000 1.8244572878 2.5602474213    1.823  2.350  3.8485  2.695    6  0.000  0.304     0.00     0.00     0.00     0.00     0.00 -1    -1e-30      0.00 7.324e-01 2.675e-01 9.877e-06 1.400e-05 4.332e-05 -1.000 9.996e-05 -1.104 -0.598 -1.096 -1.115 -1.056 -1.028 -1.003
0.0001 -2.19174 9.00000 1.8245671988 2.5602531433    1.823  2.351  3.8366  2.647    6  0.000  0.304     0.00     0.00     0.00     0.00     0.00 -1    -1e-30      0.00 7.324e-01 2.675e-01 9.877e-06 1.400e-05 4.332e-05 -1.000 9.996e-05 -1.107 -0.560 -1.066 -1.128 -1.092 -1.069 -1.046
0.0001 -2.19174 9.00000 1.8246500492 2.5602574348    1.823  2.351  3.8254  2.601    6  0.000  0.304     0.00     0.00     0.00     0.00     0.00 -1    -1e-30      0.00 7.324e-01 2.675e-01 9.877e-06 1.400e-05 4.332e-05 -1.000 9.996e-05 -1.108 -0.520 -1.036 -1.136 -1.122 -1.104 -1.085
0.0001 -2.19174 9.00000 1.8247293234 2.5602614880    1.824  2.352  3.8124  2.549    6  0.000  0.304     0.00     0.00     0.00     0.00     0.00 -1    -1e-30      0.00 7.324e-01 2.675e-01 9.877e-06 1.400e-05 4.332e-05 -1.000 9.996e-05 -1.109 -0.469 -0.997 -1.143 -1.153 -1.143 -1.128
0.0001 -2.19174 9.00000 1.8247944117 2.5602650642    1.824  2.351  3.7992  2.496    6  0.000  0.304     0.00     0.00     0.00     0.00     0.00 -1    -1e-30      0.00 7.324e-01 2.675e-01 9.877e-06 1.400e-05 4.332e-05 -1.000 1.000e-04 -1.109 -0.406 -0.950 -1.146 -1.180 -1.179 -1.169
0.0001 -2.19174 9.00000 1.8248491287 2.5602679253    1.824  2.350  3.7860  2.444    6  0.000  0.304     0.00     0.00     0.00     0.00     0.00 -1    -1e-30      0.00 7.324e-01 2.675e-01 9.876e-06 1.400e-05 4.332e-05 -1.000 9.999e-05 -1.106 -0.336 -0.898 -1.144 -1.202 -1.212 -1.207
0.0001 -2.19174 9.00000 1.8249036074 2.5602707863    1.824  2.348  3.7721  2.391    6  0.000  0.304     0.00     0.00     0.00     0.00     0.00 -1    -1e-30      0.00 7.324e-01 2.675e-01 9.876e-06 1.400e-05 4.332e-05 -1.000 1.000e-04 -1.100 -0.252 -0.841 -1.137 -1.220 -1.242 -1.242
0.0001 -2.19174 9.00000 1.8249622583 2.5602738857    1.824  2.342  3.7596  2.347    6  0.000  0.304     0.00     0.00     0.00     0.00     0.00 -1    -1e-30      0.00 7.324e-01 2.675e-01 9.876e-06 1.400e-05 4.332e-05 -1.000 9.996e-05 -1.086 -0.160 -0.777 -1.119 -1.225 -1.259 -1.264
0.0001 -2.19174 9.00000 1.8250275850 2.5602772236    1.824  2.322  3.7475  2.318    6  0.000  0.304     0.00     0.00     0.00     0.00     0.00 -1    -1e-30      0.00 7.324e-01 2.675e-01 9.876e-06 1.400e-05 4.332e-05 -1.000 9.999e-05 -1.036 -0.029 -0.679 -1.065 -1.192 -1.239 -1.248
0.0001 -2.19174 9.00000 1.8250571489 2.5602788925    1.824  2.304  3.7417  2.314    6  0.000  0.304     0.00     0.00     0.00     0.00     0.00 -1    -1e-30      0.00 7.324e-01 2.675e-01 9.876e-06 1.400e-05 4.332e-05 -1.000 9.999e-05 -0.989 0.059 -0.608 -1.015 -1.152 -1.205 -1.217
0.0001 -2.19174 9.00000 1.8250656128 2.5602793694    1.824  2.300  3.7398  2.310    6  0.000  0.304     0.00     0.00     0.00     0.00     0.00 -1    -1e-30      0.00 7.324e-01 2.675e-01 9.876e-06 1.400e-05 4.332e-05 -1.000 1.000e-04 -0.980 0.082 -0.591 -1.005 -1.146 -1.200 -1.213
0.0001 -2.19174 9.00000 1.8251115084 2.5602817535    1.824  2.312  3.7292  2.256    7  0.000  0.304     0.00     0.00     0.00     0.00     0.00 -1    -1e-30      0.00 7.324e-01 2.675e-01 9.876e-06 1.400e-05 4.332e-05 -1.000 1.000e-04 -1.010 0.141 -0.577 -1.032 -1.191 -1.257 -1.275
0.0001 -2.19174 9.00000 1.8251341581 2.5602829456    1.824  2.346  3.7251  2.205    7  0.000  0.304     0.00     0.00     0.00     0.00     0.00 -1    -1e-30      0.00 7.324e-01 2.675e-01 9.876e-06 1.400e-05 4.332e-05 -1.000 1.000e-04 -1.096 0.091 -0.646 -1.116 -1.282 -1.353 -1.373
0.0001 -2.19174 9.00000 1.8251523972 2.5602838993    1.824  2.372  3.7231  2.171    7  0.000  0.304     0.00     0.00     0.00     0.00     0.00 -1    -1e-30      0.00 7.324e-01 2.675e-01 9.876e-06 1.400e-05 4.332e-05 -1.000 1.000e-04 -1.161 0.045 -0.702 -1.180 -1.350 -1.423 -1.444
0.0001 -2.19174 9.00000 1.8252325058 2.5602879524    1.824  2.391  3.7222  2.149    7  0.000  0.304     0.00     0.00     0.00     0.00     0.00 -1    -1e-30      0.00 7.324e-01 2.675e-01 9.876e-06 1.400e-05 4.332e-05 -1.000 9.996e-05 -1.207 0.007 -0.745 -1.227 -1.398 -1.472 -1.493
0.0001 -2.19174 9.00000 1.8257135153 2.5603132248    1.825  2.399  3.7206  2.134    7  0.000  0.304     0.00     0.00     0.00     0.00     0.00 -1    -1e-30      0.00 7.324e-01 2.675e-01 9.876e-06 1.400e-05 4.332e-05 -1.000 1.000e-04 -1.229 -0.001 -0.760 -1.248 -1.421 -1.497 -1.519
0.0001 -2.19174 9.00000 1.8259670734 2.5603265762    1.825  2.435  3.7178  2.088    7  0.000  0.304     0.00     0.00     0.00     0.00     0.00 -1    -1e-30      0.00 7.324e-01 2.675e-01 9.876e-06 1.400e-05 4.332e-05 -1.000 1.000e-04 -1.317 -0.061 -0.836 -1.334 -1.513 -1.592 -1.615
0.0001 -2.19174 9.00000 1.8261418343 2.5603356361    1.825  2.471  3.7153  2.042    7  0.000  0.304     0.00     0.00     0.00     0.00     0.00 -1    -1e-30      0.00 7.324e-01 2.675e-01 9.875e-06 1.400e-05 4.332e-05 -1.000 9.999e-05 -1.407 -0.124 -0.914 -1.423 -1.606 -1.688 -1.713
0.0001 -2.19174 9.00000 1.8263915777 2.5603487492    1.825  2.519  3.7125  1.982    7  0.000  0.304     3.52     2.76     2.06     1.53     1.24  4    -1e-30      0.00 7.325e-01 2.675e-01 9.875e-06 1.400e-05 4.332e-05 -1.000 9.996e-05 -1.527 -0.214 -1.021 -1.542 -1.730 -1.815 -1.841
0.0001 -2.19174 9.00000 1.8266284466 2.5603611469    1.825  2.560  3.7101  1.932    7  0.000  0.304     3.89     3.02     2.25     1.67     1.36  4    -1e-30      0.00 7.325e-01 2.674e-01 9.869e-06 1.401e-05 4.332e-05 -1.000 9.999e-05 -1.630 -0.291 -1.113 -1.643 -1.836 -1.924 -1.951
0.0001 -2.19174 9.00000 1.8268480301 2.5603725910    1.826  2.601  3.7081  1.883    7  0.000  0.303     4.30     3.30     2.45     1.82     1.48  4    -1e-30      0.00 7.325e-01 2.674e-01 9.829e-06 1.403e-05 4.332e-05 -1.000 9.996e-05 -1.733 -0.368 -1.205 -1.745 -1.941 -2.032 -2.060
0.0001 -2.19174 9.00000 1.8270498514 2.5603833199    1.826  2.642  3.7060  1.833    7  0.000  0.298     4.74     3.61     2.66     1.98     1.61  4    -1e-30      0.00 7.325e-01 2.674e-01 9.693e-06 1.416e-05 4.332e-05 -1.000 1.001e-04 -1.835 -0.444 -1.297 -1.846 -2.046 -2.140 -2.169
0.0001 -2.19174 9.00000 1.8272352219 2.5603928566    1.826  2.683  3.7039  1.784    7  0.000  0.292     5.24     3.95     2.90     2.16     1.76  4    -1e-30      0.00 7.325e-01 2.674e-01 9.488e-06 1.440e-05 4.332e-05 -1.000 1.000e-04 -1.937 -0.520 -1.388 -1.947 -2.151 -2.247 -2.277
0.0001 -2.19174 9.00000 1.8274043798 2.5604016781    1.826  2.724  3.7019  1.735    7  0.000  0.286     5.77     4.31     3.15     2.36     1.92  4    -1e-30      0.00 7.324e-01 2.675e-01 9.298e-06 1.464e-05 4.332e-05 -1.000 1.000e-04 -2.040 -0.597 -1.480 -2.048 -2.256 -2.354 -2.385
0.0001 -2.19174 9.00000 1.8275591135 2.5604097843    1.826  2.765  3.6998  1.686    7  0.000  0.281     6.38     4.72     3.44     2.57     2.09  4    -1e-30      0.00 7.324e-01 2.675e-01 9.137e-06 1.484e-05 4.332e-05 -1.000 1.000e-04 -2.143 -0.672 -1.572 -2.149 -2.361 -2.462 -2.494
0.0001 -2.19174 9.00000 1.8276987076 2.5604171753    1.826  2.806  3.6979  1.637    7  0.000  0.277     7.03     5.15     3.74     2.80     2.28  4    -1e-30      0.00 7.324e-01 2.675e-01 9.004e-06 1.500e-05 4.331e-05 -1.000 9.999e-05 -2.246 -0.749 -1.664 -2.250 -2.466 -2.569 -2.602
0.0001 -2.19174 9.00000 1.8278256655 2.5604238510    1.827  2.847  3.6958  1.587    7  0.000  0.274     7.76     5.63     4.07     3.05     2.49  4    -1e-30      0.00 7.324e-01 2.675e-01 8.898e-06 1.514e-05 4.329e-05 -1.000 9.996e-05 -2.349 -0.822 -1.754 -2.351 -2.571 -2.676 -2.711
0.0001 -2.19174 9.00000 1.8279415369 2.5604298115    1.827  2.889  3.6938  1.538    7  0.000  0.272     8.57     6.16     4.43     3.33     2.71  4    -1e-30      0.00 7.323e-01 2.676e-01 8.812e-06 1.528e-05 4.323e-05 -1.000 1.000e-04 -2.452 -0.896 -1.845 -2.452 -2.675 -2.784 -2.820
0.0001 -2.19174 9.00000 1.8280483484 2.5604355335    1.827  2.930  3.6918  1.489    7  0.000  0.270     9.45     6.73     4.83     3.63     2.96  4    -1e-30      0.00 7.323e-01 2.676e-01 8.741e-06 1.545e-05 4.313e-05 -1.000 9.996e-05 -2.555 -0.971 -1.937 -2.553 -2.780 -2.891 -2.928
0.0001 -2.19174 9.00000 1.8281477690 2.5604405403    1.827  2.971  3.6896  1.439    7  0.000  0.269    10.45     7.37     5.26     3.96     3.23  4    -1e-30      0.00 7.322e-01 2.677e-01 8.683e-06 1.566e-05 4.298e-05 -1.000 9.999e-05 -2.658 -1.041 -2.026 -2.654 -2.886 -2.999 -3.038
0.0001 -2.19174 9.00000 1.8282407522 2.5604455471    1.827  3.013  3.6877  1.390    7  0.000  0.269    11.54     8.06     5.73     4.32     3.52  4    -1e-30      0.00 7.321e-01 2.678e-01 8.634e-06 1.588e-05 4.279e-05 -1.000 1.000e-04 -2.762 -1.112 -2.117 -2.755 -2.991 -3.107 -3.147
0.0001 -2.19174 9.00000 1.8283277750 2.5604500771    1.827  3.055  3.6855  1.339    7  0.000  0.269    12.76     8.83     6.25     4.72     3.85  4    -1e-30      0.00 7.321e-01 2.678e-01 8.592e-06 1.610e-05 4.260e-05 -1.000 1.000e-04 -2.867 -1.176 -2.205 -2.857 -3.097 -3.216 -3.257
0.0001 -2.19174 9.00000 1.8284095526 2.5604543686    1.827  3.097  3.6834  1.289    7  0.000  0.269    14.12     9.67     6.82     5.16     4.20  4    -1e-30      0.00 7.320e-01 2.679e-01 8.558e-06 1.629e-05 4.243e-05 -1.000 1.000e-04 -2.971 -1.221 -2.291 -2.960 -3.206 -3.328 -3.369
0.0001 -2.19174 9.00000 1.8284871578 2.5604584217    1.827  3.139  3.6813  1.238    7  0.000  0.269    15.62    10.59     7.44     5.63     4.59  4    -1e-30      0.00 7.319e-01 2.680e-01 8.529e-06 1.645e-05 4.229e-05 -1.000 1.001e-04 -3.077 -1.262 -2.376 -3.065 -3.315 -3.440 -3.483
0.0001 -2.19174 9.00000 1.8285619020 2.5604622364    1.827  3.181  3.6790  1.187    7  0.000  0.269    17.32    11.63     8.14     6.17     5.03  4    -1e-30      0.00 7.318e-01 2.681e-01 8.503e-06 1.660e-05 4.217e-05 -1.000 9.993e-05 -3.183 -1.291 -2.457 -3.169 -3.425 -3.553 -3.597
0.0001 -2.19174 9.00000 1.8286349773 2.5604660511    1.827  3.224  3.6769  1.136    7  0.000  0.269    19.18    12.75     8.88     6.74     5.50  3    -1e-30      0.00 7.317e-01 2.682e-01 8.481e-06 1.672e-05 4.206e-05 -1.000 9.996e-05 -3.289 -1.321 -2.539 -3.273 -3.536 -3.666 -3.712
0.0001 -2.19174 9.00000 1.8287081718 2.5604698658    1.827  3.267  3.6744  1.083    7  0.000  0.269    21.33    14.03     9.73     7.40     6.04  3    -1e-30      0.00 7.316e-01 2.683e-01 8.463e-06 1.682e-05 4.197e-05 -1.000 9.996e-05 -3.397 -1.332 -2.614 -3.378 -3.647 -3.782 -3.828
0.0001 -2.19174 9.00000 1.8287832737 2.5604739189    1.828  3.310  3.6722  1.031    7  0.000  0.269    23.64    15.40    10.64     8.10     6.61  3    -1e-30      0.00 7.315e-01 2.684e-01 8.446e-06 1.691e-05 4.189e-05 -1.000 9.993e-05 -3.504 -1.347 -2.691 -3.482 -3.758 -3.896 -3.944
0.0001 -2.19174 9.00000 1.8288874626 2.5604794025    1.828  3.363  3.6692  0.965    7  0.000  0.269    26.98    17.35    11.92     9.09     7.42  3    -1e-30      0.00 7.314e-01 2.685e-01 8.432e-06 1.699e-05 4.182e-05 -1.000 1.000e-04 -3.638 -1.341 -2.778 -3.612 -3.898 -4.041 -4.090
0.0001 -2.19174 9.00000 1.8289394379 2.5604820251    1.828  3.401  3.6672  0.920    7  0.000  0.269    29.54    18.83    12.89     9.84     8.03  3    -1e-30      0.00 7.314e-01 2.685e-01 8.427e-06 1.702e-05 4.179e-05 -1.000 1.000e-04 -3.731 -1.330 -2.834 -3.700 -3.994 -4.140 -4.191
0.0001 -2.19174 9.00000 1.8289899826 2.5604846478    1.828  3.444  3.6646  0.866    7  0.000  0.269    32.92    20.77    14.15    10.82     8.84  3    -1e-30      0.00 7.314e-01 2.685e-01 8.423e-06 1.704e-05 4.178e-05 -1.000 9.999e-05 -3.841 -1.299 -2.893 -3.803 -4.108 -4.259 -4.312
0.0001 -2.19174 9.00000 1.8290541172 2.5604879856    1.828  3.493  3.6618  0.806    7  0.000  0.269    37.11    23.14    15.69    12.02     9.82  3    -1e-30      0.00 7.314e-01 2.685e-01 8.422e-06 1.705e-05 4.177e-05 -1.000 9.999e-05 -3.963 -1.259 -2.955 -3.916 -4.234 -4.391 -4.445
0.0001 -2.19174 9.00000 1.8290967941 2.5604901314    1.828  3.551  3.6581  0.733    7  0.000  0.269    42.95    26.40    17.80    13.66    11.16  2    -1e-30      0.00 7.314e-01 2.685e-01 8.422e-06 1.705e-05 4.177e-05 -1.000 1.000e-04 -4.108 -1.175 -3.013 -4.048 -4.383 -4.548 -4.606
0.0001 -2.19174 9.00000 1.8291021585 2.5604906082    1.828  3.579  3.6564  0.698    7  0.000  0.269    46.04    28.12    18.90    14.51    11.86  2    -1e-30      0.00 7.314e-01 2.685e-01 8.421e-06 1.705e-05 4.177e-05 -1.000 9.996e-05 -4.178 -1.176 -3.052 -4.110 -4.453 -4.621 -4.680
0.0001 -2.19174 9.00000 1.8291078806 2.5604908466    1.828  3.608  3.6546  0.662    7  0.000  0.269    49.52    30.03    20.13    15.47    12.65  2    -1e-30      0.00 7.313e-01 2.686e-01 8.420e-06 1.706e-05 4.176e-05 -1.000 9.996e-05 -4.251 -1.175 -3.090 -4.173 -4.524 -4.696 -4.756
0.0001 -2.19174 9.00000 1.8291121721 2.5604910851    1.828  3.626  3.6535  0.640    7  0.603  0.269    51.72    31.23    20.89    16.07    13.14  2    -1e-30      0.00 7.313e-01 2.686e-01 8.419e-06 1.706e-05 4.176e-05 -1.000 9.996e-05 -4.294 -1.174 -3.114 -4.211 -4.567 -4.741 -4.802
0.0001 -2.19174 9.00000 1.8291177750 2.5604913235    1.828  3.639  3.6527  0.624    7  0.603  0.269    53.42    32.15    21.48    16.53    13.51  2    -1e-30      0.00 7.313e-01 2.686e-01 8.418e-06 1.706e-05 4.176e-05 -1.000 9.999e-05 -4.327 -1.177 -3.133 -4.241 -4.599 -4.775 -4.837
0.0001 -2.19174 9.00000 1.8291184902 2.5604913235    1.827  3.639  3.6522  0.622    8  0.603  0.283    53.65    32.28    21.56    16.59    13.57  2 -7.31e-07      0.00 7.313e-01 2.686e-01 8.984e-06 1.707e-05 4.236e-05 -1.000 1.254e-04 -4.327 -1.162 -3.125 -4.238 -4.599 -4.776 -4.838
0.0001 -2.19174 9.00000 1.8291188478 2.5604913235    1.827  3.639  3.6525  0.623    8  0.603  0.283    53.52    32.21    21.52    16.56    13.54  2 -7.34e-07      0.00 7.313e-01 2.686e-01 8.984e-06 1.707e-05 4.236e-05 -1.000 1.254e-04 -4.327 -1.170 -3.129 -4.239 -4.599 -4.775 -4.837
0.0001 -2.19174 9.00000 1.8291190863 2.5604913235    1.826  3.589  3.6555  0.684    8  0.603  0.283    47.33    28.83    19.36    14.87    12.15  2 -5.97e-07      0.00 7.313e-01 2.686e-01 8.984e-06 1.707e-05 4.236e-05 -1.000 1.254e-04 -4.203 -1.167 -3.061 -4.130 -4.476 -4.647 -4.706
0.0001 -2.19174 9.00000 1.8291199207 2.5604913235    1.825  3.385  3.6678  0.937    8  0.604  0.283    28.54    18.26    12.51     9.55     7.80  3 -2.68e-07      0.00 7.313e-01 2.686e-01 8.984e-06 1.707e-05 4.236e-05 -1.000 1.254e-04 -3.693 -1.325 -2.808 -3.663 -3.955 -4.100 -4.151
0.0001 -2.19174 9.00000 1.8291211128 2.5604915619    1.824  3.288  3.6736  1.057    8  0.604  0.283    22.45    14.70    10.17     7.74     6.31  3 -1.89e-07      0.00 7.313e-01 2.686e-01 8.984e-06 1.707e-05 4.236e-05 -1.000 1.254e-04 -3.451 -1.349 -2.656 -3.431 -3.703 -3.839 -3.886
0.0001 -2.19174 9.00000 1.8291227818 2.5604915619    1.822  3.307  3.6723  1.033    8  0.604  0.283    23.56    15.35    10.61     8.07     6.59  3 -2.02e-07      0.00 7.313e-01 2.686e-01 8.984e-06 1.707e-05 4.236e-05 -1.000 1.255e-04 -3.499 -1.346 -2.687 -3.477 -3.753 -3.890 -3.938
0.0001 -2.19174 9.00000 1.8291250467 2.5604918003    1.820  3.408  3.6662  0.907    8  0.604  0.283    30.29    19.27    13.18    10.06     8.22  3 -2.93e-07      0.00 7.313e-01 2.686e-01 8.984e-06 1.707e-05 4.236e-05 -1.000 1.255e-04 -3.750 -1.301 -2.836 -3.716 -4.014 -4.162 -4.214
0.0001 -2.19174 9.00000 1.8291276693 2.5604918003    1.817  3.517  3.6596  0.771    8  0.604  0.283    39.73    24.62    16.65    12.76    10.43  2 -4.47e-07      0.00 7.313e-01 2.686e-01 8.984e-06 1.707e-05 4.236e-05 -1.000 1.254e-04 -4.021 -1.184 -2.963 -3.967 -4.295 -4.456 -4.513
0.0001 -2.19174 9.00000 1.8291307688 2.5604920387    1.813  3.592  3.6549  0.676    8  0.604  0.283    48.06    29.23    19.61    15.08    12.32  2 -6.09e-07      0.00 7.313e-01 2.686e-01 8.984e-06 1.707e-05 4.236e-05 -1.000 1.255e-04 -4.211 -1.152 -3.058 -4.135 -4.484 -4.655 -4.715
0.0001 -2.19174 9.00000 1.8291344643 2.5604922771    1.809  3.631  3.6524  0.625    8  0.604  0.283    53.11    31.99    21.38    16.45    13.45  2 -7.19e-07      0.00 7.313e-01 2.686e-01 8.984e-06 1.707e-05 4.236e-05 -1.000 1.255e-04 -4.309 -1.150 -3.110 -4.221 -4.580 -4.757 -4.819
0.0001 -2.19174 9.00000 1.8291386366 2.5604925156    1.804  3.647  3.6513  0.604    8  0.605  0.283    55.35    33.21    22.15    17.06    13.95  2  -7.7e-07      0.00 7.313e-01 2.686e-01 8.984e-06 1.707e-05 4.236e-05 -1.000 1.255e-04 -4.348 -1.145 -3.128 -4.254 -4.619 -4.798 -4.861
0.0001 -2.19174 9.00000 1.8291432858 2.5604927540    1.799  3.653  3.6508  0.595    8  0.605  0.283    56.32    33.74    22.49    17.33    14.16  2 -7.91e-07      0.00 7.313e-01 2.686e-01 8.984e-06 1.707e-05 4.236e-05 -1.000 1.255e-04 -4.362 -1.139 -3.133 -4.266 -4.633 -4.813 -4.876
0.0001 -2.19174 9.00000 1.8291435242 2.5604927540    1.798  3.716  3.6470  0.517    8  0.605  0.283    65.88    38.86    25.74    19.87    16.25  2 -1.04e-06      0.00 7.313e-01 2.686e-01 8.984e-06 1.707e-05 4.236e-05 -1.000 1.255e-04 -4.519 -1.142 -3.215 -4.402 -4.786 -4.974 -5.041
0.0001 -2.19174 9.00000 1.8291441202 2.5604927540    1.798  3.606  3.6536  0.653    8  0.605  0.283    50.15    30.39    20.35    15.65    12.79  2 -6.49e-07      0.00 7.313e-01 2.686e-01 8.984e-06 1.707e-05 4.236e-05 -1.000 1.254e-04 -4.245 -1.136 -3.069 -4.163 -4.517 -4.691 -4.752
0.0001 -2.19174 9.00000 1.8291454315 2.5604927540    1.796  3.403  3.6657  0.904    8  0.605  0.283    30.30    19.29    13.19    10.08     8.23  3  -2.9e-07      0.00 7.313e-01 2.686e-01 8.984e-06 1.707e-05 4.236e-05 -1.000 1.255e-04 -3.738 -1.267 -2.815 -3.703 -4.002 -4.151 -4.203
0.0001 -2.19174 9.00000 1.8291472197 2.5604927540    1.794  3.306  3.6715  1.024    8  0.605  0.283    23.84    15.54    10.72     8.17     6.67  3 -2.04e-07      0.00 7.313e-01 2.686e-01 8.984e-06 1.707e-05 4.236e-05 -1.000 1.255e-04 -3.495 -1.309 -2.672 -3.472 -3.751 -3.890 -3.938
0.0001 -2.19174 9.00000 1.8291498423 2.5604929924    1.791  3.326  3.6702  0.998    8  0.605  0.283    25.08    16.27    11.20     8.54     6.97  3 -2.19e-07      0.00 7.313e-01 2.686e-01 8.984e-06 1.707e-05 4.236e-05 -1.000 1.255e-04 -3.545 -1.302 -2.703 -3.520 -3.802 -3.943 -3.992
0.0001 -2.19174 9.00000 1.8291530609 2.5604932308    1.788  3.427  3.6640  0.872    8  0.605  0.283    32.29    20.44    13.93    10.66     8.70  3 -3.19e-07      0.00 7.313e-01 2.686e-01 8.984e-06 1.707e-05 4.236e-05 -1.000 1.255e-04 -3.797 -1.233 -2.841 -3.757 -4.064 -4.216 -4.269
0.0001 -2.19174 9.00000 1.8291569948 2.5604934692    1.784  3.535  3.6574  0.736    8  0.605  0.283    42.38    26.11    17.60    13.52    11.04  2 -4.89e-07      0.00 7.313e-01 2.686e-01 8.984e-06 1.707e-05 4.236e-05 -1.000 1.255e-04 -4.067 -1.114 -2.962 -4.003 -4.342 -4.508 -4.566
0.0001 -2.19174 9.00000 1.8291616440 2.5604937077    1.778  3.611  3.6526  0.640    8  0.606  0.283    51.34    31.04    20.76    15.98    13.06  2  -6.7e-07      0.00 7.313e-01 2.686e-01 8.984e-06 1.707e-05 4.236e-05 -1.000 1.255e-04 -4.257 -1.115 -3.065 -4.171 -4.529 -4.704 -4.766
0.0001 -2.19174 9.00000 1.8291671276 2.5604939461    1.772  3.651  3.6500  0.588    8  0.606  0.283    56.88    34.05    22.68    17.48    14.29  2 -7.96e-07      0.00 7.313e-01 2.686e-01 8.984e-06 1.707e-05 4.236e-05 -1.000 1.256e-04 -4.357 -1.109 -3.116 -4.257 -4.627 -4.808 -4.872
0.0001 -2.19174 9.00000 1.8291734457 2.5604941845    1.766  3.667  3.6488  0.565    8  0.606  0.283    59.52    35.47    23.58    18.19    14.87  2 -8.58e-07      0.00 7.313e-01 2.686e-01 8.984e-06 1.707e-05 4.236e-05 -1.000 1.255e-04 -4.398 -1.103 -3.134 -4.292 -4.666 -4.851 -4.916
0.0001 -2.19174 9.00000 1.8291804790 2.5604946613    1.758  3.674  3.6481  0.553    8  0.607  0.283    60.87    36.20    24.04    18.55    15.17  2 -8.89e-07      0.00 7.313e-01 2.686e-01 8.984e-06 1.707e-05 4.236e-05 -1.000 1.256e-04 -4.416 -1.095 -3.139 -4.306 -4.683 -4.869 -4.935
0.0001 -2.19174 9.00000 1.8291808367 2.5604946613    1.757  3.741  3.6441  0.471    8  0.607  0.359    71.83    42.02    27.71    21.44    17.53  2 -1.19e-06      0.00 7.313e-01 2.686e-01 1.144e-05 1.707e-05 4.253e-05 -1.000 1.282e-04 -4.581 -1.096 -3.218 -4.447 -4.844 -5.039 -5.108
0.0001 -2.19174 9.00000 1.8291822672 2.5604946613    1.755  3.632  3.6505  0.604    8  0.607  0.623    54.90    32.99    22.00    16.96    13.86  2 -7.43e-07      0.00 7.312e-01 2.687e-01 2.016e-05 1.707e-05 4.314e-05 -1.000 1.375e-04 -4.310 -1.088 -3.081 -4.214 -4.580 -4.761 -4.824
0.0001 -2.19174 9.00000 1.8291848898 2.5604948997    1.750  3.432  3.6625  0.851    8  0.607  1.072    33.41    21.10    14.35    10.99     8.97  2 -3.31e-07      0.00 7.311e-01 2.688e-01 3.555e-05 1.707e-05 4.424e-05  5.432 1.541e-04 -3.810 -1.163 -2.823 -3.765 -4.079 -4.234 -4.288
0.0001 -2.19174 9.00000 1.8291888237 2.5604951382    1.744  3.337  3.6681  0.967    8  0.607  1.657    26.44    17.09    11.74     8.96     7.31  2 -2.32e-07      0.00 7.309e-01 2.689e-01 5.689e-05 1.706e-05 4.576e-05  6.410 1.770e-04 -3.572 -1.230 -2.695 -3.542 -3.832 -3.977 -4.027
0.0001 -2.19174 9.00000 1.8291940689 2.5604953766    1.735  3.360  3.6664  0.935    8  0.608  2.308    28.14    18.08    12.39     9.47     7.73  2 -2.54e-07      0.00 7.308e-01 2.690e-01 8.246e-05 1.706e-05 4.763e-05  6.727 2.044e-04 -3.630 -1.203 -2.723 -3.596 -3.892 -4.040 -4.091
0.0001 -2.19174 9.00000 1.8292008638 2.5604956150    1.724  3.464  3.6597  0.802    8  0.608  2.939    36.71    22.98    15.57    11.94     9.75  2 -3.79e-07      0.00 7.306e-01 2.692e-01 1.095e-04 1.706e-05 4.966e-05  6.916 2.335e-04 -3.889 -1.078 -2.840 -3.835 -4.161 -4.322 -4.378
0.0001 -2.19174 9.00000 1.8292090893 2.5604960918    1.711  3.574  3.6523  0.658    8  0.608  3.463    48.88    29.73    19.90    15.34    12.53  2 -5.96e-07      0.00 7.304e-01 2.694e-01 1.341e-04 1.706e-05 5.162e-05  7.037 2.601e-04 -4.166 -1.030 -2.975 -4.079 -4.436 -4.612 -4.675
0.0001 -2.19174 9.00000 1.8292188644 2.5604965687    1.695  3.654  3.6468  0.552    8  0.609  3.790    60.29    35.90    23.83    18.42    15.05  2 -8.42e-07      0.00 7.302e-01 2.695e-01 1.512e-04 1.705e-05 5.321e-05  7.104 2.789e-04 -4.364 -0.897 -3.257 -4.300 -4.568 -4.756 -4.847
0.0001 -2.19174 9.00000 1.8292301893 2.5604972839    1.677  3.698  3.6432  0.489    8  0.610  3.817    68.33    40.17    26.52    20.54    16.79  2 -1.03e-06      0.00 7.301e-01 2.696e-01 1.547e-04 1.705e-05 5.403e-05  7.115 2.831e-04 -4.476 -0.977 -3.362 -4.413 -4.682 -4.870 -4.962
0.0001 -2.19174 9.00000 1.8292433023 2.5604977608    1.656  3.721  3.6408  0.451    8  0.611  3.402    73.46    42.87    28.21    21.88    17.89  2 -1.16e-06      0.00 7.302e-01 2.695e-01 1.368e-04 1.706e-05 5.361e-05  7.042 2.648e-04 -4.533 -1.007 -3.413 -4.470 -4.741 -4.929 -5.021
0.0001 -2.19174 9.00000 1.8292579651 2.5604987144    1.633  3.736  3.6389  0.423    8  0.611  2.300    77.50    44.97    29.52    22.92    18.74  2 -1.25e-06      0.00 7.304e-01 2.694e-01 8.869e-05 1.706e-05 5.142e-05  6.757 2.144e-04 -4.570 -1.003 -3.435 -4.500 -4.775 -4.966 -5.059
0.0001 -2.19174 9.00000 1.8292584419 2.5604987144    1.632  3.810  3.6340  0.329    8  0.611  8.730    93.57    53.24    34.68    27.00    22.08  1 -1.75e-06      0.00 7.278e-01 2.715e-01 5.039e-04 1.701e-05 7.696e-05  7.708 6.559e-04 -4.754 -1.064 -3.565 -4.660 -4.942 -5.147 -5.245
0.0001 -2.19174 9.00000 1.8292601109 2.5604987144    1.627  3.703  3.6408  0.462    8  0.612  8.939    71.50    41.83    27.55    21.37    17.47  1 -1.08e-06      0.00 7.278e-01 2.716e-01 5.179e-04 1.701e-05 7.724e-05  7.721 6.702e-04 -4.487 -0.986 -3.371 -4.424 -4.692 -4.882 -4.974
0.0001 -2.19174 9.00000 1.8292630911 2.5604989529    1.620  3.505  3.6534  0.708    8  0.612  9.301    43.47    26.79    18.00    13.87    11.33  2 -4.73e-07      0.00 7.277e-01 2.716e-01 5.423e-04 1.701e-05 7.773e-05  7.744 6.953e-04 -3.993 -0.921 -2.830 -3.912 -4.263 -4.436 -4.498
0.0001 -2.19174 9.00000 1.8292677402 2.5604991913    1.608  3.409  3.6594  0.825    8  0.612  9.785    34.24    21.64    14.68    11.28     9.21  2 -3.26e-07      0.00 7.276e-01 2.717e-01 5.754e-04 1.701e-05 7.840e-05  7.772 7.293e-04 -3.752 -0.942 -2.703 -3.698 -4.024 -4.185 -4.241
0.0001 -2.19174 9.00000 1.8292739391 2.5604994297    1.593  3.433  3.6572  0.788    8  0.612 10.334    36.81    23.10    15.62    12.02     9.81  2 -3.61e-07      0.00 7.275e-01 2.718e-01 6.134e-04 1.700e-05 7.915e-05  7.803 7.685e-04 -3.813 -0.890 -2.718 -3.749 -4.085 -4.250 -4.309
0.0001 -2.19174 9.00000 1.8292818069 2.5604999065    1.573  3.536  3.6494  0.649    8  0.613 10.864    48.53    29.58    19.77    15.28    12.48  2 -5.48e-07      0.00 7.273e-01 2.719e-01 6.507e-04 1.700e-05 7.986e-05  7.830 8.067e-04 -4.069 -0.661 -2.972 -4.004 -4.269 -4.457 -4.547
0.0001 -2.19174 9.00000 1.8292914629 2.5605003834    1.550  3.644  3.6409  0.500    8  0.614 11.269    65.33    38.58    25.47    19.77    16.15  1 -8.77e-07      0.00 7.273e-01 2.719e-01 6.791e-04 1.700e-05 8.035e-05  7.851 8.359e-04 -4.340 -0.860 -3.230 -4.277 -4.544 -4.733 -4.824
0.0001 -2.19174 9.00000 1.8293029070 2.5605010986    1.522  3.721  3.6340  0.387    8  0.614 11.416    81.70    47.08    30.80    23.99    19.60  1 -1.25e-06      0.00 7.272e-01 2.719e-01 6.884e-04 1.700e-05 8.041e-05  7.857 8.454e-04 -4.533 -0.876 -3.352 -4.438 -4.719 -4.923 -5.021
0.0001 -2.19174 9.00000 1.8293162584 2.5605015755    1.491  3.765  3.6290  0.314    8  0.615 11.133    94.25    53.43    34.74    27.13    22.17  1 -1.56e-06      0.00 7.273e-01 2.719e-01 6.658e-04 1.700e-05 7.974e-05  7.842 8.220e-04 -4.643 -0.851 -3.406 -4.521 -4.813 -5.030 -5.132
0.0001 -2.19174 9.00000 1.8293315172 2.5605025291    1.456  3.789  3.6251  0.265    8  0.616 10.183   103.58    58.06    37.58    29.42    24.04  1 -1.78e-06      0.00 7.276e-01 2.717e-01 5.958e-04 1.701e-05 7.801e-05  7.789 7.499e-04 -4.702 -0.813 -3.420 -4.556 -4.858 -5.084 -5.190
0.0001 -2.19174 9.00000 1.8293488026 2.5605034828    1.417  3.804  3.6214  0.223    8  0.617  8.202   112.18    62.24    40.14    31.48    25.73  1 -1.96e-06      0.00 7.280e-01 2.714e-01 4.602e-04 1.702e-05 7.482e-05  7.665 6.103e-04 -4.741 -0.763 -3.417 -4.573 -4.883 -5.120 -5.229
0.0001 -2.19174 9.00000 1.8293492794 2.5605034828    1.416  3.887  3.6150  0.114    8  0.617 19.191   139.97    75.74    48.41    38.08    31.14  0 -2.89e-06      0.14 7.227e-01 2.754e-01 1.705e-03 1.690e-05 1.185e-04  8.270 1.905e-03 -4.947 -0.339 -3.215 -4.503 -4.868 -5.157 -5.304
0.0001 -2.19174 9.00000 1.8293509483 2.5605034828    1.409  3.782  3.6226  0.248    8  0.618 19.232   106.44    59.39    38.38    30.08    24.58  0 -1.77e-06      0.10 7.227e-01 2.754e-01 1.707e-03 1.690e-05 1.184e-04  8.271 1.907e-03 -4.684 -0.430 -3.157 -4.364 -4.697 -4.953 -5.082
0.0001 -2.19174 9.00000 1.8293539286 2.5605037212    1.398  3.587  3.6368  0.496    8  0.618 19.302    64.07    37.86    24.96    19.44    15.87  1 -7.54e-07      0.03 7.227e-01 2.754e-01 1.711e-03 1.690e-05 1.182e-04  8.272 1.911e-03 -4.197 -0.548 -2.983 -4.062 -4.344 -4.548 -4.650
0.0001 -2.19174 9.00000 1.8293584585 2.5605039597    1.380  3.488  3.6435  0.616    8  0.618 19.391    49.99    30.38    20.22    15.71    12.81  1 -5.06e-07      0.02 7.228e-01 2.753e-01 1.714e-03 1.690e-05 1.179e-04  8.273 1.915e-03 -3.950 -0.463 -2.807 -3.853 -4.124 -4.317 -4.412
0.0001 -2.19174 9.00000 1.8293646574 2.5605041981    1.357  3.512  3.6402  0.571    8  0.618 19.484    54.50    32.78    21.74    16.92    13.80  1 -5.66e-07      0.02 7.228e-01 2.753e-01 1.717e-03 1.690e-05 1.175e-04  8.274 1.917e-03 -4.011 -0.495 -2.859 -3.911 -4.183 -4.376 -4.472
0.0001 -2.19174 9.00000 1.8293725252 2.5605046749    1.328  3.611  3.6305  0.424    8  0.619 19.553    73.27    42.57    27.88    21.80    17.79  1 -8.77e-07      0.04 7.229e-01 2.752e-01 1.716e-03 1.690e-05 1.170e-04  8.273 1.916e-03 -4.259 -0.429 -2.962 -4.080 -4.377 -4.597 -4.706
0.0001 -2.19174 9.00000 1.8293821812 2.5605051517    1.293  3.715  3.6196  0.265    8  0.620 19.562   100.69    56.28    36.39    28.59    23.35  0 -1.42e-06      0.06 7.229e-01 2.751e-01 1.707e-03 1.691e-05 1.164e-04  8.271 1.907e-03 -4.517 -0.330 -3.040 -4.235 -4.564 -4.818 -4.943
0.0001 -2.19174 9.00000 1.8293936253 2.5605056286    1.253  3.788  3.6104  0.142    8  0.620 19.463   128.89    69.80    44.66    35.25    28.79  0 -2.04e-06      0.11 7.231e-01 2.751e-01 1.688e-03 1.691e-05 1.156e-04  8.266 1.887e-03 -4.699 -0.134 -2.996 -4.280 -4.647 -4.938 -5.081
0.0001 -2.19174 9.00000 1.8294068575 2.5605063438    1.208  3.829  3.6031  0.056    8  0.621 19.195   152.71    80.77    51.30    40.62    33.18  0 -2.57e-06      0.13 7.232e-01 2.750e-01 1.652e-03 1.691e-05 1.148e-04  8.256 1.850e-03 -4.802 0.031 -2.928 -4.286 -4.683 -5.001 -5.157
0.0001 -2.19174 9.00000 1.8294221163 2.5605072975    1.159  3.850  3.5969 -0.008    8  0.622 18.684   173.04    89.76    56.68    45.03    36.78  0 -2.97e-06      0.14 7.233e-01 2.749e-01 1.594e-03 1.691e-05 1.138e-04  8.240 1.790e-03 -4.855 0.159 -2.855 -4.267 -4.687 -5.026 -5.191
0.0001 -2.19174 9.00000 1.8294392824 2.5605080128    1.105  3.864  3.5907 -0.068    8  0.623 17.835   193.20    98.69    61.99    49.40    40.34  0 -3.33e-06      0.15 7.235e-01 2.748e-01 1.506e-03 1.692e-05 1.126e-04  8.214 1.700e-03 -4.890 0.228 -2.806 -4.245 -4.682 -5.039 -5.210
0.0001 -2.19174 9.00000 1.8294397593 2.5605080128    1.102  3.955  3.5818 -0.195    8  0.623 26.192   234.21   124.23    77.23    61.75    50.46  0 -5.17e-06      0.49 7.180e-01 2.786e-01 3.073e-03 1.679e-05 1.564e-04  8.535 3.324e-03 -5.117 1.209 -2.154 -3.841 -4.388 -4.852 -5.106
0.0001 -2.19174 9.00000 1.8294413090 2.5605082512    1.093  3.851  3.5910 -0.058    8  0.623 26.125   189.64    96.74    60.81    48.46    39.57  0 -3.17e-06      0.34 7.181e-01 2.786e-01 3.055e-03 1.679e-05 1.559e-04  8.533 3.306e-03 -4.856 0.880 -2.337 -3.895 -4.381 -4.784 -4.998
0.0001 -2.19174 9.00000 1.8294442892 2.5605082512    1.076  3.659  3.6083  0.196    8  0.624 26.010   111.71    60.83    39.03    30.91    25.21  0 -1.33e-06      0.16 7.182e-01 2.785e-01 3.024e-03 1.680e-05 1.550e-04  8.528 3.274e-03 -4.376 0.383 -2.525 -3.847 -4.233 -4.542 -4.699
0.0001 -2.19174 9.00000 1.8294487000 2.5605084896    1.050  3.557  3.6166  0.320    8  0.624 25.859    85.96    48.33    31.31    24.74    20.16  0 -8.79e-07      0.12 7.184e-01 2.784e-01 2.984e-03 1.680e-05 1.539e-04  8.522 3.233e-03 -4.124 0.264 -2.496 -3.731 -4.080 -4.355 -4.493
0.0001 -2.19174 9.00000 1.8294546604 2.5605089664    1.017  3.582  3.6121  0.264    8  0.624 25.698    95.96    53.04    34.20    27.09    22.07  0 -1.01e-06      0.13 7.185e-01 2.783e-01 2.942e-03 1.680e-05 1.526e-04  8.516 3.189e-03 -4.184 0.367 -2.461 -3.734 -4.100 -4.391 -4.537
0.0001 -2.19174 9.00000 1.8294622898 2.5605092049    0.976  3.677  3.5996  0.100    8  0.625 25.567   133.99    70.55    44.87    35.74    29.14  0 -1.64e-06      0.19 7.187e-01 2.782e-01 2.907e-03 1.681e-05 1.516e-04  8.510 3.153e-03 -4.423 0.638 -2.380 -3.785 -4.205 -4.546 -4.717
0.0001 -2.19174 9.00000 1.8294717073 2.5605096817    0.927  3.776  3.5860 -0.075    8  0.625 25.524   182.92    95.56    59.88    48.00    39.14  0 -2.76e-06      0.32 7.188e-01 2.781e-01 2.894e-03 1.681e-05 1.512e-04  8.508 3.139e-03 -4.669 1.036 -2.158 -3.717 -4.208 -4.618 -4.830
0.0001 -2.19174 9.00000 1.8294827938 2.5605103970    0.873  3.844  3.5745 -0.215    8  0.626 25.643   222.01   121.33    75.11    60.55    49.39  0 -4.15e-06      0.45 7.187e-01 2.781e-01 2.920e-03 1.681e-05 1.518e-04  8.512 3.166e-03 -4.841 1.445 -1.875 -3.569 -4.126 -4.600 -4.853
0.0001 -2.19174 9.00000 1.8294956684 2.5605111122    0.814  3.882  3.5658 -0.318    8  0.627 26.007   253.69   143.57    88.08    71.37    58.20  0  -5.5e-06      0.62 7.184e-01 2.783e-01 3.008e-03 1.680e-05 1.542e-04  8.526 3.258e-03 -4.936 1.971 -1.484 -3.322 -3.943 -4.481 -4.779
0.0001 -2.19174 9.00000 1.8295104504 2.5605118275    0.752  3.901  3.5588 -0.400    8  0.628 26.691   231.75    -1.00    -1.00    -1.00    -1.00  0 -6.79e-06      0.84 7.178e-01 2.787e-01 3.184e-03 1.679e-05 1.590e-04  8.551 3.440e-03 -4.983 2.707 -0.934 -2.946 -3.640 -4.251 -4.605
0.0001 -2.19174 9.00000 1.8295271397 2.5605127811    0.687  3.913  3.5524 -0.476    8  0.629 27.739   196.91    -1.00    -1.00    -1.00    -1.00  0 -8.26e-06      1.15 7.168e-01 2.794e-01 3.479e-03 1.676e-05 1.672e-04  8.591 3.747e-03 -5.013 3.724 -0.178 -2.415 -3.201 -3.904 -4.333
0.0001 -2.19174 9.00000 1.8295340538 2.5605130196    0.630 -9.999  4.0000  1.353    9  0.630  0.000     0.00     0.00     0.00     0.00     0.00 -1    -1e-30      0.00 7.164e-01 2.797e-01 3.629e-03 1.675e-05 1.712e-04  8.610 3.903e-03 29.767 30.114 29.975 30.253 30.481 30.559 30.648
#isochrone terminated
