# File generated by CMD 3.6 (http://stev.oapd.inaf.it/cmd) on Thu Apr 21 17:52:49 CEST 2022
# isochrones based on PARSEC release v1.2S +  COLIBRI S_37 + S_35 + PR16
# Basic references: Bressan et al. (2012), MNRAS, 427, 127 + Chen et al. (2014, 2015), MNRAS, 444, 2525 + MNRAS, 452, 1068 + Tang et al. (2014), MNRAS, 445, 4287 + Marigo et al. (2017), ApJ, 835, 77 + Pastorelli al. (2019), MNRAS, 485, 5666 + Pastorelli al. (2020), MNRAS, in press
# Thermal pulse cycles included 
# On RGB, assumed Reimers mass loss with efficiency eta=0.2
# LPV periods and growth rates added cf. Trabucchi et al. (2019)
# but fundamental-mode LPV periods are from Trabucchi et al. (2021)
# Photometric system: DECAM (ABmags)
# Using YBC version of bolometric corrections as in Chen et al. (2019)
# O-rich circumstellar dpmod60alox40 dust from Groenewegen (2006)
# C-rich circumstellar AMCSIC15 dust from Groenewegen (2006)
# IMF: Kroupa (2001, 2002) + Kroupa et al. (2013) canonical two-part-power law IMF corrected for unresolved binaries 
# Kind of output: isochrone tables
# Zini     MH   logAge Mini        int_IMF         Mass   logL    logTe  logg  label   McoreTP C_O  period0  period1  period2  period3  period4  pmode  Mloss  tau1m   X   Y   Xc  Xn  Xo  Cexcess  Z 	 mbolmag  umag    gmag    rmag    imag    zmag    Ymag
0.0001 -2.19174 10.04139 0.1000000015 1.1711064577    0.100 -2.781  3.5586  5.406    1  0.000  0.545     0.00     0.00     0.00     0.00     0.00 -1  -1.3e-16      0.00 7.458e-01 2.541e-01 1.798e-05 4.851e-06 4.400e-05 -1.000 1.000e-04 11.723 15.919 13.651 12.097 11.453 11.157 11.058
0.0001 -2.19174 10.04139 0.1098214313 1.2482755184    0.109 -2.633  3.5739  5.357    1  0.000  0.545     0.00     0.00     0.00     0.00     0.00 -1 -1.86e-16      0.00 7.441e-01 2.558e-01 1.798e-05 4.851e-06 4.400e-05 -1.000 9.993e-05 11.352 15.186 13.068 11.635 11.089 10.817 10.723
0.0001 -2.19174 10.04139 0.1294642836 1.3786746264    0.129 -2.391  3.5964  5.278    1  0.000  0.545     0.00     0.00     0.00     0.00     0.00 -1 -3.27e-16      0.00 7.413e-01 2.586e-01 1.798e-05 4.851e-06 4.400e-05 -1.000 9.999e-05 10.748 14.063 12.187 10.947 10.489 10.249 10.165
0.0001 -2.19174 10.04139 0.1491071582 1.4855960608    0.149 -2.229  3.6078  5.222    1  0.000  0.545     0.00     0.00     0.00     0.00     0.00 -1 -4.71e-16      0.00 7.396e-01 2.603e-01 1.798e-05 4.851e-06 4.400e-05 -1.000 9.999e-05 10.342 13.418 11.658 10.507 10.082 9.858 9.781
0.0001 -2.19174 10.04139 0.1687500030 1.5756140947    0.168 -2.103  3.6151  5.178    1  0.000  0.545     0.00     0.00     0.00     0.00     0.00 -1 -6.23e-16      0.00 7.387e-01 2.612e-01 1.798e-05 4.851e-06 4.400e-05 -1.000 1.000e-04 10.027 12.957 11.267 10.172 9.765 9.552 9.478
0.0001 -2.19174 10.04139 0.2080357224 1.7204496861    0.207 -1.899  3.6261  5.110    1  0.000  0.545     0.00     0.00     0.00     0.00     0.00 -1 -9.71e-16      0.00 7.383e-01 2.616e-01 1.798e-05 4.851e-06 4.400e-05 -1.000 1.000e-04 9.517 12.238 10.650 9.632 9.252 9.055 8.987
0.0001 -2.19174 10.04139 0.2571428716 1.8581268787    0.257 -1.710  3.6361  5.053    1  0.000  0.545     0.00     0.00     0.00     0.00     0.00 -1 -1.44e-15      0.00 7.385e-01 2.614e-01 1.798e-05 4.852e-06 4.400e-05 -1.000 1.000e-04 9.045 11.586 10.085 9.132 8.776 8.594 8.531
0.0001 -2.19174 10.04139 0.3062500358 1.9652637243    0.306 -1.564  3.6445  5.017    1  0.000  0.545     0.00     0.00     0.00     0.00     0.00 -1 -1.92e-15      0.00 7.386e-01 2.613e-01 1.797e-05 4.852e-06 4.400e-05 -1.000 1.001e-04 8.680 11.079 9.649 8.745 8.408 8.237 8.179
0.0001 -2.19174 10.04139 0.3553571403 2.0521113873    0.355 -1.441  3.6523  4.991    1  0.000  0.544     0.00     0.00     0.00     0.00     0.00 -1 -2.44e-15      0.00 7.396e-01 2.603e-01 1.796e-05 4.853e-06 4.400e-05 -1.000 1.000e-04 8.373 10.646 9.279 8.419 8.099 7.939 7.885
0.0001 -2.19174 10.04139 0.4044643044 2.1246092319    0.404 -1.321  3.6606  4.960    1  0.000  0.545     0.00     0.00     0.00     0.00     0.00 -1 -3.12e-15      0.00 7.501e-01 2.498e-01 1.798e-05 4.851e-06 4.400e-05 -1.000 9.994e-05 8.074 10.215 8.918 8.101 7.798 7.649 7.601
0.0001 -2.19174 10.04139 0.4535714388 2.1864814758    0.453 -1.177  3.6737  4.918    1  0.000  0.545     0.00     0.00     0.00     0.00     0.00 -1 -4.32e-15      0.00 7.507e-01 2.492e-01 1.798e-05 4.851e-06 4.400e-05 -1.000 9.996e-05 7.712 9.651 8.465 7.714 7.438 7.306 7.264
0.0001 -2.19174 10.04139 0.4556491673 2.1889054775    0.455 -1.169  3.6744  4.915    1  0.000  0.545     0.00     0.00     0.00     0.00     0.00 -1  -4.4e-15      0.00 7.508e-01 2.491e-01 1.798e-05 4.850e-06 4.399e-05 -1.000 1.000e-04 7.694 9.624 8.442 7.695 7.420 7.289 7.248
0.0001 -2.19174 10.04139 0.5026785731 2.2401986122    0.503 -1.015  3.6881  4.859    1  0.000  0.545     0.00     0.00     0.00     0.00     0.00 -1 -6.36e-15      0.00 7.525e-01 2.474e-01 1.787e-05 4.821e-06 4.373e-05 -1.000 1.000e-04 7.308 9.043 7.972 7.289 7.041 6.928 6.893
0.0001 -2.19174 10.04139 0.5517857671 2.2851314545    0.551 -0.820  3.7070  4.779    1  0.000  0.544     0.00     0.00     0.00     0.00     0.00 -1 -1.04e-14      0.00 7.822e-01 2.177e-01 1.586e-05 4.280e-06 3.884e-05 -1.000 1.000e-04 6.820 8.310 7.383 6.783 6.570 6.479 6.454
0.0001 -2.19174 10.04139 0.6008928418 2.3217256069    0.600 -0.620  3.7308  4.711    1  0.000  0.544     0.00     0.00     0.00     0.00     0.00 -1 -1.71e-14      0.00 7.940e-01 2.059e-01 1.508e-05 4.074e-06 3.699e-05 -1.000 9.996e-05 6.319 7.549 6.778 6.273 6.103 6.039 6.026
0.0001 -2.19174 10.04139 0.6099001169 2.3277063370    0.610 -0.581  3.7359  4.699    1  0.000  0.544     0.00     0.00     0.00     0.00     0.00 -1 -1.88e-14      0.00 7.968e-01 2.031e-01 1.490e-05 4.027e-06 3.656e-05 -1.000 1.000e-04 6.222 7.406 6.662 6.177 6.015 5.957 5.946
0.0001 -2.19174 10.04139 0.6226217151 2.3358154297    0.622 -0.526  3.7432  4.682    1  0.000  0.543     0.00     0.00     0.00     0.00     0.00 -1 -2.16e-14      0.00 8.009e-01 1.991e-01 1.465e-05 3.957e-06 3.593e-05 -1.000 4.619e-05 6.084 7.205 6.499 6.041 5.891 5.841 5.833
0.0001 -2.19174 10.04139 0.6339830160 2.3427419662    0.634 -0.476  3.7496  4.667    1  0.000  0.543     0.00     0.00     0.00     0.00     0.00 -1 -2.44e-14      0.00 8.047e-01 1.952e-01 1.440e-05 3.891e-06 3.533e-05 -1.000 1.000e-04 5.961 7.027 6.354 5.921 5.783 5.740 5.734
0.0001 -2.19174 10.04139 0.6441093087 2.3486793041    0.644 -0.432  3.7554  4.652    1  0.000  0.543     0.00     0.00     0.00     0.00     0.00 -1 -2.73e-14      0.00 8.084e-01 1.916e-01 1.416e-05 3.828e-06 3.477e-05 -1.000 3.190e-05 5.849 6.873 6.226 5.814 5.686 5.649 5.646
0.0001 -2.19174 10.04139 0.6499999762 2.3520355225    0.650 -0.406  3.7586  4.643    1  0.000  0.543     0.00     0.00     0.00     0.00     0.00 -1 -2.91e-14      0.00 8.105e-01 1.894e-01 1.402e-05 3.791e-06 3.443e-05 -1.000 1.001e-04 5.784 6.783 6.151 5.752 5.629 5.595 5.594
0.0001 -2.19174 10.04139 0.6523991227 2.3533823490    0.652 -0.395  3.7599  4.639    1  0.000  0.543     0.00     0.00     0.00     0.00     0.00 -1 -2.99e-14      0.00 8.116e-01 1.883e-01 1.395e-05 3.772e-06 3.426e-05 -1.000 1.000e-04 5.758 6.746 6.120 5.726 5.605 5.574 5.572
0.0001 -2.19174 10.04139 0.6644299626 2.3599684238    0.664 -0.341  3.7664  4.619    1  0.000  0.543     0.00     0.00     0.00     0.00     0.00 -1 -3.44e-14      0.00 8.174e-01 1.825e-01 1.358e-05 3.672e-06 3.338e-05 -1.000 9.997e-05 5.622 6.570 5.968 5.598 5.487 5.462 5.463
0.0001 -2.19174 10.04139 0.6751189828 2.3655939102    0.675 -0.292  3.7720  4.599    1  0.000  0.542     0.00     0.00     0.00     0.00     0.00 -1 -3.91e-14      0.00 8.229e-01 1.770e-01 1.322e-05 3.578e-06 3.253e-05 -1.000 1.000e-04 5.500 6.414 5.833 5.482 5.380 5.360 5.363
0.0001 -2.19174 10.04139 0.6856115460 2.3709204197    0.685 -0.243  3.7775  4.579    1  0.000  0.541     0.00     0.00     0.00     0.00     0.00 -1 -4.44e-14      0.00 8.287e-01 1.712e-01 1.285e-05 3.479e-06 3.164e-05 -1.000 9.999e-05 5.378 6.262 5.699 5.366 5.272 5.257 5.262
0.0001 -2.19174 10.04139 0.6955922246 2.3758158684    0.695 -0.195  3.7825  4.558    1  0.000  0.541     0.00     0.00     0.00     0.00     0.00 -1 -5.04e-14      0.00 8.345e-01 1.654e-01 1.247e-05 3.379e-06 3.074e-05 -1.000 9.991e-05 5.259 6.116 5.568 5.253 5.168 5.158 5.165
0.0001 -2.19174 10.04139 0.6999999881 2.3779268265    0.700 -0.174  3.7848  4.548    1  0.000  0.541     0.00     0.00     0.00     0.00     0.00 -1 -5.34e-14      0.00 8.373e-01 1.626e-01 1.230e-05 3.332e-06 3.032e-05 -1.000 9.997e-05 5.205 6.051 5.509 5.202 5.120 5.112 5.120
0.0001 -2.19174 10.04139 0.7059403062 2.3807237148    0.706 -0.145  3.7876  4.533    1  0.000  0.540     0.00     0.00     0.00     0.00     0.00 -1 -5.78e-14      0.00 8.407e-01 1.593e-01 1.209e-05 3.279e-06 2.986e-05 -1.000 8.775e-05 5.131 5.964 5.429 5.133 5.055 5.050 5.059
0.0001 -2.19174 10.04139 0.7164623141 2.3855473995    0.716 -0.090  3.7925  4.506    1  0.000  0.537     0.00     0.00     0.00     0.00     0.00 -1 -6.71e-14      0.00 8.464e-01 1.536e-01 1.173e-05 3.195e-06 2.912e-05 -1.000 2.941e-05 4.996 5.806 5.283 5.004 4.934 4.934 4.945
0.0001 -2.19174 10.04139 0.7263759375 2.3899455070    0.726 -0.037  3.7971  4.476    1  0.000  0.535     0.00     0.00     0.00     0.00     0.00 -1  -7.8e-14      0.00 8.512e-01 1.488e-01 1.145e-05 3.128e-06 2.853e-05 -1.000 1.490e-05 4.862 5.652 5.138 4.875 4.813 4.818 4.830
0.0001 -2.19174 10.04139 0.7350733876 2.3936917782    0.735  0.013  3.8011  4.448    1  0.000  0.533     0.00     0.00     0.00     0.00     0.00 -1 -8.97e-14      0.00 8.549e-01 1.451e-01 1.125e-05 3.081e-06 2.813e-05 -1.000 2.912e-05 4.739 5.513 5.005 4.756 4.700 4.709 4.722
0.0001 -2.19174 10.04139 0.7436574101 2.3972907066    0.743  0.064  3.8050  4.417    1  0.000  0.531     0.00     0.00     0.00     0.00     0.00 -1 -1.04e-13      0.00 8.581e-01 1.419e-01 1.108e-05 3.044e-06 2.781e-05 -1.000 9.626e-06 4.610 5.370 4.867 4.631 4.582 4.595 4.609
0.0001 -2.19174 10.04139 0.7500000000 2.3998889923    0.749  0.104  3.8077  4.391    1  0.000  0.530     0.00     0.00     0.00     0.00     0.00 -1 -1.17e-13      0.00 8.602e-01 1.397e-01 1.097e-05 3.020e-06 2.761e-05 -1.000 5.537e-05 4.510 5.259 4.759 4.533 4.489 4.504 4.519
0.0001 -2.19174 10.04139 0.7535456419 2.4013197422    0.753  0.127  3.8094  4.377    1  0.000  0.530     0.00     0.00     0.00     0.00     0.00 -1 -1.25e-13      0.00 8.604e-01 1.395e-01 1.099e-05 3.025e-06 2.766e-05 -1.000 9.999e-05 4.452 5.195 4.698 4.477 4.436 4.452 4.468
0.0001 -2.19174 10.04139 0.7610281706 2.4042885303    0.760  0.179  3.8130  4.344    1  0.000  0.529     0.00     0.00     0.00     0.00     0.00 -1 -1.46e-13      0.00 8.606e-01 1.393e-01 1.103e-05 3.037e-06 2.778e-05 -1.000 1.000e-04 4.322 5.053 4.558 4.350 4.315 4.335 4.352
0.0001 -2.19174 10.04139 0.7700396776 2.4077761173    0.769  0.248  3.8171  4.297    1  0.000  0.529     0.00     0.00     0.00     0.00     0.00 -1 -1.78e-13      0.00 8.608e-01 1.391e-01 1.108e-05 3.054e-06 2.794e-05 -1.000 1.000e-04 4.151 4.868 4.375 4.181 4.152 4.176 4.194
0.0001 -2.19174 10.04139 0.7783606052 2.4109141827    0.777  0.318  3.8207  4.245    1  0.000  0.529     0.00     0.00     0.00     0.00     0.00 -1 -2.21e-13      0.00 8.609e-01 1.391e-01 1.113e-05 3.070e-06 2.809e-05 -1.000 1.036e-05 3.974 4.678 4.186 4.005 3.982 4.010 4.029
0.0001 -2.19174 10.04139 0.7838823199 2.4129543304    0.783  0.370  3.8227  4.205    1  0.000  0.528     0.00     0.00     0.00     0.00     0.00 -1  -2.6e-13      0.00 8.608e-01 1.391e-01 1.118e-05 3.081e-06 2.821e-05 -1.000 7.872e-05 3.846 4.544 4.052 3.877 3.858 3.888 3.907
0.0001 -2.19174 10.04139 0.7891176343 2.4148583412    0.788  0.421  3.8240  4.162    1  0.000  0.528     0.00     0.00     0.00     0.00     0.00 -1 -3.07e-13      0.00 8.597e-01 1.402e-01 1.128e-05 3.109e-06 2.846e-05 -1.000 9.996e-05 3.718 4.410 3.917 3.748 3.732 3.763 3.783
0.0001 -2.19174 10.04139 0.7933979034 2.4163935184    0.792  0.466  3.8246  4.121    1  0.000  0.528     0.00     0.00     0.00     0.00     0.00 -1 -3.58e-13      0.00 8.584e-01 1.415e-01 1.138e-05 3.138e-06 2.873e-05 -1.000 9.997e-05 3.606 4.295 3.802 3.636 3.621 3.652 3.672
0.0001 -2.19174 10.04139 0.7949312329 2.4169387817    0.794  0.484  3.8242  4.102    1  0.000  0.528     0.00     0.00     0.00     0.00     0.00 -1 -3.81e-13      0.00 8.580e-01 1.419e-01 1.142e-05 3.148e-06 2.882e-05 -1.000 9.999e-05 3.559 4.249 3.755 3.588 3.573 3.604 3.623
0.0001 -2.19174 10.04139 0.7990968227 2.4184083939    0.798  0.539  3.8220  4.041    1  0.000  0.528     0.00     0.00     0.00     0.00     0.00 -1  -4.6e-13      0.00 8.568e-01 1.431e-01 1.152e-05 3.176e-06 2.908e-05 -1.000 9.997e-05 3.424 4.118 3.621 3.449 3.432 3.460 3.479
0.0001 -2.19174 10.04139 0.8000000119 2.4187245369    0.799  0.552  3.8211  4.025    1  0.000  0.528     0.00     0.00     0.00     0.00     0.00 -1 -4.83e-13      0.00 8.565e-01 1.434e-01 1.154e-05 3.182e-06 2.913e-05 -1.000 9.999e-05 3.391 4.087 3.589 3.416 3.396 3.424 3.443
0.0001 -2.19174 10.04139 0.8019444346 2.4194025993    0.800  0.580  3.8192  3.990    1  0.000  0.528     0.00     0.00     0.00     0.00     0.00 -1 -5.35e-13      0.00 8.559e-01 1.440e-01 1.158e-05 3.192e-06 2.922e-05 -1.000 9.997e-05 3.320 4.021 3.522 3.343 3.321 3.348 3.365
0.0001 -2.19174 10.04139 0.8026244640 2.4196388721    0.801  0.590  3.8184  3.977    1  0.000  0.528     0.00     0.00     0.00     0.00     0.00 -1 -5.56e-13      0.00 8.557e-01 1.442e-01 1.159e-05 3.196e-06 2.925e-05 -1.000 9.996e-05 3.294 3.997 3.497 3.316 3.293 3.318 3.336
0.0001 -2.19174 10.04139 0.8032256365 2.4198474884    0.802  0.601  3.8169  3.960    1  0.000  0.528     0.00     0.00     0.00     0.00     0.00 -1 -5.81e-13      0.00 8.555e-01 1.444e-01 1.160e-05 3.199e-06 2.928e-05 -1.000 1.000e-04 3.267 3.973 3.472 3.287 3.262 3.286 3.303
0.0001 -2.19174 10.04139 0.8052454591 2.4205453396    0.804  0.640  3.8109  3.898    2  0.000  0.528     0.00     0.00     0.00     0.00     0.00 -1 -6.83e-13      0.00 8.549e-01 1.450e-01 1.164e-05 3.209e-06 2.938e-05 -1.000 1.000e-04 3.169 3.892 3.386 3.184 3.150 3.168 3.183
0.0001 -2.19174 10.04139 0.8067845702 2.4210743904    0.805  0.675  3.8037  3.836    2  0.000  0.528     0.00     0.00     0.00     0.00     0.00 -1 -7.93e-13      0.00 8.544e-01 1.455e-01 1.167e-05 3.217e-06 2.945e-05 -1.000 9.997e-05 3.083 3.831 3.316 3.092 3.046 3.058 3.070
0.0001 -2.19174 10.04139 0.8079854846 2.4214854240    0.806  0.706  3.7952  3.772    2  0.000  0.528     0.00     0.00     0.00     0.00     0.00 -1 -9.16e-13      0.00 8.541e-01 1.458e-01 1.169e-05 3.224e-06 2.951e-05 -1.000 1.000e-04 3.006 3.786 3.259 3.007 2.949 2.952 2.962
0.0001 -2.19174 10.04139 0.8089513779 2.4218151569    0.807  0.734  3.7858  3.706    2  0.000  0.528     0.00     0.00     0.00     0.00     0.00 -1 -1.05e-12      0.00 8.537e-01 1.463e-01 1.172e-05 3.232e-06 2.958e-05 -1.000 6.932e-05 2.935 3.754 3.212 2.930 2.857 2.850 2.857
0.0001 -2.19174 10.04139 0.8097557425 2.4220890999    0.808  0.760  3.7765  3.643    2  0.000  0.529     0.00     0.00     0.00     0.00     0.00 -1 -1.21e-12      0.00 8.447e-01 1.552e-01 1.224e-05 3.372e-06 3.084e-05 -1.000 2.730e-05 2.869 3.731 3.170 2.858 2.770 2.754 2.757
0.0001 -2.19174 10.04139 0.8104563355 2.4223272800    0.809  0.787  3.7679  3.583    2  0.000  0.532     0.00     0.00     0.00     0.00     0.00 -1 -1.37e-12      0.00 8.200e-01 1.800e-01 1.367e-05 3.754e-06 3.426e-05 -1.000 3.389e-05 2.803 3.710 3.127 2.787 2.686 2.662 2.662
0.0001 -2.19174 10.04139 0.8111026883 2.4225463867    0.809  0.815  3.7601  3.523    2  0.000  0.534     0.00     0.00     0.00     0.00     0.00 -1 -1.57e-12      0.00 7.971e-01 2.028e-01 1.499e-05 4.108e-06 3.741e-05 -1.000 7.945e-05 2.732 3.681 3.078 2.712 2.599 2.567 2.564
0.0001 -2.19174 10.04139 0.8117514253 2.4227659702    0.810  0.852  3.7531  3.458    2  0.000  0.536     0.00     0.00     0.00     0.00     0.00 -1 -1.84e-12      0.00 7.821e-01 2.178e-01 1.586e-05 4.341e-06 3.949e-05 -1.000 1.000e-04 2.639 3.634 3.007 2.617 2.492 2.453 2.447
0.0001 -2.19174 10.04139 0.8122587800 2.4229373932    0.810  0.889  3.7485  3.403    2  0.000  0.536     0.00     0.00     0.00     0.00     0.00 -1 -2.13e-12      0.00 7.755e-01 2.244e-01 1.625e-05 4.444e-06 4.041e-05 -1.000 1.000e-04 2.547 3.572 2.929 2.523 2.391 2.347 2.339
0.0001 -2.19174 10.04139 0.8127608299 2.4231069088    0.811  0.933  3.7448  3.345    2  0.000  0.537     0.00     0.00     0.00     0.00     0.00 -1 -2.51e-12      0.00 7.714e-01 2.285e-01 1.649e-05 4.507e-06 4.098e-05 -1.000 1.001e-04 2.439 3.490 2.833 2.414 2.276 2.228 2.218
0.0001 -2.19174 10.04139 0.8128367662 2.4231324196    0.811  0.940  3.7443  3.336    2  0.000  0.536     0.00     0.00     0.00     0.00     0.00 -1 -2.59e-12      0.00 7.710e-01 2.290e-01 1.651e-05 4.514e-06 4.104e-05 -1.000 7.381e-05 2.420 3.474 2.816 2.396 2.256 2.208 2.198
0.0001 -2.19174 10.04139 0.8132538795 2.4232730865    0.811  0.982  3.7421  3.286    3  0.000  0.537     0.00     0.00     0.00     0.00     0.00 -1 -3.01e-12      0.00 7.686e-01 2.313e-01 1.664e-05 4.547e-06 4.133e-05 -1.000 1.001e-04 2.316 3.386 2.720 2.292 2.149 2.098 2.087
0.0001 -2.19174 10.04139 0.8137148023 2.4234280586    0.812  1.031  3.7397  3.227    3  0.000  0.537     0.00     0.00     0.00     0.00     0.00 -1  -3.6e-12      0.00 7.664e-01 2.336e-01 1.674e-05 4.576e-06 4.159e-05 -1.000 3.116e-05 2.193 3.279 2.605 2.169 2.022 1.968 1.957
0.0001 -2.19174 10.04139 0.8141039610 2.4235589504    0.812  1.075  3.7380  3.177    3  0.000  0.537     0.00     0.00     0.00     0.00     0.00 -1 -4.23e-12      0.00 7.647e-01 2.353e-01 1.681e-05 4.596e-06 4.176e-05 -1.000 9.495e-05 2.083 3.182 2.500 2.059 1.910 1.854 1.841
0.0001 -2.19174 10.04139 0.8144787550 2.4236848354    0.812  1.120  3.7364  3.125    3  0.000  0.537     0.00     0.00     0.00     0.00     0.00 -1 -4.98e-12      0.00 7.631e-01 2.368e-01 1.687e-05 4.612e-06 4.191e-05 -1.000 1.001e-04 1.971 3.081 2.394 1.948 1.796 1.738 1.725
0.0001 -2.19174 10.04139 0.8148277998 2.4238018990    0.812  1.164  3.7348  3.075    3  0.000  0.537     0.00     0.00     0.00     0.00     0.00 -1 -5.84e-12      0.00 7.618e-01 2.381e-01 1.692e-05 4.625e-06 4.203e-05 -1.000 9.999e-05 1.859 2.982 2.288 1.837 1.683 1.623 1.609
0.0001 -2.19174 10.04139 0.8151566386 2.4239120483    0.813  1.209  3.7334  3.024    3  0.000  0.537     0.00     0.00     0.00     0.00     0.00 -1 -6.86e-12      0.00 7.605e-01 2.394e-01 1.696e-05 4.636e-06 4.212e-05 -1.000 1.000e-04 1.748 2.880 2.181 1.726 1.569 1.508 1.493
0.0001 -2.19174 10.04139 0.8154858351 2.4240221977    0.813  1.257  3.7319  2.970    3  0.000  0.537     0.00     0.00     0.00     0.00     0.00 -1 -8.16e-12      0.00 7.593e-01 2.407e-01 1.699e-05 4.647e-06 4.220e-05 -1.000 4.721e-05 1.627 2.770 2.065 1.605 1.447 1.384 1.368
0.0001 -2.19174 10.04139 0.8157703280 2.4241173267    0.813  1.302  3.7304  2.919    3  0.000  0.536     0.00     0.00     0.00     0.00     0.00 -1  -9.6e-12      0.00 7.581e-01 2.418e-01 1.700e-05 4.657e-06 4.227e-05 -1.000 7.978e-05 1.514 2.667 1.957 1.493 1.332 1.267 1.251
0.0001 -2.19174 10.04139 0.8160501719 2.4242110252    0.813  1.351  3.7289  2.865    3  0.000  0.536     0.00     0.00     0.00     0.00     0.00 -1 -1.14e-11      0.00 7.571e-01 2.428e-01 1.700e-05 4.669e-06 4.232e-05 -1.000 9.996e-05 1.394 2.559 1.842 1.373 1.210 1.144 1.126
0.0001 -2.19174 10.04139 0.8163042068 2.4242959023    0.813  1.398  3.7275  2.812    3  0.000  0.535     0.00     0.00     0.00     0.00     0.00 -1 -1.35e-11      0.00 7.562e-01 2.437e-01 1.699e-05 4.687e-06 4.237e-05 -1.000 9.993e-05 1.275 2.452 1.728 1.255 1.090 1.022 1.004
0.0001 -2.19174 10.04139 0.8165340424 2.4243724346    0.813  1.444  3.7260  2.760    3  0.000  0.533     0.00     0.00     0.00     0.00     0.00 -1  -1.6e-11      0.00 7.554e-01 2.445e-01 1.696e-05 4.709e-06 4.241e-05 -1.000 1.000e-04 1.159 2.347 1.618 1.140 0.972 0.902 0.884
0.0001 -2.19174 10.04139 0.8167436719 2.4244425297    0.813  1.491  3.7245  2.708    3  0.000  0.532     0.00     0.00     0.00     0.00     0.00 -1 -1.89e-11      0.00 7.548e-01 2.451e-01 1.693e-05 4.736e-06 4.244e-05 -1.000 9.999e-05 1.044 2.244 1.508 1.025 0.855 0.784 0.764
0.0001 -2.19174 10.04139 0.8169416785 2.4245083332    0.813  1.538  3.7230  2.654    3  0.000  0.531     0.00     0.00     0.00     0.00     0.00 -1 -2.24e-11      0.00 7.543e-01 2.456e-01 1.690e-05 4.763e-06 4.246e-05 -1.000 9.997e-05 0.924 2.136 1.393 0.906 0.734 0.661 0.641
0.0001 -2.19174 10.04139 0.8171185851 2.4245674610    0.813  1.585  3.7214  2.601    3  0.000  0.530     0.00     0.00     0.00     0.00     0.00 -1 -2.65e-11      0.00 7.538e-01 2.461e-01 1.687e-05 4.793e-06 4.248e-05 -1.000 9.997e-05 0.807 2.031 1.282 0.791 0.616 0.541 0.520
0.0001 -2.19174 10.04139 0.8172772527 2.4246201515    0.813  1.631  3.7199  2.549    3  0.000  0.529     0.00     0.00     0.00     0.00     0.00 -1 -3.13e-11      0.00 7.535e-01 2.464e-01 1.684e-05 4.819e-06 4.249e-05 -1.000 9.993e-05 0.694 1.929 1.174 0.678 0.500 0.424 0.402
0.0001 -2.19174 10.04139 0.8174259067 2.4246697426    0.813  1.677  3.7183  2.496    3  0.000  0.528     0.00     0.00     0.00     0.00     0.00 -1  -3.7e-11      0.00 7.533e-01 2.466e-01 1.682e-05 4.839e-06 4.250e-05 -1.000 9.994e-05 0.577 1.826 1.064 0.562 0.382 0.304 0.282
0.0001 -2.19174 10.04139 0.8175579906 2.4247136116    0.813  1.722  3.7168  2.445    3  0.000  0.527     0.00     0.00     0.00     0.00     0.00 -1 -4.36e-11      0.00 7.532e-01 2.467e-01 1.681e-05 4.852e-06 4.251e-05 -1.000 1.000e-04 0.464 1.729 0.958 0.450 0.268 0.188 0.164
0.0001 -2.19174 10.04139 0.8176812530 2.4247546196    0.813  1.768  3.7151  2.392    3  0.000  0.527     0.00     0.00     0.00     0.00     0.00 -1 -5.15e-11      0.00 7.531e-01 2.468e-01 1.680e-05 4.858e-06 4.251e-05 -1.000 9.996e-05 0.350 1.632 0.850 0.336 0.151 0.069 0.045
0.0001 -2.19174 10.04139 0.8177959323 2.4247927666    0.813  1.815  3.7135  2.339    3  0.000  0.527     0.00     0.00     0.00     0.00     0.00 -1 -6.09e-11      0.00 7.531e-01 2.468e-01 1.680e-05 4.859e-06 4.251e-05 -1.000 1.000e-04 0.233 1.533 0.741 0.220 0.032 -0.052 -0.077
0.0001 -2.19174 10.04139 0.8179010749 2.4248278141    0.813  1.861  3.7118  2.286    3  0.000  0.527     0.00     0.00     0.00     0.00     0.00 -1 -7.21e-11      0.00 7.531e-01 2.468e-01 1.680e-05 4.860e-06 4.251e-05 -1.000 1.001e-04 0.117 1.434 0.632 0.105 -0.086 -0.172 -0.197
0.0001 -2.19174 10.04139 0.8179966807 2.4248595238    0.812  1.907  3.7101  2.233    3  0.000  0.527     0.00     0.00     0.00     0.00     0.00 -1 -8.52e-11      0.00 7.531e-01 2.468e-01 1.680e-05 4.861e-06 4.251e-05 -1.000 1.001e-04 0.003 1.337 0.525 -0.008 -0.202 -0.290 -0.317
0.0001 -2.19174 10.04139 0.8180861473 2.4248893261    0.812  1.953  3.7084  2.180    3  0.000  0.527     0.00     0.00     0.00     0.00     0.00 -1 -1.01e-10      0.00 7.531e-01 2.468e-01 1.680e-05 4.861e-06 4.251e-05 -1.000 1.001e-04 -0.114 1.241 0.417 -0.124 -0.320 -0.410 -0.438
0.0001 -2.19174 10.04139 0.8181677461 2.4249162674    0.812  2.000  3.7067  2.126    3  0.000  0.527     0.00     0.00     0.00     0.00     0.00 -1 -1.19e-10      0.00 7.531e-01 2.468e-01 1.680e-05 4.862e-06 4.251e-05 -1.000 9.997e-05 -0.230 1.144 0.309 -0.238 -0.438 -0.530 -0.559
0.0001 -2.19174 10.04139 0.8182401061 2.4249403477    0.811  2.045  3.7049  2.074    3  0.000  0.527     0.00     0.00     0.00     0.00     0.00 -1 -1.41e-10      0.00 7.530e-01 2.469e-01 1.680e-05 4.862e-06 4.251e-05 -1.000 9.999e-05 -0.341 1.054 0.206 -0.349 -0.551 -0.646 -0.675
0.0001 -2.19174 10.04139 0.8183068037 2.4249625206    0.811  2.089  3.7032  2.022    3  0.000  0.527     0.00     0.00     0.00     0.00     0.00 -1 -1.66e-10      0.00 7.530e-01 2.469e-01 1.680e-05 4.863e-06 4.251e-05 -1.000 1.000e-04 -0.454 0.962 0.102 -0.459 -0.665 -0.762 -0.792
0.0001 -2.19174 10.04139 0.8183693886 2.4249832630    0.810  2.135  3.7015  1.969    3  0.000  0.527     0.00     0.00     0.00     0.00     0.00 -1 -1.96e-10      0.00 7.530e-01 2.469e-01 1.680e-05 4.863e-06 4.251e-05 -1.000 1.000e-04 -0.569 0.868 -0.004 -0.573 -0.782 -0.881 -0.912
0.0001 -2.19174 10.04139 0.8184255362 2.4250018597    0.810  2.180  3.6996  1.917    3  0.000  0.527     0.00     0.00     0.00     0.00     0.00 -1  -2.3e-10      0.00 7.530e-01 2.469e-01 1.680e-05 4.864e-06 4.251e-05 -1.000 1.001e-04 -0.680 0.781 -0.106 -0.684 -0.896 -0.997 -1.030
0.0001 -2.19174 10.04139 0.8184818625 2.4250206947    0.809  2.228  3.6978  1.862    3  0.000  0.527     0.00     0.00     0.00     0.00     0.00 -1 -2.74e-10      0.00 7.530e-01 2.469e-01 1.680e-05 4.864e-06 4.251e-05 -1.000 1.001e-04 -0.799 0.688 -0.214 -0.801 -1.017 -1.120 -1.153
0.0001 -2.19174 10.04139 0.8185409904 2.4250402451    0.809  2.272  3.6960  1.810    3  0.000  0.527     0.00     0.00     0.00     0.00     0.00 -1 -3.23e-10      0.00 7.530e-01 2.469e-01 1.680e-05 4.865e-06 4.251e-05 -1.000 1.001e-04 -0.910 0.602 -0.315 -0.910 -1.129 -1.235 -1.269
0.0001 -2.19174 10.04139 0.8185719252 2.4250504971    0.808  2.285  3.6956  1.795    3  0.000  0.527     0.00     0.00     0.00     0.00     0.00 -1  -3.4e-10      0.00 7.530e-01 2.469e-01 1.680e-05 4.865e-06 4.251e-05 -1.000 1.000e-04 -0.943 0.576 -0.345 -0.942 -1.163 -1.268 -1.303
0.0001 -2.19174 10.04139 0.8185999990 2.4250597954    0.808  2.277  3.6961  1.804    3  0.000  0.527     0.00     0.00     0.00     0.00     0.00 -1 -3.33e-10      0.00 7.530e-01 2.469e-01 1.680e-05 4.865e-06 4.252e-05 -1.000 9.996e-05 -0.923 0.588 -0.329 -0.924 -1.143 -1.248 -1.282
0.0001 -2.19174 10.04139 0.8186063170 2.4250619411    0.808  2.284  3.6958  1.796    3  0.000  0.527     0.00     0.00     0.00     0.00     0.00 -1  -3.4e-10      0.00 7.530e-01 2.469e-01 1.680e-05 4.865e-06 4.252e-05 -1.000 1.001e-04 -0.940 0.575 -0.344 -0.940 -1.160 -1.265 -1.300
0.0001 -2.19174 10.04139 0.8186413646 2.4250736237    0.807  2.324  3.6941  1.749    3  0.000  0.527     0.00     0.00     0.00     0.00     0.00 -1  -3.9e-10      0.00 7.530e-01 2.469e-01 1.680e-05 4.865e-06 4.252e-05 -1.000 1.001e-04 -1.040 0.500 -0.434 -1.038 -1.261 -1.369 -1.404
0.0001 -2.19174 10.04139 0.8186767697 2.4250853062    0.806  2.366  3.6925  1.700    3  0.000  0.527     0.00     0.00     0.00     0.00     0.00 -1 -4.55e-10      0.00 7.530e-01 2.469e-01 1.680e-05 4.866e-06 4.252e-05 -1.000 1.000e-04 -1.146 0.418 -0.531 -1.143 -1.369 -1.478 -1.515
0.0001 -2.19174 10.04139 0.8187068105 2.4250953197    0.806  2.405  3.6908  1.655    3  0.000  0.527     0.00     0.00     0.00     0.00     0.00 -1 -5.24e-10      0.00 7.530e-01 2.469e-01 1.680e-05 4.866e-06 4.252e-05 -1.000 9.997e-05 -1.242 0.346 -0.616 -1.237 -1.466 -1.578 -1.615
0.0001 -2.19174 10.04139 0.8187363744 2.4251050949    0.805  2.445  3.6890  1.607    3  0.000  0.527     0.00     0.00     0.00     0.00     0.00 -1 -6.08e-10      0.00 7.530e-01 2.469e-01 1.680e-05 4.866e-06 4.252e-05 -1.000 1.000e-04 -1.342 0.273 -0.706 -1.335 -1.568 -1.682 -1.720
0.0001 -2.19174 10.04139 0.8187639117 2.4251141548    0.804  2.485  3.6873  1.560    3  0.000  0.527     0.00     0.00     0.00     0.00     0.00 -1 -7.04e-10      0.00 7.530e-01 2.469e-01 1.680e-05 4.866e-06 4.252e-05 -1.000 1.000e-04 -1.442 0.199 -0.795 -1.433 -1.669 -1.785 -1.825
0.0001 -2.19174 10.04139 0.8187880516 2.4251222610    0.803  2.523  3.6856  1.515    3  0.000  0.527     6.50     5.20     3.70     2.86     2.31  3 -8.08e-10      0.00 7.530e-01 2.469e-01 1.680e-05 4.866e-06 4.252e-05 -1.000 9.997e-05 -1.536 0.134 -0.877 -1.524 -1.764 -1.883 -1.923
0.0001 -2.19174 10.04139 0.8188119531 2.4251301289    0.802  2.562  3.6838  1.468    3  0.000  0.527     7.19     5.67     4.02     3.11     2.51  3 -9.36e-10      0.00 7.530e-01 2.469e-01 1.680e-05 4.867e-06 4.252e-05 -1.000 1.000e-04 -1.636 0.081 -0.962 -1.623 -1.866 -1.987 -2.028
0.0001 -2.19174 10.04139 0.8188332319 2.4251370430    0.801  2.600  3.6822  1.423    3  0.000  0.527     7.89     6.14     4.34     3.36     2.72  3 -1.07e-09      0.00 7.530e-01 2.469e-01 1.680e-05 4.867e-06 4.252e-05 -1.000 1.000e-04 -1.729 0.033 -1.041 -1.716 -1.963 -2.086 -2.128
0.0001 -2.19174 10.04139 0.8188529611 2.4251437187    0.800  2.637  3.6805  1.378    3  0.000  0.527     8.67     6.65     4.69     3.63     2.94  3 -1.23e-09      0.00 7.530e-01 2.469e-01 1.680e-05 4.867e-06 4.252e-05 -1.000 9.999e-05 -1.823 -0.008 -1.118 -1.809 -2.059 -2.185 -2.228
0.0001 -2.19174 10.04139 0.8188718557 2.4251499176    0.799  2.675  3.6787  1.333    3  0.000  0.527     9.55     7.22     5.07     3.93     3.18  3 -1.42e-09      0.00 7.530e-01 2.469e-01 1.680e-05 4.867e-06 4.252e-05 -1.000 1.001e-04 -1.917 -0.046 -1.195 -1.902 -2.157 -2.285 -2.328
0.0001 -2.19174 10.04139 0.8188921809 2.4251565933    0.798  2.719  3.6769  1.281    3  0.000  0.527    10.65     7.93     5.54     4.30     3.49  3 -1.67e-09      0.00 7.530e-01 2.469e-01 1.680e-05 4.867e-06 4.252e-05 -1.000 1.000e-04 -2.026 -0.089 -1.283 -2.009 -2.269 -2.400 -2.445
0.0001 -2.19174 10.04139 0.8189084530 2.4251620770    0.797  2.756  3.6749  1.235    3  0.000  0.527    11.73     8.61     5.99     4.66     3.78  3 -1.92e-09      0.00 7.530e-01 2.469e-01 1.680e-05 4.867e-06 4.252e-05 -1.000 1.000e-04 -2.120 -0.111 -1.353 -2.101 -2.366 -2.499 -2.545
0.0001 -2.19174 10.04139 0.8189253211 2.4251675606    0.795  2.798  3.6730  1.185    3  0.000  0.527    13.04     9.43     6.53     5.09     4.12  2 -2.24e-09      0.00 7.530e-01 2.469e-01 1.680e-05 4.867e-06 4.252e-05 -1.000 1.000e-04 -2.224 -0.139 -1.432 -2.202 -2.473 -2.609 -2.657
0.0001 -2.19174 10.04139 0.8189392090 2.4251723289    0.793  2.834  3.6713  1.140    3  0.000  0.527    14.32    10.21     7.05     5.50     4.45  2 -2.57e-09      0.00 7.530e-01 2.469e-01 1.680e-05 4.868e-06 4.252e-05 -1.000 1.000e-04 -2.315 -0.157 -1.499 -2.291 -2.568 -2.707 -2.755
0.0001 -2.19174 10.04139 0.8189533353 2.4251768589    0.792  2.874  3.6692  1.091    3  0.000  0.527    15.87    11.15     7.67     5.99     4.85  2 -2.98e-09      0.00 7.530e-01 2.469e-01 1.680e-05 4.868e-06 4.252e-05 -1.000 1.001e-04 -2.415 -0.164 -1.567 -2.387 -2.670 -2.812 -2.862
0.0001 -2.19174 10.04139 0.8189651370 2.4251809120    0.790  2.909  3.6676  1.049    3  0.000  0.527    17.35    12.03     8.24     6.45     5.22  2 -3.39e-09      0.00 7.530e-01 2.469e-01 1.680e-05 4.868e-06 4.252e-05 -1.000 1.000e-04 -2.502 -0.175 -1.629 -2.471 -2.760 -2.905 -2.955
0.0001 -2.19174 10.04139 0.8189774752 2.4251849651    0.788  2.948  3.6656  1.001    3  0.000  0.527    19.21    13.12     8.95     7.01     5.68  2 -3.93e-09      0.00 7.530e-01 2.469e-01 1.680e-05 4.868e-06 4.252e-05 -1.000 1.001e-04 -2.600 -0.174 -1.692 -2.565 -2.861 -3.009 -3.061
0.0001 -2.19174 10.04139 0.8189899325 2.4251890182    0.785  2.990  3.6634  0.949    3  0.000  0.527    21.43    14.40     9.79     7.68     6.22  2  -4.6e-09      0.00 7.530e-01 2.469e-01 1.680e-05 4.868e-06 4.252e-05 -1.000 1.000e-04 -2.705 -0.159 -1.755 -2.664 -2.969 -3.122 -3.175
0.0001 -2.19174 10.04139 0.8190001249 2.4251923561    0.783  3.027  3.6616  0.903    3  0.000  0.527    23.57    15.62    10.58     8.31     6.74  2 -5.29e-09      0.00 7.530e-01 2.469e-01 1.680e-05 4.868e-06 4.252e-05 -1.000 1.000e-04 -2.797 -0.140 -1.805 -2.750 -3.064 -3.220 -3.275
0.0001 -2.19174 10.04139 0.8190088272 2.4251952171    0.781  3.059  3.6598  0.862    3  0.000  0.527    25.71    16.81    11.35     8.92     7.24  1 -5.98e-09      0.00 7.530e-01 2.469e-01 1.680e-05 4.868e-06 4.252e-05 -1.000 1.000e-04 -2.879 -0.111 -1.846 -2.826 -3.148 -3.308 -3.364
0.0001 -2.19174 10.04139 0.8190178275 2.4251983166    0.778  3.095  3.6580  0.818    3  0.000  0.527    28.22    18.20    12.24     9.64     7.82  1 -6.85e-09      0.00 7.530e-01 2.469e-01 1.680e-05 4.868e-06 4.252e-05 -1.000 1.001e-04 -2.968 -0.085 -1.890 -2.907 -3.239 -3.403 -3.460
0.0001 -2.19174 10.04139 0.8190270066 2.4252014160    0.775  3.134  3.6558  0.769    3  0.000  0.527    31.29    19.87    13.31    10.49     8.51  1 -7.93e-09      0.00 7.530e-01 2.469e-01 1.680e-05 4.868e-06 4.252e-05 -1.000 1.000e-04 -3.065 -0.094 -1.948 -2.994 -3.335 -3.503 -3.563
0.0001 -2.19174 10.04139 0.8190347552 2.4252040386    0.772  3.168  3.6539  0.725    3  0.000  0.527    34.29    21.48    14.33    11.32     9.18  1 -9.04e-09      0.00 7.530e-01 2.469e-01 1.680e-05 4.868e-06 4.252e-05 -1.000 1.000e-04 -3.150 -0.102 -1.998 -3.071 -3.420 -3.592 -3.653
0.0001 -2.19174 10.04139 0.8190425038 2.4252064228    0.768  3.204  3.6520  0.680    3  0.000  0.527    37.71    23.28    15.48    12.24     9.93  1 -1.04e-08      0.00 7.530e-01 2.469e-01 1.680e-05 4.868e-06 4.252e-05 -1.000 1.000e-04 -3.240 -0.110 -2.050 -3.151 -3.509 -3.685 -3.747
0.0001 -2.19174 10.04139 0.8190497756 2.4252088070    0.765  3.236  3.6502  0.638    3  0.000  0.527    41.14    25.06    16.61    13.15    10.67  1 -1.18e-08      0.00 7.530e-01 2.469e-01 1.680e-05 4.868e-06 4.252e-05 -1.000 1.000e-04 -3.321 -0.115 -2.097 -3.223 -3.589 -3.769 -3.833
0.0001 -2.19174 10.04139 0.8190518022 2.4252095222    0.764  3.245  3.6498  0.627    3  0.000  0.527    42.11    25.56    16.92    13.40    10.88  1 -1.22e-08      0.00 7.530e-01 2.469e-01 1.680e-05 4.868e-06 4.252e-05 -1.000 1.001e-04 -3.342 -0.117 -2.109 -3.242 -3.610 -3.791 -3.855
0.0001 -2.19174 10.04139 0.8190518022 2.4252095222    0.764  1.680  3.9181  3.265    4  0.000  0.533     0.00     0.00     0.00     0.00     0.00 -1    -1e-30      0.00 7.562e-01 2.437e-01 1.688e-05 4.684e-06 4.222e-05 -1.000 9.997e-05 0.569 0.962 0.509 0.696 0.865 0.926 0.965
0.0001 -2.19174 10.04139 0.8190525770 2.4252097607    0.764  1.689  3.9136  3.238    4  0.000  0.533     0.00     0.00     0.00     0.00     0.00 -1    -1e-30      0.00 7.562e-01 2.437e-01 1.688e-05 4.684e-06 4.222e-05 -1.000 9.999e-05 0.548 0.943 0.485 0.662 0.825 0.883 0.922
0.0001 -2.19174 10.04139 0.8191064596 2.4252276421    0.764  1.708  3.9036  3.180    4  0.000  0.533     0.00     0.00     0.00     0.00     0.00 -1    -1e-30      0.00 7.562e-01 2.437e-01 1.688e-05 4.684e-06 4.222e-05 -1.000 9.996e-05 0.501 0.904 0.437 0.588 0.736 0.791 0.827
0.0001 -2.19174 10.04139 0.8191587925 2.4252450466    0.764  1.708  3.9040  3.181    4  0.000  0.533     0.00     0.00     0.00     0.00     0.00 -1    -1e-30      0.00 7.562e-01 2.437e-01 1.688e-05 4.684e-06 4.222e-05 -1.000 9.999e-05 0.500 0.903 0.436 0.588 0.737 0.792 0.828
0.0001 -2.19174 10.04139 0.8192112446 2.4252624512    0.764  1.708  3.9045  3.183    4  0.000  0.533     0.00     0.00     0.00     0.00     0.00 -1    -1e-30      0.00 7.562e-01 2.437e-01 1.688e-05 4.684e-06 4.222e-05 -1.000 9.991e-05 0.500 0.902 0.436 0.590 0.740 0.794 0.831
0.0001 -2.19174 10.04139 0.8192642927 2.4252798557    0.764  1.708  3.9049  3.185    4  0.000  0.533     0.00     0.00     0.00     0.00     0.00 -1    -1e-30      0.00 7.562e-01 2.437e-01 1.688e-05 4.684e-06 4.222e-05 -1.000 9.997e-05 0.500 0.902 0.436 0.591 0.741 0.796 0.833
0.0001 -2.19174 10.04139 0.8193187714 2.4252979755    0.764  1.708  3.9051  3.185    4  0.000  0.533     0.00     0.00     0.00     0.00     0.00 -1    -1e-30      0.00 7.562e-01 2.437e-01 1.688e-05 4.684e-06 4.222e-05 -1.000 9.997e-05 0.500 0.901 0.435 0.591 0.742 0.796 0.833
0.0001 -2.19174 10.04139 0.8193728328 2.4253158569    0.764  1.708  3.9051  3.185    4  0.000  0.533     0.00     0.00     0.00     0.00     0.00 -1    -1e-30      0.00 7.562e-01 2.437e-01 1.688e-05 4.684e-06 4.222e-05 -1.000 9.999e-05 0.499 0.901 0.435 0.590 0.741 0.796 0.832
0.0001 -2.19174 10.04139 0.8194233179 2.4253325462    0.764  1.709  3.9048  3.184    4  0.000  0.533     0.00     0.00     0.00     0.00     0.00 -1    -1e-30      0.00 7.562e-01 2.437e-01 1.688e-05 4.684e-06 4.222e-05 -1.000 1.000e-04 0.499 0.900 0.434 0.589 0.739 0.794 0.830
0.0001 -2.19174 10.04139 0.8194778562 2.4253506660    0.764  1.709  3.9042  3.181    4  0.000  0.533     0.00     0.00     0.00     0.00     0.00 -1    -1e-30      0.00 7.562e-01 2.437e-01 1.688e-05 4.684e-06 4.222e-05 -1.000 1.000e-04 0.497 0.900 0.433 0.586 0.735 0.790 0.826
0.0001 -2.19174 10.04139 0.8195281625 2.4253673553    0.764  1.710  3.9034  3.177    4  0.000  0.533     0.00     0.00     0.00     0.00     0.00 -1    -1e-30      0.00 7.562e-01 2.437e-01 1.688e-05 4.684e-06 4.222e-05 -1.000 9.997e-05 0.496 0.899 0.431 0.582 0.730 0.784 0.821
0.0001 -2.19174 10.04139 0.8195790648 2.4253840446    0.764  1.711  3.9020  3.171    4  0.000  0.533     0.00     0.00     0.00     0.00     0.00 -1    -1e-30      0.00 7.562e-01 2.437e-01 1.688e-05 4.684e-06 4.222e-05 -1.000 9.997e-05 0.493 0.898 0.429 0.576 0.722 0.776 0.812
0.0001 -2.19174 10.04139 0.8196325302 2.4254016876    0.764  1.712  3.9003  3.162    4  0.000  0.533     0.00     0.00     0.00     0.00     0.00 -1    -1e-30      0.00 7.562e-01 2.437e-01 1.688e-05 4.684e-06 4.222e-05 -1.000 9.999e-05 0.490 0.897 0.426 0.569 0.712 0.765 0.801
0.0001 -2.19174 10.04139 0.8196881413 2.4254202843    0.764  1.714  3.8978  3.151    4  0.000  0.533     0.00     0.00     0.00     0.00     0.00 -1    -1e-30      0.00 7.562e-01 2.437e-01 1.688e-05 4.684e-06 4.222e-05 -1.000 9.997e-05 0.486 0.897 0.424 0.559 0.699 0.751 0.786
0.0001 -2.19174 10.04139 0.8197399974 2.4254374504    0.764  1.715  3.8952  3.139    4  0.000  0.533     0.00     0.00     0.00     0.00     0.00 -1    -1e-30      0.00 7.562e-01 2.437e-01 1.688e-05 4.684e-06 4.222e-05 -1.000 9.997e-05 0.482 0.897 0.421 0.548 0.684 0.735 0.770
0.0001 -2.19174 10.04139 0.8197912574 2.4254543781    0.765  1.718  3.8920  3.124    4  0.000  0.533     0.00     0.00     0.00     0.00     0.00 -1    -1e-30      0.00 7.562e-01 2.437e-01 1.688e-05 4.684e-06 4.222e-05 -1.000 1.000e-04 0.476 0.898 0.418 0.535 0.666 0.716 0.750
0.0001 -2.19174 10.04139 0.8198451400 2.4254720211    0.765  1.720  3.8880  3.105    4  0.000  0.533     0.00     0.00     0.00     0.00     0.00 -1    -1e-30      0.00 7.562e-01 2.437e-01 1.688e-05 4.684e-06 4.222e-05 -1.000 9.997e-05 0.470 0.899 0.417 0.520 0.644 0.694 0.727
0.0001 -2.19174 10.04139 0.8198960423 2.4254889488    0.765  1.723  3.8836  3.085    4  0.000  0.533     0.00     0.00     0.00     0.00     0.00 -1    -1e-30      0.00 7.562e-01 2.437e-01 1.688e-05 4.684e-06 4.222e-05 -1.000 9.997e-05 0.462 0.902 0.417 0.505 0.621 0.669 0.701
0.0001 -2.19174 10.04139 0.8199471235 2.4255058765    0.765  1.726  3.8788  3.062    4  0.000  0.533     0.00     0.00     0.00     0.00     0.00 -1    -1e-30      0.00 7.562e-01 2.437e-01 1.688e-05 4.684e-06 4.222e-05 -1.000 9.997e-05 0.455 0.905 0.417 0.488 0.597 0.643 0.674
0.0001 -2.19174 10.04139 0.8199997544 2.4255232811    0.765  1.730  3.8731  3.036    4  0.000  0.533     0.00     0.00     0.00     0.00     0.00 -1    -1e-30      0.00 7.562e-01 2.437e-01 1.688e-05 4.684e-06 4.222e-05 -1.000 9.997e-05 0.445 0.910 0.418 0.470 0.568 0.613 0.642
0.0001 -2.19174 10.04139 0.8200536966 2.4255409241    0.765  1.734  3.8666  3.006    4  0.000  0.533     0.00     0.00     0.00     0.00     0.00 -1    -1e-30      0.00 7.562e-01 2.437e-01 1.688e-05 4.684e-06 4.222e-05 -1.000 9.997e-05 0.435 0.916 0.421 0.450 0.537 0.579 0.608
0.0001 -2.19174 10.04139 0.8201040030 2.4255576134    0.765  1.738  3.8600  2.975    4  0.000  0.533     0.00     0.00     0.00     0.00     0.00 -1    -1e-30      0.00 7.562e-01 2.437e-01 1.688e-05 4.684e-06 4.222e-05 -1.000 9.997e-05 0.424 0.922 0.424 0.431 0.505 0.545 0.572
0.0001 -2.19174 10.04139 0.8201087713 2.4255592823    0.765  1.739  3.8593  2.972    4  0.000  0.533     0.00     0.00     0.00     0.00     0.00 -1    -1e-30      0.00 7.562e-01 2.437e-01 1.688e-05 4.684e-06 4.222e-05 -1.000 9.997e-05 0.423 0.923 0.425 0.429 0.502 0.542 0.569
0.0001 -2.19174 10.04139 0.8201172352 2.4255619049    0.765  1.739  3.8582  2.967    4  0.000  0.533     0.00     0.00     0.00     0.00     0.00 -1    -1e-30      0.00 7.562e-01 2.437e-01 1.688e-05 4.684e-06 4.222e-05 -1.000 9.997e-05 0.421 0.924 0.426 0.426 0.497 0.537 0.563
0.0001 -2.19174 10.04139 0.8201670647 2.4255783558    0.765  1.744  3.8516  2.936    4  0.000  0.533     0.00     0.00     0.00     0.00     0.00 -1    -1e-30      0.00 7.562e-01 2.437e-01 1.688e-05 4.684e-06 4.222e-05 -1.000 9.997e-05 0.410 0.932 0.431 0.409 0.468 0.504 0.529
0.0001 -2.19174 10.04139 0.8202157021 2.4255945683    0.765  1.748  3.8448  2.904    4  0.000  0.533     0.00     0.00     0.00     0.00     0.00 -1    -1e-30      0.00 7.562e-01 2.437e-01 1.688e-05 4.684e-06 4.222e-05 -1.000 9.999e-05 0.399 0.941 0.437 0.392 0.438 0.471 0.495
0.0001 -2.19174 10.04139 0.8202676177 2.4256117344    0.765  1.754  3.8367  2.867    4  0.000  0.533     0.00     0.00     0.00     0.00     0.00 -1    -1e-30      0.00 7.562e-01 2.437e-01 1.688e-05 4.684e-06 4.222e-05 -1.000 9.997e-05 0.386 0.953 0.445 0.373 0.404 0.432 0.454
0.0001 -2.19174 10.04139 0.8203170896 2.4256279469    0.765  1.759  3.8283  2.828    4  0.000  0.533     0.00     0.00     0.00     0.00     0.00 -1    -1e-30      0.00 7.562e-01 2.437e-01 1.688e-05 4.684e-06 4.222e-05 -1.000 9.999e-05 0.372 0.967 0.455 0.354 0.369 0.393 0.412
0.0001 -2.19174 10.04139 0.8203644753 2.4256436825    0.765  1.765  3.8197  2.788    4  0.000  0.533     0.00     0.00     0.00     0.00     0.00 -1    -1e-30      0.00 7.562e-01 2.437e-01 1.688e-05 4.684e-06 4.222e-05 -1.000 9.997e-05 0.358 0.984 0.465 0.335 0.335 0.353 0.370
0.0001 -2.19174 10.04139 0.8204133511 2.4256598949    0.765  1.771  3.8109  2.747    4  0.000  0.533     0.00     0.00     0.00     0.00     0.00 -1    -1e-30      0.00 7.562e-01 2.437e-01 1.688e-05 4.684e-06 4.222e-05 -1.000 9.991e-05 0.343 1.004 0.476 0.316 0.300 0.312 0.326
0.0001 -2.19174 10.04139 0.8204464912 2.4256706238    0.765  1.775  3.8052  2.720    4  0.000  0.533     0.00     0.00     0.00     0.00     0.00 -1    -1e-30      0.00 7.562e-01 2.437e-01 1.688e-05 4.684e-06 4.222e-05 -1.000 9.990e-05 0.333 1.019 0.485 0.304 0.278 0.285 0.297
0.0001 -2.19174 10.04139 0.8204613924 2.4256756306    0.765  1.777  3.8027  2.708    4  0.000  0.533     0.00     0.00     0.00     0.00     0.00 -1    -1e-30      0.00 7.562e-01 2.437e-01 1.688e-05 4.684e-06 4.222e-05 -1.000 9.990e-05 0.328 1.025 0.489 0.299 0.268 0.273 0.285
0.0001 -2.19174 10.04139 0.8205098510 2.4256916046    0.765  1.783  3.7947  2.670    4  0.000  0.533     0.00     0.00     0.00     0.00     0.00 -1    -1e-30      0.00 7.562e-01 2.437e-01 1.688e-05 4.684e-06 4.222e-05 -1.000 9.991e-05 0.312 1.047 0.500 0.281 0.236 0.235 0.244
0.0001 -2.19174 10.04139 0.8205583692 2.4257075787    0.765  1.789  3.7880  2.636    4  0.000  0.533     0.00     0.00     0.00     0.00     0.00 -1    -1e-30      0.00 7.562e-01 2.437e-01 1.688e-05 4.684e-06 4.222e-05 -1.000 9.997e-05 0.296 1.064 0.508 0.265 0.208 0.200 0.207
0.0001 -2.19174 10.04139 0.8206073046 2.4257237911    0.765  1.798  3.7809  2.600    4  0.000  0.533     0.00     0.00     0.00     0.00     0.00 -1    -1e-30      0.00 7.562e-01 2.437e-01 1.688e-05 4.684e-06 4.222e-05 -1.000 9.993e-05 0.276 1.079 0.513 0.244 0.174 0.161 0.165
0.0001 -2.19174 10.04139 0.8206170201 2.4257268906    0.765  1.799  3.7795  2.593    4  0.000  0.533     0.00     0.00     0.00     0.00     0.00 -1    -1e-30      0.00 7.562e-01 2.437e-01 1.688e-05 4.684e-06 4.222e-05 -1.000 9.991e-05 0.272 1.083 0.513 0.239 0.167 0.153 0.156
0.0001 -2.19174 10.04139 0.8206671476 2.4257435799    0.765  1.810  3.7729  2.555    4  0.000  0.533     0.00     0.00     0.00     0.00     0.00 -1    -1e-30      0.00 7.562e-01 2.437e-01 1.688e-05 4.684e-06 4.222e-05 -1.000 9.999e-05 0.245 1.094 0.510 0.213 0.129 0.108 0.109
0.0001 -2.19174 10.04139 0.8207165003 2.4257597923    0.766  1.826  3.7657  2.510    4  0.000  0.533     0.00     0.00     0.00     0.00     0.00 -1    -1e-30      0.00 7.562e-01 2.437e-01 1.688e-05 4.684e-06 4.222e-05 -1.000 9.996e-05 0.204 1.095 0.496 0.173 0.077 0.049 0.047
0.0001 -2.19174 10.04139 0.8207580447 2.4257733822    0.766  1.853  3.7569  2.448    4  0.000  0.533     0.00     0.00     0.00     0.00     0.00 -1    -1e-30      0.00 7.562e-01 2.437e-01 1.688e-05 4.684e-06 4.222e-05 -1.000 9.997e-05 0.137 1.082 0.461 0.107 -0.005 -0.041 -0.047
0.0001 -2.19174 10.04139 0.8207805753 2.4257810116    0.766  1.883  3.7486  2.385    4  0.000  0.533     0.00     0.00     0.00     0.00     0.00 -1    -1e-30      0.00 7.562e-01 2.437e-01 1.688e-05 4.684e-06 4.222e-05 -1.000 1.000e-04 0.061 1.061 0.417 0.033 -0.092 -0.137 -0.147
0.0001 -2.19174 10.04139 0.8207907677 2.4257843494    0.766  1.915  3.7411  2.323    4  0.000  0.533     0.00     0.00     0.00     0.00     0.00 -1    -1e-30      0.00 7.562e-01 2.437e-01 1.688e-05 4.684e-06 4.222e-05 -1.000 1.000e-04 -0.018 1.034 0.366 -0.044 -0.182 -0.235 -0.248
0.0001 -2.19174 10.04139 0.8207952976 2.4257857800    0.766  1.948  3.7347  2.265    4  0.000  0.533     0.00     0.00     0.00     0.00     0.00 -1    -1e-30      0.00 7.562e-01 2.437e-01 1.688e-05 4.684e-06 4.222e-05 -1.000 9.996e-05 -0.100 1.004 0.309 -0.124 -0.274 -0.334 -0.349
0.0001 -2.19174 10.04139 0.8207974434 2.4257864952    0.766  1.979  3.7297  2.214    4  0.000  0.533     0.00     0.00     0.00     0.00     0.00 -1    -1e-30      0.00 7.562e-01 2.437e-01 1.688e-05 4.684e-06 4.222e-05 -1.000 9.996e-05 -0.178 0.967 0.251 -0.201 -0.359 -0.425 -0.443
0.0001 -2.19174 10.04139 0.8207982779 2.4257867336    0.766  1.997  3.7272  2.186    7  0.000  0.533     0.00     0.00     0.00     0.00     0.00 -1    -1e-30      0.00 7.562e-01 2.437e-01 1.688e-05 4.684e-06 4.222e-05 -1.000 9.999e-05 -0.223 0.945 0.217 -0.245 -0.408 -0.476 -0.495
0.0001 -2.19174 10.04139 0.8207986951 2.4257869720    0.766  2.010  3.7259  2.168    7  0.000  0.533     0.00     0.00     0.00     0.00     0.00 -1    -1e-30      0.00 7.562e-01 2.437e-01 1.688e-05 4.684e-06 4.222e-05 -1.000 9.993e-05 -0.255 0.926 0.191 -0.276 -0.441 -0.511 -0.530
0.0001 -2.19174 10.04139 0.8207997680 2.4257872105    0.766  2.055  3.7216  2.105    7  0.000  0.533     0.00     0.00     0.00     0.00     0.00 -1    -1e-30      0.00 7.562e-01 2.437e-01 1.688e-05 4.684e-06 4.222e-05 -1.000 9.996e-05 -0.368 0.851 0.095 -0.388 -0.560 -0.635 -0.656
0.0001 -2.19174 10.04139 0.8208007216 2.4257874489    0.766  2.095  3.7182  2.051    7  0.000  0.533     0.00     0.00     0.00     0.00     0.00 -1    -1e-30      0.00 7.562e-01 2.437e-01 1.688e-05 4.684e-06 4.222e-05 -1.000 9.999e-05 -0.469 0.783 0.010 -0.487 -0.664 -0.743 -0.766
0.0001 -2.19174 10.04139 0.8208016157 2.4257879257    0.766  2.135  3.7153  2.000    7  0.000  0.533     0.00     0.00     0.00     0.00     0.00 -1    -1e-30      0.00 7.562e-01 2.437e-01 1.688e-05 4.684e-06 4.222e-05 -1.000 1.000e-04 -0.568 0.715 -0.075 -0.584 -0.767 -0.849 -0.874
0.0001 -2.19174 10.04139 0.8208025098 2.4257881641    0.766  2.173  3.7126  1.951    7  0.000  0.533     0.00     0.00     0.00     0.00     0.00 -1    -1e-30      0.00 7.562e-01 2.437e-01 1.688e-05 4.684e-06 4.222e-05 -1.000 1.000e-04 -0.663 0.649 -0.159 -0.679 -0.866 -0.951 -0.977
0.0001 -2.19174 10.04139 0.8208047748 2.4257888794    0.766  2.199  3.7112  1.920    7  0.000  0.533     0.00     0.00     0.00     0.00     0.00 -1    -1e-30      0.00 7.562e-01 2.437e-01 1.688e-05 4.684e-06 4.222e-05 -1.000 9.994e-05 -0.727 0.601 -0.216 -0.742 -0.932 -1.019 -1.046
0.0001 -2.19174 10.04139 0.8208069205 2.4257895947    0.766  2.165  3.7136  1.963    7  0.000  0.533     0.00     0.00     0.00     0.00     0.00 -1    -1e-30      0.00 7.562e-01 2.437e-01 1.688e-05 4.684e-06 4.222e-05 -1.000 9.994e-05 -0.643 0.659 -0.143 -0.659 -0.845 -0.929 -0.954
0.0001 -2.19174 10.04139 0.8208272457 2.4257962704    0.766  2.153  3.7140  1.977    7  0.000  0.533     0.00     0.00     0.00     0.00     0.00 -1    -1e-30      0.00 7.562e-01 2.437e-01 1.688e-05 4.684e-06 4.222e-05 -1.000 9.999e-05 -0.612 0.686 -0.113 -0.627 -0.813 -0.896 -0.922
0.0001 -2.19174 10.04139 0.8208431602 2.4258015156    0.766  2.192  3.7110  1.926    7  0.000  0.533     0.00     0.00     0.00     0.00     0.00 -1    -1e-30      0.00 7.562e-01 2.437e-01 1.688e-05 4.684e-06 4.222e-05 -1.000 9.997e-05 -0.711 0.619 -0.198 -0.725 -0.916 -1.003 -1.029
0.0001 -2.19174 10.04139 0.8208640814 2.4258084297    0.766  2.240  3.7079  1.866    7  0.000  0.533     0.00     0.00     0.00     0.00     0.00 -1    -1e-30      0.00 7.562e-01 2.437e-01 1.688e-05 4.684e-06 4.222e-05 -1.000 9.999e-05 -0.830 0.537 -0.302 -0.843 -1.039 -1.130 -1.158
0.0001 -2.19174 10.04139 0.8208828568 2.4258146286    0.766  2.281  3.7054  1.815    7  0.000  0.533     0.00     0.00     0.00     0.00     0.00 -1    -1e-30      0.00 7.562e-01 2.437e-01 1.688e-05 4.684e-06 4.222e-05 -1.000 9.994e-05 -0.933 0.466 -0.391 -0.943 -1.145 -1.238 -1.268
0.0001 -2.19174 10.04139 0.8208999634 2.4258203506    0.766  2.322  3.7030  1.764    7  0.000  0.533     0.00     0.00     0.00     0.00     0.00 -1    -1e-30      0.00 7.562e-01 2.437e-01 1.688e-05 4.684e-06 4.222e-05 -1.000 1.000e-04 -1.035 0.394 -0.481 -1.044 -1.250 -1.347 -1.378
0.0001 -2.19174 10.04139 0.8209152818 2.4258253574    0.766  2.363  3.7006  1.713    7  0.000  0.533     0.00     0.00     0.00     0.00     0.00 -1    -1e-30      0.00 7.562e-01 2.437e-01 1.688e-05 4.685e-06 4.222e-05 -1.000 9.999e-05 -1.138 0.321 -0.572 -1.145 -1.356 -1.455 -1.487
0.0001 -2.19174 10.04139 0.8209288120 2.4258298874    0.766  2.405  3.6983  1.663    7  0.000  0.532     0.00     0.00     0.00     0.00     0.00 -1    -1e-30      0.00 7.562e-01 2.437e-01 1.686e-05 4.689e-06 4.222e-05 -1.000 9.999e-05 -1.242 0.249 -0.662 -1.247 -1.461 -1.564 -1.597
0.0001 -2.19174 10.04139 0.8209406734 2.4258337021    0.766  2.446  3.6961  1.613    7  0.000  0.530     0.00     0.00     0.00     0.00     0.00 -1    -1e-30      0.00 7.561e-01 2.438e-01 1.678e-05 4.724e-06 4.223e-05 -1.000 8.737e-05 -1.344 0.177 -0.752 -1.347 -1.566 -1.671 -1.706
0.0001 -2.19174 10.04139 0.8209512234 2.4258372784    0.766  2.487  3.6938  1.563    7  0.000  0.522     0.00     0.00     0.00     0.00     0.00 -1    -1e-30      0.00 7.560e-01 2.439e-01 1.653e-05 4.938e-06 4.223e-05 -1.000 8.474e-05 -1.447 0.106 -0.841 -1.447 -1.670 -1.778 -1.814
0.0001 -2.19174 10.04139 0.8209607601 2.4258403778    0.766  2.528  3.6916  1.513    7  0.000  0.506     6.42     5.16     3.67     2.84     2.29  3    -1e-30      0.00 7.558e-01 2.441e-01 1.602e-05 5.516e-06 4.225e-05 -1.000 9.987e-05 -1.549 0.035 -0.930 -1.547 -1.774 -1.885 -1.922
0.0001 -2.19174 10.04139 0.8209694624 2.4258432388    0.766  2.568  3.6895  1.464    7  0.000  0.488     7.13     5.64     4.00     3.09     2.50  3    -1e-30      0.00 7.556e-01 2.443e-01 1.547e-05 6.185e-06 4.227e-05 -1.000 9.991e-05 -1.651 -0.033 -1.018 -1.646 -1.878 -1.992 -2.030
0.0001 -2.19174 10.04139 0.8209775090 2.4258458614    0.766  2.609  3.6873  1.414    7  0.000  0.474     7.92     6.17     4.35     3.37     2.73  3    -1e-30      0.00 7.554e-01 2.445e-01 1.502e-05 6.743e-06 4.228e-05 -1.000 1.000e-04 -1.753 -0.098 -1.104 -1.745 -1.981 -2.098 -2.137
0.0001 -2.19174 10.04139 0.8209849596 2.4258482456    0.766  2.650  3.6851  1.365    7  0.000  0.461     8.80     6.74     4.74     3.68     2.98  3    -1e-30      0.00 7.552e-01 2.447e-01 1.463e-05 7.231e-06 4.229e-05 -1.000 9.994e-05 -1.854 -0.156 -1.189 -1.843 -2.085 -2.204 -2.245
0.0001 -2.19174 10.04139 0.8209920526 2.4258506298    0.766  2.690  3.6829  1.316    7  0.000  0.451     9.76     7.37     5.16     4.01     3.24  3    -1e-30      0.00 7.550e-01 2.449e-01 1.430e-05 7.639e-06 4.230e-05 -1.000 9.993e-05 -1.955 -0.196 -1.271 -1.943 -2.190 -2.312 -2.354
0.0001 -2.19174 10.04139 0.8209988475 2.4258527756    0.766  2.730  3.6808  1.267    7  0.000  0.442    10.83     8.05     5.61     4.37     3.54  3    -1e-30      0.00 7.547e-01 2.452e-01 1.402e-05 7.994e-06 4.229e-05 -1.000 9.999e-05 -2.056 -0.231 -1.351 -2.043 -2.294 -2.420 -2.463
0.0001 -2.19174 10.04139 0.8210053444 2.4258549213    0.766  2.771  3.6786  1.218    7  0.000  0.434    12.03     8.80     6.11     4.76     3.86  2    -1e-30      0.00 7.545e-01 2.454e-01 1.377e-05 8.302e-06 4.228e-05 -1.000 9.996e-05 -2.157 -0.259 -1.428 -2.142 -2.399 -2.528 -2.572
0.0001 -2.19174 10.04139 0.8210114241 2.4258570671    0.766  2.812  3.6763  1.168    7  0.000  0.427    13.38     9.63     6.66     5.20     4.21  2    -1e-30      0.00 7.542e-01 2.457e-01 1.355e-05 8.583e-06 4.225e-05 -1.000 9.999e-05 -2.260 -0.280 -1.504 -2.243 -2.506 -2.637 -2.683
0.0001 -2.19174 10.04139 0.8210166693 2.4258587360    0.766  2.853  3.6740  1.117    7  0.000  0.422    14.89    10.55     7.27     5.68     4.60  2    -1e-30      0.00 7.539e-01 2.460e-01 1.336e-05 8.828e-06 4.219e-05 -1.000 9.996e-05 -2.363 -0.294 -1.578 -2.343 -2.613 -2.748 -2.795
0.0001 -2.19174 10.04139 0.8210211396 2.4258601665    0.766  2.894  3.6717  1.067    7  0.000  0.418    16.57    11.56     7.93     6.21     5.03  2    -1e-30      0.00 7.536e-01 2.463e-01 1.320e-05 9.062e-06 4.209e-05 -1.000 9.999e-05 -2.466 -0.301 -1.649 -2.443 -2.720 -2.858 -2.906
0.0001 -2.19174 10.04139 0.8210249543 2.4258613586    0.766  2.935  3.6694  1.017    7  0.000  0.415    18.43    12.65     8.65     6.77     5.49  2    -1e-30      0.00 7.533e-01 2.466e-01 1.306e-05 9.309e-06 4.196e-05 -1.000 9.993e-05 -2.568 -0.301 -1.717 -2.541 -2.826 -2.968 -3.017
0.0001 -2.19174 10.04139 0.8210284710 2.4258625507    0.766  2.975  3.6671  0.968    7  0.000  0.413    20.45    13.82     9.41     7.38     5.98  2    -1e-30      0.00 7.531e-01 2.468e-01 1.294e-05 9.564e-06 4.180e-05 -1.000 1.000e-04 -2.668 -0.288 -1.777 -2.636 -2.929 -3.074 -3.125
0.0001 -2.19174 10.04139 0.8210321069 2.4258637428    0.766  3.015  3.6648  0.918    7  0.000  0.411    22.72    15.12    10.25     8.05     6.53  1    -1e-30      0.00 7.529e-01 2.470e-01 1.285e-05 9.797e-06 4.164e-05 -1.000 9.987e-05 -2.768 -0.262 -1.832 -2.730 -3.032 -3.183 -3.235
0.0001 -2.19174 10.04139 0.8210351467 2.4258649349    0.766  3.059  3.6622  0.864    7  0.000  0.411    25.48    16.67    11.25     8.85     7.18  1    -1e-30      0.00 7.526e-01 2.473e-01 1.278e-05 1.003e-05 4.148e-05 -1.000 9.927e-05 -2.877 -0.225 -1.888 -2.832 -3.145 -3.301 -3.355
0.0001 -2.19174 10.04139 0.8210365772 2.4258651733    0.766  3.097  3.6598  0.817    7  0.000  0.410    28.19    18.17    12.22     9.62     7.80  1    -1e-30      0.00 7.524e-01 2.475e-01 1.270e-05 1.029e-05 4.129e-05 -1.000 9.982e-05 -2.973 -0.179 -1.930 -2.919 -3.244 -3.404 -3.461
0.0001 -2.19174 10.04139 0.8210371733 2.4258654118    0.766  3.025  3.6643  0.906    7  0.000  0.410    23.31    15.45    10.47     8.22     6.67  1    -1e-30      0.00 7.522e-01 2.477e-01 1.263e-05 1.055e-05 4.109e-05 -1.000 9.996e-05 -2.793 -0.260 -1.848 -2.754 -3.059 -3.210 -3.263
0.0001 -2.19174 10.04139 0.8210372925 2.4258654118    0.766  3.027  3.6642  0.904    7  0.000  0.410    23.40    15.50    10.50     8.25     6.69  1    -1e-30      0.00 7.522e-01 2.477e-01 1.263e-05 1.055e-05 4.109e-05 -1.000 9.996e-05 -2.797 -0.259 -1.850 -2.758 -3.062 -3.214 -3.267
0.0001 -2.19174 10.04139 0.8210375309 2.4258656502    0.766  3.063  3.6621  0.860    7  0.000  0.410    25.72    16.80    11.34     8.92     7.23  1    -1e-30      0.00 7.522e-01 2.477e-01 1.263e-05 1.056e-05 4.108e-05 -1.000 9.999e-05 -2.887 -0.225 -1.894 -2.841 -3.155 -3.311 -3.365
0.0001 -2.19174 10.04139 0.8210376501 2.4258656502    0.766  3.093  3.6602  0.822    7  0.000  0.410    27.85    17.98    12.10     9.53     7.73  1    -1e-30      0.00 7.521e-01 2.478e-01 1.263e-05 1.056e-05 4.108e-05 -1.000 9.994e-05 -2.962 -0.188 -1.927 -2.910 -3.233 -3.393 -3.448
0.0001 -2.19174 10.04139 0.8210378289 2.4258656502    0.766  3.122  3.6583  0.786    7  0.000  0.410    30.10    19.21    12.88    10.16     8.24  1    -1e-30      0.00 7.521e-01 2.478e-01 1.263e-05 1.057e-05 4.108e-05 -1.000 9.996e-05 -3.035 -0.147 -1.956 -2.975 -3.308 -3.471 -3.528
0.0001 -2.19174 10.04139 0.8210380673 2.4258658886    0.766  3.162  3.6558  0.735    7  0.000  0.410    33.50    21.04    14.06    11.10     9.00  1    -1e-30      0.00 7.519e-01 2.480e-01 1.257e-05 1.078e-05 4.092e-05 -1.000 1.000e-04 -3.135 -0.140 -2.009 -3.064 -3.407 -3.576 -3.635
0.0001 -2.19174 10.04139 0.8210384250 2.4258658886    0.766  3.204  3.6530  0.682    7  0.000  0.409    37.48    23.15    15.40    12.17     9.88  1    -1e-30      0.00 7.516e-01 2.483e-01 1.250e-05 1.106e-05 4.071e-05 -1.000 1.000e-04 -3.240 -0.138 -2.065 -3.156 -3.510 -3.684 -3.746
0.0001 -2.19174 10.04139 0.8210390806 2.4258661270    0.766  3.248  3.6501  0.626    7  0.523  0.409    42.22    25.62    16.96    13.43    10.90  1    -1e-30      0.00 7.511e-01 2.488e-01 1.239e-05 1.151e-05 4.035e-05 -1.000 9.991e-05 -3.351 -0.134 -2.122 -3.253 -3.619 -3.800 -3.864
0.0001 -2.19174 10.04139 0.8210391998 2.4258661270    0.766  3.248  3.6483  0.620    8  0.523  0.423    42.82    25.93    17.16    13.59    11.03  1 -4.26e-07      0.00 7.511e-01 2.488e-01 1.294e-05 1.154e-05 4.079e-05 -1.000 1.235e-04 -3.349 -0.082 -2.094 -3.242 -3.614 -3.798 -3.864
0.0001 -2.19174 10.04139 0.8210392594 2.4258661270    0.764  3.040  3.6613  0.879    8  0.523  0.423    24.69    16.23    10.96     8.62     6.99  1 -1.86e-07      0.00 7.511e-01 2.488e-01 1.294e-05 1.154e-05 4.079e-05 -1.000 1.235e-04 -2.829 -0.145 -1.828 -2.781 -3.097 -3.254 -3.309
0.0001 -2.19174 10.04139 0.8210393786 2.4258661270    0.762  2.887  3.6705  1.067    8  0.523  0.423    16.52    11.53     7.91     6.19     5.02  2 -1.07e-07      0.00 7.511e-01 2.488e-01 1.294e-05 1.154e-05 4.079e-05 -1.000 1.235e-04 -2.446 -0.238 -1.615 -2.422 -2.702 -2.842 -2.891
0.0001 -2.19174 10.04139 0.8210396171 2.4258663654    0.756  2.662  3.6840  1.343    8  0.523  0.423     9.18     6.99     4.91     3.81     3.09  3 -5.12e-08      0.00 7.511e-01 2.488e-01 1.294e-05 1.154e-05 4.079e-05 -1.000 1.235e-04 -1.885 -0.158 -1.211 -1.874 -2.118 -2.239 -2.280
0.0001 -2.19174 10.04139 0.8210399151 2.4258663654    0.749  2.666  3.6836  1.333    8  0.524  0.423     9.35     7.10     4.98     3.87     3.13  3 -5.22e-08      0.00 7.511e-01 2.488e-01 1.294e-05 1.154e-05 4.079e-05 -1.000 1.235e-04 -1.895 -0.155 -1.216 -1.883 -2.128 -2.250 -2.291
0.0001 -2.19174 10.04139 0.8210403323 2.4258666039    0.741  2.734  3.6792  1.243    8  0.524  0.423    11.29     8.34     5.80     4.52     3.66  2 -6.56e-08      0.00 7.511e-01 2.488e-01 1.294e-05 1.154e-05 4.079e-05 -1.000 1.235e-04 -2.064 -0.189 -1.343 -2.050 -2.305 -2.433 -2.477
0.0001 -2.19174 10.04139 0.8210408688 2.4258666039    0.730  2.916  3.6677  1.008    8  0.524  0.423    18.51    12.68     8.66     6.80     5.51  2 -1.24e-07      0.00 7.511e-01 2.488e-01 1.294e-05 1.154e-05 4.079e-05 -1.000 1.235e-04 -2.519 -0.182 -1.643 -2.489 -2.779 -2.923 -2.974
0.0001 -2.19174 10.04139 0.8210414052 2.4258668423    0.718  3.084  3.6571  0.790    8  0.524  0.423    29.38    18.75    12.57     9.93     8.05  1 -2.39e-07      0.00 7.511e-01 2.488e-01 1.294e-05 1.154e-05 4.079e-05 -1.000 1.236e-04 -2.941 -0.017 -1.845 -2.876 -3.212 -3.378 -3.436
0.0001 -2.19174 10.04139 0.8210420609 2.4258670807    0.704  3.197  3.6498  0.640    8  0.525  0.423    40.27    24.46    16.20    12.85    10.43  1 -3.87e-07      0.00 7.511e-01 2.488e-01 1.294e-05 1.154e-05 4.079e-05 -1.000 1.235e-04 -3.221 -0.005 -1.992 -3.122 -3.489 -3.670 -3.734
0.0001 -2.19174 10.04139 0.8210428357 2.4258673191    0.689  3.257  3.6456  0.554    8  0.525  0.423    48.19    28.43    18.69    14.87    12.07  1 -5.15e-07      0.00 7.511e-01 2.488e-01 1.294e-05 1.154e-05 4.079e-05 -1.000 1.235e-04 -3.371 0.012 -2.060 -3.249 -3.634 -3.824 -3.892
0.0001 -2.19174 10.04139 0.8210436702 2.4258675575    0.672  3.284  3.6434  0.507    8  0.526  0.423    53.02    30.74    20.13    16.05    13.03  1 -6.01e-07      0.00 7.511e-01 2.488e-01 1.294e-05 1.154e-05 4.079e-05 -1.000 1.235e-04 -3.440 0.035 -2.082 -3.304 -3.699 -3.895 -3.964
0.0001 -2.19174 10.04139 0.8210445642 2.4258680344    0.654  3.297  3.6420  0.476    8  0.526  0.423    56.37    32.28    21.07    16.84    13.66  1 -6.63e-07      0.00 7.511e-01 2.488e-01 1.294e-05 1.154e-05 4.079e-05 -1.000 1.235e-04 -3.474 0.061 -2.083 -3.328 -3.731 -3.930 -4.001
0.0001 -2.19174 10.04139 0.8210493326 2.4258694649    0.528 -9.999  4.0000  1.866    9  0.529  0.000     0.00     0.00     0.00     0.00     0.00 -1    -1e-30      0.00 7.511e-01 2.488e-01 1.294e-05 1.154e-05 4.079e-05 -1.000 1.235e-04 29.767 30.114 29.975 30.253 30.481 30.559 30.648
#isochrone terminated
