# File generated by CMD 3.6 (http://stev.oapd.inaf.it/cmd) on Thu Apr 21 17:49:08 CEST 2022
# isochrones based on PARSEC release v1.2S +  COLIBRI S_37 + S_35 + PR16
# Basic references: Bressan et al. (2012), MNRAS, 427, 127 + Chen et al. (2014, 2015), MNRAS, 444, 2525 + MNRAS, 452, 1068 + Tang et al. (2014), MNRAS, 445, 4287 + Marigo et al. (2017), ApJ, 835, 77 + Pastorelli al. (2019), MNRAS, 485, 5666 + Pastorelli al. (2020), MNRAS, in press
# Thermal pulse cycles included 
# On RGB, assumed Reimers mass loss with efficiency eta=0.2
# LPV periods and growth rates added cf. Trabucchi et al. (2019)
# but fundamental-mode LPV periods are from Trabucchi et al. (2021)
# Photometric system: DECAM (ABmags)
# Using YBC version of bolometric corrections as in Chen et al. (2019)
# O-rich circumstellar dpmod60alox40 dust from Groenewegen (2006)
# C-rich circumstellar AMCSIC15 dust from Groenewegen (2006)
# IMF: Kroupa (2001, 2002) + Kroupa et al. (2013) canonical two-part-power law IMF corrected for unresolved binaries 
# Kind of output: isochrone tables
# Zini     MH   logAge Mini        int_IMF         Mass   logL    logTe  logg  label   McoreTP C_O  period0  period1  period2  period3  period4  pmode  Mloss  tau1m   X   Y   Xc  Xn  Xo  Cexcess  Z 	 mbolmag  umag    gmag    rmag    imag    zmag    Ymag
0.0001 -2.19174 9.47712 0.1000000015 1.1711064577    0.100 -2.789  3.5573  5.409    1  0.000  0.545     0.00     0.00     0.00     0.00     0.00 -1 -1.28e-16      0.00 7.496e-01 2.503e-01 1.798e-05 4.851e-06 4.400e-05 -1.000 1.000e-04 11.744 15.967 13.689 12.127 11.473 11.174 11.075
0.0001 -2.19174 9.47712 0.1098214313 1.2482755184    0.109 -2.641  3.5727  5.360    1  0.000  0.545     0.00     0.00     0.00     0.00     0.00 -1 -1.82e-16      0.00 7.491e-01 2.508e-01 1.798e-05 4.851e-06 4.400e-05 -1.000 9.996e-05 11.371 15.233 13.103 11.661 11.109 10.834 10.740
0.0001 -2.19174 9.47712 0.1294642836 1.3786746264    0.129 -2.401  3.5953  5.283    1  0.000  0.545     0.00     0.00     0.00     0.00     0.00 -1 -3.17e-16      0.00 7.483e-01 2.516e-01 1.798e-05 4.851e-06 4.400e-05 -1.000 1.000e-04 10.774 14.113 12.226 10.976 10.515 10.273 10.189
0.0001 -2.19174 9.47712 0.1491071582 1.4855960608    0.149 -2.246  3.6067  5.235    1  0.000  0.545     0.00     0.00     0.00     0.00     0.00 -1 -4.46e-16      0.00 7.477e-01 2.522e-01 1.798e-05 4.851e-06 4.400e-05 -1.000 9.993e-05 10.385 13.485 11.712 10.553 10.125 9.900 9.822
0.0001 -2.19174 9.47712 0.1687500030 1.5756140947    0.168 -2.128  3.6141  5.199    1  0.000  0.545     0.00     0.00     0.00     0.00     0.00 -1 -5.75e-16      0.00 7.473e-01 2.526e-01 1.798e-05 4.851e-06 4.400e-05 -1.000 1.000e-04 10.089 13.040 11.339 10.236 9.827 9.613 9.538
0.0001 -2.19174 9.47712 0.2080357224 1.7204496861    0.207 -1.932  3.6253  5.140    1  0.000  0.545     0.00     0.00     0.00     0.00     0.00 -1 -8.69e-16      0.00 7.466e-01 2.533e-01 1.798e-05 4.851e-06 4.400e-05 -1.000 9.993e-05 9.600 12.338 10.740 9.716 9.334 9.136 9.068
0.0001 -2.19174 9.47712 0.2571428716 1.8581268787    0.257 -1.739  3.6355  5.081    1  0.000  0.545     0.00     0.00     0.00     0.00     0.00 -1  -1.3e-15      0.00 7.463e-01 2.536e-01 1.798e-05 4.851e-06 4.400e-05 -1.000 1.000e-04 9.118 11.673 10.165 9.207 8.850 8.666 8.603
0.0001 -2.19174 9.47712 0.3062500358 1.9652637243    0.306 -1.585  3.6437  5.035    1  0.000  0.545     0.00     0.00     0.00     0.00     0.00 -1 -1.79e-15      0.00 7.463e-01 2.536e-01 1.798e-05 4.851e-06 4.400e-05 -1.000 9.999e-05 8.733 11.147 9.709 8.801 8.462 8.290 8.232
0.0001 -2.19174 9.47712 0.3553571403 2.0521113873    0.355 -1.456  3.6512  5.002    1  0.000  0.545     0.00     0.00     0.00     0.00     0.00 -1 -2.33e-15      0.00 7.468e-01 2.531e-01 1.797e-05 4.852e-06 4.400e-05 -1.000 1.001e-04 8.411 10.702 9.326 8.460 8.137 7.976 7.922
0.0001 -2.19174 9.47712 0.4044643044 2.1246092319    0.404 -1.343  3.6590  4.975    1  0.000  0.545     0.00     0.00     0.00     0.00     0.00 -1 -2.92e-15      0.00 7.506e-01 2.493e-01 1.798e-05 4.851e-06 4.400e-05 -1.000 1.000e-04 8.127 10.295 8.983 8.158 7.852 7.701 7.651
0.0001 -2.19174 9.47712 0.4535714388 2.1864814758    0.453 -1.208  3.6707  4.937    1  0.000  0.545     0.00     0.00     0.00     0.00     0.00 -1 -3.93e-15      0.00 7.508e-01 2.491e-01 1.798e-05 4.851e-06 4.400e-05 -1.000 9.999e-05 7.789 9.775 8.562 7.797 7.515 7.379 7.336
0.0001 -2.19174 9.47712 0.5026785731 2.2401986122    0.503 -1.061  3.6838  4.887    1  0.000  0.545     0.00     0.00     0.00     0.00     0.00 -1 -5.55e-15      0.00 7.512e-01 2.487e-01 1.795e-05 4.843e-06 4.393e-05 -1.000 9.997e-05 7.422 9.217 8.112 7.409 7.153 7.034 6.997
0.0001 -2.19174 9.47712 0.5517857671 2.2851314545    0.551 -0.899  3.6998  4.829    1  0.000  0.545     0.00     0.00     0.00     0.00     0.00 -1 -8.21e-15      0.00 7.594e-01 2.405e-01 1.740e-05 4.694e-06 4.258e-05 -1.000 9.997e-05 7.016 8.595 7.615 6.984 6.759 6.659 6.631
0.0001 -2.19174 9.47712 0.5594376922 2.2913208008    0.559 -0.872  3.7030  4.821    1  0.000  0.545     0.00     0.00     0.00     0.00     0.00 -1 -8.76e-15      0.00 7.599e-01 2.400e-01 1.737e-05 4.685e-06 4.250e-05 -1.000 9.993e-05 6.949 8.489 7.531 6.914 6.695 6.599 6.572
0.0001 -2.19174 9.47712 0.6008928418 2.3217256069    0.601 -0.731  3.7198  4.779    1  0.000  0.545     0.00     0.00     0.00     0.00     0.00 -1 -1.23e-14      0.00 7.626e-01 2.373e-01 1.719e-05 4.637e-06 4.207e-05 -1.000 9.994e-05 6.598 7.942 7.102 6.554 6.365 6.289 6.270
0.0001 -2.19174 9.47712 0.6493421197 2.3516640663    0.649 -0.568  3.7416  4.736    1  0.000  0.545     0.00     0.00     0.00     0.00     0.00 -1 -1.81e-14      0.00 7.672e-01 2.327e-01 1.689e-05 4.559e-06 4.136e-05 -1.000 9.996e-05 6.189 7.324 6.609 6.144 5.992 5.940 5.931
0.0001 -2.19174 9.47712 0.6499999762 2.3520355225    0.650 -0.565  3.7419  4.736    1  0.000  0.545     0.00     0.00     0.00     0.00     0.00 -1 -1.82e-14      0.00 7.672e-01 2.327e-01 1.689e-05 4.558e-06 4.135e-05 -1.000 9.996e-05 6.184 7.316 6.603 6.139 5.987 5.935 5.927
0.0001 -2.19174 9.47712 0.6778246164 2.3669855595    0.678 -0.473  3.7549  4.714    1  0.000  0.544     0.00     0.00     0.00     0.00     0.00 -1 -2.25e-14      0.00 7.707e-01 2.292e-01 1.667e-05 4.498e-06 4.082e-05 -1.000 1.000e-04 5.953 6.982 6.331 5.917 5.787 5.750 5.747
0.0001 -2.19174 9.47712 0.6999999881 2.3779268265    0.700 -0.402  3.7649  4.696    1  0.000  0.544     0.00     0.00     0.00     0.00     0.00 -1 -2.67e-14      0.00 7.739e-01 2.260e-01 1.646e-05 4.444e-06 4.033e-05 -1.000 1.000e-04 5.774 6.734 6.125 5.747 5.634 5.607 5.608
0.0001 -2.19174 9.47712 0.7348961234 2.3936164379    0.735 -0.292  3.7798  4.667    1  0.000  0.539     0.00     0.00     0.00     0.00     0.00 -1 -3.47e-14      0.00 7.815e-01 2.184e-01 1.583e-05 4.311e-06 3.917e-05 -1.000 9.999e-05 5.500 6.374 5.817 5.490 5.399 5.386 5.393
0.0001 -2.19174 9.47712 0.7500000000 2.3998889923    0.750 -0.246  3.7860  4.654    1  0.000  0.536     0.00     0.00     0.00     0.00     0.00 -1 -3.88e-14      0.00 7.852e-01 2.147e-01 1.553e-05 4.244e-06 3.860e-05 -1.000 1.000e-04 5.384 6.227 5.687 5.382 5.301 5.295 5.303
0.0001 -2.19174 9.47712 0.7614339590 2.4044475555    0.761 -0.211  3.7902  4.643    1  0.000  0.536     0.00     0.00     0.00     0.00     0.00 -1 -4.22e-14      0.00 7.870e-01 2.129e-01 1.546e-05 4.226e-06 3.844e-05 -1.000 8.972e-05 5.297 6.120 5.591 5.301 5.227 5.224 5.234
0.0001 -2.19174 9.47712 0.7941383719 2.4166572094    0.794 -0.113  3.8020  4.610    1  0.000  0.535     0.00     0.00     0.00     0.00     0.00 -1 -5.38e-14      0.00 7.914e-01 2.085e-01 1.531e-05 4.191e-06 3.814e-05 -1.000 4.455e-05 5.052 5.826 5.321 5.071 5.015 5.025 5.039
0.0001 -2.19174 9.47712 0.8000000119 2.4187245369    0.800 -0.095  3.8041  4.604    1  0.000  0.535     0.00     0.00     0.00     0.00     0.00 -1 -5.61e-14      0.00 7.921e-01 2.079e-01 1.530e-05 4.188e-06 3.812e-05 -1.000 5.557e-05 5.008 5.775 5.273 5.030 4.978 4.989 5.004
0.0001 -2.19174 9.47712 0.8140644431 2.4235455990    0.814 -0.054  3.8091  4.591    1  0.000  0.535     0.00     0.00     0.00     0.00     0.00 -1 -6.22e-14      0.00 7.922e-01 2.077e-01 1.531e-05 4.192e-06 3.816e-05 -1.000 9.023e-05 4.905 5.653 5.159 4.933 4.888 4.905 4.921
0.0001 -2.19174 9.47712 0.8427901268 2.4328198433    0.842  0.030  3.8193  4.563    1  0.000  0.535     0.00     0.00     0.00     0.00     0.00 -1 -7.66e-14      0.00 7.922e-01 2.078e-01 1.535e-05 4.204e-06 3.829e-05 -1.000 7.899e-05 4.695 5.413 4.928 4.733 4.704 4.731 4.750
0.0001 -2.19174 9.47712 0.8500000238 2.4350347519    0.849  0.051  3.8218  4.555    1  0.000  0.535     0.00     0.00     0.00     0.00     0.00 -1 -8.07e-14      0.00 7.921e-01 2.078e-01 1.536e-05 4.208e-06 3.832e-05 -1.000 9.812e-05 4.643 5.354 4.870 4.682 4.658 4.687 4.707
0.0001 -2.19174 9.47712 0.8521338105 2.4356820583    0.852  0.057  3.8226  4.554    1  0.000  0.535     0.00     0.00     0.00     0.00     0.00 -1 -8.19e-14      0.00 7.921e-01 2.078e-01 1.536e-05 4.207e-06 3.832e-05 -1.000 9.999e-05 4.627 5.336 4.853 4.668 4.644 4.674 4.694
0.0001 -2.19174 9.47712 0.8803544641 2.4439039230    0.880  0.138  3.8327  4.527    1  0.000  0.535     0.00     0.00     0.00     0.00     0.00 -1 -9.99e-14      0.00 7.923e-01 2.076e-01 1.535e-05 4.206e-06 3.829e-05 -1.000 1.000e-04 4.426 5.109 4.630 4.474 4.467 4.506 4.530
0.0001 -2.19174 9.47712 0.8999999762 2.4492788315    0.899  0.193  3.8396  4.509    1  0.000  0.535     0.00     0.00     0.00     0.00     0.00 -1 -1.15e-13      0.00 7.921e-01 2.078e-01 1.536e-05 4.208e-06 3.832e-05 -1.000 1.000e-04 4.287 4.954 4.475 4.340 4.344 4.390 4.415
0.0001 -2.19174 9.47712 0.9206687808 2.4546496868    0.920  0.251  3.8474  4.492    1  0.000  0.535     0.00     0.00     0.00     0.00     0.00 -1 -1.32e-13      0.00 7.921e-01 2.078e-01 1.536e-05 4.207e-06 3.831e-05 -1.000 7.686e-05 4.142 4.792 4.312 4.201 4.217 4.271 4.297
0.0001 -2.19174 9.47712 0.9419129491 2.4598886967    0.941  0.311  3.8554  4.474    1  0.000  0.535     0.00     0.00     0.00     0.00     0.00 -1 -1.53e-13      0.00 7.920e-01 2.079e-01 1.536e-05 4.207e-06 3.831e-05 -1.000 8.336e-05 3.992 4.625 4.143 4.056 4.086 4.147 4.176
0.0001 -2.19174 9.47712 0.9499999881 2.4618122578    0.949  0.334  3.8586  4.467    1  0.000  0.534     0.00     0.00     0.00     0.00     0.00 -1 -1.62e-13      0.00 7.919e-01 2.080e-01 1.536e-05 4.208e-06 3.832e-05 -1.000 9.999e-05 3.934 4.562 4.078 4.001 4.036 4.100 4.129
0.0001 -2.19174 9.47712 0.9643097520 2.4651253223    0.964  0.375  3.8649  4.459    1  0.000  0.534     0.00     0.00     0.00     0.00     0.00 -1 -1.79e-13      0.00 7.923e-01 2.076e-01 1.534e-05 4.202e-06 3.826e-05 -1.000 1.000e-04 3.833 4.449 3.962 3.905 3.951 4.020 4.050
0.0001 -2.19174 9.47712 0.9799284935 2.4686148167    0.979  0.420  3.8722  4.450    1  0.000  0.534     0.00     0.00     0.00     0.00     0.00 -1 -1.98e-13      0.00 7.927e-01 2.072e-01 1.532e-05 4.197e-06 3.821e-05 -1.000 9.997e-05 3.720 4.324 3.833 3.798 3.857 3.932 3.963
0.0001 -2.19174 9.47712 0.9998844266 2.4728913307    1.000  0.479  3.8819  4.439    1  0.000  0.534     0.00     0.00     0.00     0.00     0.00 -1 -2.28e-13      0.00 7.931e-01 2.068e-01 1.530e-05 4.192e-06 3.817e-05 -1.000 1.001e-04 3.573 4.161 3.664 3.660 3.736 3.819 3.851
0.0001 -2.19174 9.47712 1.0000000000 2.4729156494    1.000  0.479  3.8820  4.439    1  0.000  0.534     0.00     0.00     0.00     0.00     0.00 -1 -2.28e-13      0.00 7.931e-01 2.068e-01 1.530e-05 4.192e-06 3.817e-05 -1.000 9.997e-05 3.572 4.161 3.663 3.659 3.735 3.818 3.851
0.0001 -2.19174 9.47712 1.0061829090 2.4742007256    1.006  0.497  3.8853  4.437    1  0.000  0.534     0.00     0.00     0.00     0.00     0.00 -1 -2.35e-13      0.00 7.933e-01 2.066e-01 1.529e-05 4.190e-06 3.815e-05 -1.000 8.735e-05 3.527 4.110 3.610 3.617 3.699 3.785 3.817
0.0001 -2.19174 9.47712 1.0231896639 2.4776434898    1.022  0.549  3.8947  4.430    1  0.000  0.534     0.00     0.00     0.00     0.00     0.00 -1 -2.58e-13      0.00 7.937e-01 2.062e-01 1.527e-05 4.184e-06 3.811e-05 -1.000 1.000e-04 3.399 3.969 3.463 3.499 3.598 3.690 3.724
0.0001 -2.19174 9.47712 1.0384905338 2.4806306362    1.038  0.596  3.9033  4.423    1  0.000  0.534     0.00     0.00     0.00     0.00     0.00 -1 -2.82e-13      0.00 7.939e-01 2.060e-01 1.526e-05 4.180e-06 3.807e-05 -1.000 9.997e-05 3.279 3.839 3.328 3.391 3.506 3.604 3.638
0.0001 -2.19174 9.47712 1.0499999523 2.4828116894    1.049  0.633  3.9100  4.417    1  0.000  0.534     0.00     0.00     0.00     0.00     0.00 -1 -3.02e-13      0.00 7.941e-01 2.058e-01 1.525e-05 4.178e-06 3.806e-05 -1.000 1.000e-04 3.187 3.739 3.224 3.309 3.435 3.537 3.571
0.0001 -2.19174 9.47712 1.0523307323 2.4832465649    1.051  0.641  3.9112  4.416    1  0.000  0.534     0.00     0.00     0.00     0.00     0.00 -1 -3.06e-13      0.00 7.942e-01 2.057e-01 1.524e-05 4.178e-06 3.805e-05 -1.000 1.000e-04 3.168 3.720 3.204 3.293 3.422 3.524 3.559
0.0001 -2.19174 9.47712 1.0656497478 2.4856903553    1.064  0.684  3.9187  4.408    1  0.000  0.534     0.00     0.00     0.00     0.00     0.00 -1 -3.32e-13      0.00 7.945e-01 2.054e-01 1.523e-05 4.174e-06 3.802e-05 -1.000 9.994e-05 3.061 3.606 3.088 3.201 3.343 3.448 3.483
0.0001 -2.19174 9.47712 1.0774970055 2.4878058434    1.076  0.723  3.9255  4.401    1  0.000  0.534     0.00     0.00     0.00     0.00     0.00 -1 -3.58e-13      0.00 7.947e-01 2.052e-01 1.522e-05 4.171e-06 3.799e-05 -1.000 2.924e-05 2.962 3.502 2.983 3.118 3.271 3.379 3.415
0.0001 -2.19174 9.47712 1.0889142752 2.4897947311    1.088  0.763  3.9321  4.392    1  0.000  0.534     0.00     0.00     0.00     0.00     0.00 -1 -3.87e-13      0.00 7.949e-01 2.050e-01 1.521e-05 4.169e-06 3.797e-05 -1.000 5.594e-05 2.863 3.401 2.883 3.038 3.201 3.311 3.348
0.0001 -2.19174 9.47712 1.0999900103 2.4916784763    1.099  0.802  3.9384  4.382    1  0.000  0.534     0.00     0.00     0.00     0.00     0.00 -1 -4.19e-13      0.00 7.950e-01 2.049e-01 1.521e-05 4.167e-06 3.796e-05 -1.000 1.000e-04 2.764 3.302 2.787 2.960 3.132 3.245 3.282
0.0001 -2.19174 9.47712 1.1000000238 2.4916803837    1.099  0.802  3.9384  4.382    1  0.000  0.534     0.00     0.00     0.00     0.00     0.00 -1 -4.19e-13      0.00 7.950e-01 2.049e-01 1.521e-05 4.167e-06 3.796e-05 -1.000 1.000e-04 2.764 3.302 2.787 2.960 3.132 3.245 3.281
0.0001 -2.19174 9.47712 1.1052390337 2.4925563335    1.104  0.821  3.9411  4.377    1  0.000  0.534     0.00     0.00     0.00     0.00     0.00 -1 -4.34e-13      0.00 7.951e-01 2.048e-01 1.520e-05 4.165e-06 3.794e-05 -1.000 1.000e-04 2.718 3.256 2.743 2.924 3.099 3.213 3.250
0.0001 -2.19174 9.47712 1.1140275002 2.4940044880    1.113  0.852  3.9455  4.366    1  0.000  0.534     0.00     0.00     0.00     0.00     0.00 -1 -4.63e-13      0.00 7.954e-01 2.045e-01 1.519e-05 4.163e-06 3.792e-05 -1.000 9.993e-05 2.640 3.179 2.670 2.862 3.043 3.158 3.196
0.0001 -2.19174 9.47712 1.1223449707 2.4953510761    1.121  0.882  3.9493  4.355    1  0.000  0.534     0.00     0.00     0.00     0.00     0.00 -1 -4.94e-13      0.00 7.955e-01 2.044e-01 1.518e-05 4.160e-06 3.790e-05 -1.000 9.997e-05 2.564 3.103 2.599 2.801 2.987 3.102 3.141
0.0001 -2.19174 9.47712 1.1297968626 2.4965381622    1.128  0.910  3.9524  4.343    1  0.000  0.534     0.00     0.00     0.00     0.00     0.00 -1 -5.24e-13      0.00 7.952e-01 2.047e-01 1.520e-05 4.166e-06 3.795e-05 -1.000 9.999e-05 2.496 3.034 2.535 2.745 2.935 3.051 3.090
0.0001 -2.19174 9.47712 1.1368986368 2.4976530075    1.135  0.936  3.9550  4.330    1  0.000  0.534     0.00     0.00     0.00     0.00     0.00 -1 -5.58e-13      0.00 7.952e-01 2.047e-01 1.520e-05 4.167e-06 3.796e-05 -1.000 1.000e-04 2.431 2.968 2.475 2.690 2.883 3.000 3.039
0.0001 -2.19174 9.47712 1.1383142471 2.4978733063    1.137  0.942  3.9558  4.327    1  0.000  0.534     0.00     0.00     0.00     0.00     0.00 -1 -5.67e-13      0.00 7.952e-01 2.047e-01 1.520e-05 4.166e-06 3.795e-05 -1.000 9.990e-05 2.414 2.951 2.459 2.677 2.871 2.987 3.027
0.0001 -2.19174 9.47712 1.1460572481 2.4990670681    1.144  0.983  3.9602  4.307    1  0.000  0.534     0.00     0.00     0.00     0.00     0.00 -1 -6.25e-13      0.00 7.952e-01 2.047e-01 1.520e-05 4.166e-06 3.795e-05 -1.000 9.999e-05 2.314 2.849 2.366 2.594 2.793 2.910 2.951
0.0001 -2.19174 9.47712 1.1468530893 2.4991889000    1.145  0.987  3.9607  4.304    1  0.000  0.534     0.00     0.00     0.00     0.00     0.00 -1 -6.32e-13      0.00 7.952e-01 2.047e-01 1.520e-05 4.166e-06 3.795e-05 -1.000 1.000e-04 2.302 2.838 2.356 2.584 2.784 2.901 2.942
0.0001 -2.19174 9.47712 1.1499999762 2.4996678829    1.149  1.001  3.9615  4.295    1  0.000  0.534     0.00     0.00     0.00     0.00     0.00 -1 -6.56e-13      0.00 7.950e-01 2.049e-01 1.521e-05 4.170e-06 3.798e-05 -1.000 9.999e-05 2.266 2.801 2.321 2.552 2.753 2.870 2.911
0.0001 -2.19174 9.47712 1.1588469744 2.5009989738    1.157  1.044  3.9630  4.262    2  0.000  0.534     0.00     0.00     0.00     0.00     0.00 -1 -7.35e-13      0.00 7.945e-01 2.054e-01 1.524e-05 4.178e-06 3.805e-05 -1.000 9.999e-05 2.160 2.690 2.217 2.452 2.655 2.771 2.812
0.0001 -2.19174 9.47712 1.1719375849 2.5029261112    1.170  1.117  3.9611  4.186    2  0.000  0.534     0.00     0.00     0.00     0.00     0.00 -1 -9.16e-13      0.00 7.938e-01 2.061e-01 1.529e-05 4.190e-06 3.816e-05 -1.000 9.996e-05 1.979 2.496 2.027 2.262 2.465 2.577 2.619
0.0001 -2.19174 9.47712 1.1784368753 2.5038647652    1.177  1.159  3.9558  4.125    2  0.000  0.534     0.00     0.00     0.00     0.00     0.00 -1 -1.07e-12      0.00 7.934e-01 2.065e-01 1.531e-05 4.195e-06 3.821e-05 -1.000 9.993e-05 1.872 2.378 1.906 2.134 2.332 2.440 2.480
0.0001 -2.19174 9.47712 1.1829516888 2.5045096874    1.181  1.194  3.9469  4.056    2  0.000  0.534     0.00     0.00     0.00     0.00     0.00 -1 -1.24e-12      0.00 7.931e-01 2.068e-01 1.532e-05 4.199e-06 3.825e-05 -1.000 1.000e-04 1.785 2.280 1.798 2.012 2.201 2.304 2.343
0.0001 -2.19174 9.47712 1.1853822470 2.5048546791    1.184  1.216  3.9384  4.001    2  0.000  0.534     0.00     0.00     0.00     0.00     0.00 -1 -1.38e-12      0.00 7.930e-01 2.069e-01 1.533e-05 4.201e-06 3.826e-05 -1.000 1.000e-04 1.731 2.220 1.729 1.927 2.108 2.205 2.243
0.0001 -2.19174 9.47712 1.1870778799 2.5050942898    1.185  1.232  3.9291  3.948    2  0.000  0.534     0.00     0.00     0.00     0.00     0.00 -1 -1.52e-12      0.00 7.929e-01 2.070e-01 1.534e-05 4.203e-06 3.828e-05 -1.000 9.993e-05 1.689 2.174 1.676 1.854 2.023 2.115 2.152
0.0001 -2.19174 9.47712 1.1882978678 2.5052661896    1.187  1.245  3.9198  3.898    2  0.000  0.534     0.00     0.00     0.00     0.00     0.00 -1 -1.66e-12      0.00 7.928e-01 2.071e-01 1.534e-05 4.204e-06 3.829e-05 -1.000 9.993e-05 1.656 2.140 1.639 1.791 1.949 2.037 2.072
0.0001 -2.19174 9.47712 1.1894991398 2.5054349899    1.188  1.259  3.9074  3.835    2  0.000  0.534     0.00     0.00     0.00     0.00     0.00 -1 -1.84e-12      0.00 7.928e-01 2.071e-01 1.534e-05 4.205e-06 3.830e-05 -1.000 9.993e-05 1.622 2.111 1.607 1.725 1.864 1.946 1.979
0.0001 -2.19174 9.47712 1.1904028654 2.5055618286    1.189  1.271  3.8952  3.775    2  0.000  0.534     0.00     0.00     0.00     0.00     0.00 -1 -2.02e-12      0.00 7.927e-01 2.072e-01 1.535e-05 4.206e-06 3.830e-05 -1.000 9.990e-05 1.594 2.095 1.591 1.671 1.790 1.866 1.898
0.0001 -2.19174 9.47712 1.1911177635 2.5056619644    1.189  1.280  3.8832  3.718    2  0.000  0.534     0.00     0.00     0.00     0.00     0.00 -1  -2.2e-12      0.00 7.927e-01 2.072e-01 1.535e-05 4.206e-06 3.831e-05 -1.000 1.000e-04 1.570 2.089 1.586 1.629 1.727 1.797 1.827
0.0001 -2.19174 9.47712 1.1917035580 2.5057439804    1.190  1.288  3.8702  3.659    2  0.000  0.534     0.00     0.00     0.00     0.00     0.00 -1 -2.39e-12      0.00 7.927e-01 2.072e-01 1.535e-05 4.207e-06 3.831e-05 -1.000 9.996e-05 1.551 2.092 1.591 1.593 1.668 1.730 1.758
0.0001 -2.19174 9.47712 1.1921981573 2.5058131218    1.191  1.294  3.8586  3.606    2  0.000  0.534     0.00     0.00     0.00     0.00     0.00 -1 -2.58e-12      0.00 7.926e-01 2.073e-01 1.535e-05 4.207e-06 3.832e-05 -1.000 1.000e-04 1.534 2.100 1.598 1.564 1.619 1.673 1.700
0.0001 -2.19174 9.47712 1.1926263571 2.5058729649    1.191  1.300  3.8461  3.550    2  0.000  0.534     0.00     0.00     0.00     0.00     0.00 -1 -2.79e-12      0.00 7.926e-01 2.073e-01 1.536e-05 4.208e-06 3.832e-05 -1.000 1.000e-04 1.520 2.116 1.614 1.540 1.573 1.619 1.642
0.0001 -2.19174 9.47712 1.1930093765 2.5059263706    1.191  1.305  3.8344  3.499    2  0.000  0.534     0.00     0.00     0.00     0.00     0.00 -1 -2.99e-12      0.00 7.926e-01 2.073e-01 1.536e-05 4.208e-06 3.833e-05 -1.000 1.000e-04 1.508 2.135 1.630 1.519 1.532 1.569 1.590
0.0001 -2.19174 9.47712 1.1933863163 2.5059790611    1.192  1.310  3.8226  3.447    2  0.000  0.534     0.00     0.00     0.00     0.00     0.00 -1  -3.2e-12      0.00 7.926e-01 2.073e-01 1.536e-05 4.208e-06 3.833e-05 -1.000 1.000e-04 1.496 2.158 1.648 1.500 1.493 1.520 1.538
0.0001 -2.19174 9.47712 1.1937947273 2.5060358047    1.192  1.313  3.8116  3.400    2  0.000  0.534     0.00     0.00     0.00     0.00     0.00 -1 -3.41e-12      0.00 7.924e-01 2.075e-01 1.537e-05 4.211e-06 3.835e-05 -1.000 1.000e-04 1.487 2.185 1.668 1.486 1.460 1.477 1.492
0.0001 -2.19174 9.47712 1.1942709684 2.5061020851    1.193  1.317  3.7990  3.346    2  0.000  0.534     0.00     0.00     0.00     0.00     0.00 -1 -3.66e-12      0.00 7.921e-01 2.078e-01 1.538e-05 4.215e-06 3.839e-05 -1.000 1.001e-04 1.478 2.225 1.696 1.470 1.423 1.429 1.439
0.0001 -2.19174 9.47712 1.1948007345 2.5061757565    1.193  1.320  3.7857  3.289    2  0.000  0.534     0.00     0.00     0.00     0.00     0.00 -1 -3.93e-12      0.00 7.912e-01 2.087e-01 1.543e-05 4.229e-06 3.851e-05 -1.000 1.000e-04 1.469 2.275 1.727 1.456 1.387 1.380 1.386
0.0001 -2.19174 9.47712 1.1953920126 2.5062580109    1.194  1.320  3.7751  3.247    2  0.000  0.535     0.00     0.00     0.00     0.00     0.00 -1 -4.12e-12      0.00 7.844e-01 2.155e-01 1.582e-05 4.330e-06 3.942e-05 -1.000 9.947e-05 1.470 2.328 1.760 1.454 1.367 1.350 1.352
0.0001 -2.19174 9.47712 1.1962245703 2.5063734055    1.194  1.319  3.7609  3.192    2  0.000  0.536     0.00     0.00     0.00     0.00     0.00 -1 -4.37e-12      0.00 7.728e-01 2.271e-01 1.648e-05 4.506e-06 4.098e-05 -1.000 9.257e-05 1.474 2.411 1.809 1.453 1.344 1.312 1.309
0.0001 -2.19174 9.47712 1.1965546608 2.5064191818    1.195  1.318  3.7563  3.175    2  0.000  0.537     0.00     0.00     0.00     0.00     0.00 -1 -4.45e-12      0.00 7.651e-01 2.348e-01 1.691e-05 4.622e-06 4.201e-05 -1.000 9.999e-05 1.476 2.443 1.827 1.455 1.337 1.301 1.296
0.0001 -2.19174 9.47712 1.1972786188 2.5065195560    1.195  1.335  3.7504  3.135    3  0.000  0.537     0.00     0.00     0.00     0.00     0.00 -1 -4.82e-12      0.00 7.610e-01 2.389e-01 1.714e-05 4.683e-06 4.256e-05 -1.000 9.999e-05 1.433 2.437 1.804 1.411 1.284 1.241 1.234
0.0001 -2.19174 9.47712 1.1983406544 2.5066661835    1.197  1.373  3.7441  3.072    3  0.000  0.537     0.00     0.00     0.00     0.00     0.00 -1 -5.62e-12      0.00 7.570e-01 2.429e-01 1.734e-05 4.736e-06 4.303e-05 -1.000 9.994e-05 1.339 2.387 1.732 1.316 1.178 1.129 1.118
0.0001 -2.19174 9.47712 1.1992238760 2.5067880154    1.197  1.414  3.7405  3.016    3  0.000  0.537     0.00     0.00     0.00     0.00     0.00 -1 -6.56e-12      0.00 7.548e-01 2.451e-01 1.739e-05 4.763e-06 4.323e-05 -1.000 9.999e-05 1.235 2.309 1.641 1.213 1.069 1.015 1.004
0.0001 -2.19174 9.47712 1.2000000477 2.5068950653    1.198  1.455  3.7381  2.966    3  0.000  0.535     0.00     0.00     0.00     0.00     0.00 -1 -7.61e-12      0.00 7.529e-01 2.470e-01 1.737e-05 4.790e-06 4.333e-05 -1.000 1.001e-04 1.133 2.225 1.547 1.111 0.963 0.907 0.894
0.0001 -2.19174 9.47712 1.2000122070 2.5068967342    1.198  1.455  3.7381  2.966    3  0.000  0.534     0.00     0.00     0.00     0.00     0.00 -1 -7.63e-12      0.00 7.529e-01 2.470e-01 1.737e-05 4.791e-06 4.334e-05 -1.000 1.000e-04 1.132 2.224 1.546 1.110 0.962 0.906 0.893
0.0001 -2.19174 9.47712 1.2008112669 2.5070066452    1.199  1.498  3.7360  2.914    3  0.000  0.521     0.00     0.00     0.00     0.00     0.00 -1 -8.93e-12      0.00 7.507e-01 2.492e-01 1.698e-05 5.070e-06 4.342e-05 -1.000 9.990e-05 1.024 2.131 1.445 1.002 0.851 0.793 0.779
0.0001 -2.19174 9.47712 1.2015615702 2.5071096420    1.200  1.542  3.7342  2.864    3  0.000  0.491     0.00     0.00     0.00     0.00     0.00 -1 -1.04e-11      0.00 7.484e-01 2.515e-01 1.602e-05 6.153e-06 4.347e-05 -1.000 9.999e-05 0.916 2.037 1.343 0.895 0.741 0.681 0.666
0.0001 -2.19174 9.47712 1.2022703886 2.5072066784    1.200  1.584  3.7326  2.816    3  0.000  0.465     0.00     0.00     0.00     0.00     0.00 -1 -1.21e-11      0.00 7.461e-01 2.538e-01 1.516e-05 7.199e-06 4.351e-05 -1.000 1.000e-04 0.809 1.941 1.241 0.788 0.632 0.570 0.554
0.0001 -2.19174 9.47712 1.2029840946 2.5073044300    1.201  1.629  3.7309  2.764    3  0.000  0.442     0.00     0.00     0.00     0.00     0.00 -1 -1.43e-11      0.00 7.438e-01 2.561e-01 1.444e-05 8.101e-06 4.354e-05 -1.000 1.001e-04 0.697 1.841 1.134 0.676 0.517 0.453 0.437
0.0001 -2.19174 9.47712 1.2036423683 2.5073945522    1.202  1.673  3.7293  2.713    3  0.000  0.427     0.00     0.00     0.00     0.00     0.00 -1 -1.67e-11      0.00 7.417e-01 2.582e-01 1.395e-05 8.732e-06 4.357e-05 -1.000 1.001e-04 0.586 1.743 1.030 0.566 0.405 0.339 0.322
0.0001 -2.19174 9.47712 1.2042206526 2.5074734688    1.202  1.714  3.7279  2.667    3  0.000  0.416     0.00     0.00     0.00     0.00     0.00 -1 -1.94e-11      0.00 7.399e-01 2.600e-01 1.359e-05 9.180e-06 4.359e-05 -1.000 1.000e-04 0.484 1.652 0.933 0.465 0.301 0.233 0.215
0.0001 -2.19174 9.47712 1.2048014402 2.5075528622    1.203  1.758  3.7263  2.617    3  0.000  0.408     0.00     0.00     0.00     0.00     0.00 -1 -2.27e-11      0.00 7.384e-01 2.615e-01 1.334e-05 9.500e-06 4.360e-05 -1.000 1.000e-04 0.375 1.555 0.829 0.356 0.190 0.121 0.102
0.0001 -2.19174 9.47712 1.2053333521 2.5076253414    1.203  1.801  3.7247  2.568    3  0.000  0.402     0.00     0.00     0.00     0.00     0.00 -1 -2.64e-11      0.00 7.372e-01 2.627e-01 1.316e-05 9.722e-06 4.361e-05 -1.000 1.000e-04 0.268 1.461 0.728 0.250 0.081 0.010 -0.009
0.0001 -2.19174 9.47712 1.2058451176 2.5076949596    1.203  1.845  3.7231  2.518    3  0.000  0.398     0.00     0.00     0.00     0.00     0.00 -1  -3.1e-11      0.00 7.361e-01 2.638e-01 1.302e-05 9.896e-06 4.362e-05 -1.000 9.999e-05 0.157 1.362 0.623 0.140 -0.031 -0.104 -0.124
0.0001 -2.19174 9.47712 1.2062858343 2.5077550411    1.204  1.886  3.7216  2.471    3  0.000  0.395     0.00     0.00     0.00     0.00     0.00 -1 -3.59e-11      0.00 7.355e-01 2.644e-01 1.293e-05 1.001e-05 4.362e-05 -1.000 1.001e-04 0.055 1.272 0.527 0.038 -0.136 -0.210 -0.231
0.0001 -2.19174 9.47712 1.2067314386 2.5078155994    1.204  1.930  3.7199  2.420    3  0.000  0.393     0.00     0.00     0.00     0.00     0.00 -1 -4.22e-11      0.00 7.350e-01 2.649e-01 1.287e-05 1.009e-05 4.362e-05 -1.000 9.999e-05 -0.056 1.177 0.422 -0.072 -0.249 -0.325 -0.347
0.0001 -2.19174 9.47712 1.2071155310 2.5078675747    1.204  1.971  3.7183  2.373    3  0.000  0.392     0.00     0.00     0.00     0.00     0.00 -1 -4.89e-11      0.00 7.347e-01 2.652e-01 1.284e-05 1.013e-05 4.362e-05 -1.000 1.001e-04 -0.158 1.091 0.326 -0.174 -0.353 -0.432 -0.454
0.0001 -2.19174 9.47712 1.2074924707 2.5079188347    1.205  2.014  3.7168  2.324    3  0.000  0.392     0.00     0.00     0.00     0.00     0.00 -1 -5.71e-11      0.00 7.345e-01 2.654e-01 1.282e-05 1.016e-05 4.362e-05 -1.000 9.990e-05 -0.266 1.000 0.225 -0.281 -0.463 -0.543 -0.566
0.0001 -2.19174 9.47712 1.2078387737 2.5079658031    1.205  2.056  3.7151  2.275    3  0.000  0.391     0.00     0.00     0.00     0.00     0.00 -1 -6.65e-11      0.00 7.345e-01 2.654e-01 1.280e-05 1.017e-05 4.362e-05 -1.000 9.999e-05 -0.371 0.912 0.127 -0.385 -0.570 -0.652 -0.677
0.0001 -2.19174 9.47712 1.2081590891 2.5080091953    1.205  2.098  3.7134  2.227    3  0.000  0.391     0.00     0.00     0.00     0.00     0.00 -1 -7.73e-11      0.00 7.345e-01 2.654e-01 1.280e-05 1.018e-05 4.362e-05 -1.000 9.996e-05 -0.475 0.826 0.031 -0.488 -0.676 -0.760 -0.785
0.0001 -2.19174 9.47712 1.2084563971 2.5080494881    1.205  2.139  3.7119  2.179    3  0.000  0.391     0.00     0.00     0.00     0.00     0.00 -1 -8.98e-11      0.00 7.344e-01 2.655e-01 1.280e-05 1.018e-05 4.363e-05 -1.000 9.996e-05 -0.578 0.738 -0.066 -0.591 -0.781 -0.867 -0.893
0.0001 -2.19174 9.47712 1.2087297440 2.5080864429    1.205  2.180  3.7102  2.132    3  0.000  0.391     0.00     0.00     0.00     0.00     0.00 -1 -1.04e-10      0.00 7.344e-01 2.655e-01 1.280e-05 1.019e-05 4.363e-05 -1.000 1.000e-04 -0.680 0.655 -0.160 -0.692 -0.885 -0.973 -1.000
0.0001 -2.19174 9.47712 1.2089898586 2.5081217289    1.205  2.221  3.7085  2.084    3  0.000  0.391     0.00     0.00     0.00     0.00     0.00 -1 -1.21e-10      0.00 7.344e-01 2.655e-01 1.280e-05 1.019e-05 4.363e-05 -1.000 9.999e-05 -0.783 0.571 -0.254 -0.793 -0.989 -1.079 -1.107
0.0001 -2.19174 9.47712 1.2092342377 2.5081546307    1.205  2.262  3.7070  2.036    3  0.000  0.391     0.00     0.00     0.00     0.00     0.00 -1  -1.4e-10      0.00 7.344e-01 2.655e-01 1.280e-05 1.019e-05 4.363e-05 -1.000 9.996e-05 -0.886 0.486 -0.350 -0.895 -1.094 -1.186 -1.215
0.0001 -2.19174 9.47712 1.2094535828 2.5081844330    1.205  2.302  3.7052  1.990    3  0.000  0.391     0.00     0.00     0.00     0.00     0.00 -1 -1.62e-10      0.00 7.344e-01 2.655e-01 1.279e-05 1.019e-05 4.363e-05 -1.000 9.996e-05 -0.984 0.409 -0.440 -0.992 -1.194 -1.288 -1.318
0.0001 -2.19174 9.47712 1.2096687555 2.5082135201    1.205  2.342  3.7035  1.943    3  0.000  0.391     0.00     0.00     0.00     0.00     0.00 -1 -1.88e-10      0.00 7.344e-01 2.655e-01 1.279e-05 1.019e-05 4.363e-05 -1.000 9.996e-05 -1.086 0.329 -0.533 -1.093 -1.298 -1.394 -1.424
0.0001 -2.19174 9.47712 1.2098826170 2.5082423687    1.205  2.382  3.7020  1.897    3  0.000  0.391     0.00     0.00     0.00     0.00     0.00 -1 -2.18e-10      0.00 7.344e-01 2.655e-01 1.279e-05 1.019e-05 4.363e-05 -1.000 1.000e-04 -1.186 0.248 -0.625 -1.192 -1.400 -1.498 -1.529
0.0001 -2.19174 9.47712 1.2101638317 2.5082802773    1.205  2.421  3.7004  1.852    3  0.000  0.391     0.00     0.00     0.00     0.00     0.00 -1  -2.5e-10      0.00 7.344e-01 2.655e-01 1.279e-05 1.020e-05 4.363e-05 -1.000 9.996e-05 -1.281 0.174 -0.712 -1.286 -1.497 -1.597 -1.629
0.0001 -2.19174 9.47712 1.2102210522 2.5082881451    1.205  2.413  3.7008  1.861    3  0.000  0.391     0.00     0.00     0.00     0.00     0.00 -1 -2.46e-10      0.00 7.344e-01 2.655e-01 1.279e-05 1.020e-05 4.363e-05 -1.000 1.000e-04 -1.263 0.188 -0.695 -1.268 -1.478 -1.578 -1.610
0.0001 -2.19174 9.47712 1.2103580236 2.5083065033    1.205  2.374  3.7026  1.907    3  0.000  0.391     0.00     0.00     0.00     0.00     0.00 -1 -2.15e-10      0.00 7.344e-01 2.655e-01 1.279e-05 1.020e-05 4.363e-05 -1.000 9.999e-05 -1.166 0.261 -0.608 -1.172 -1.379 -1.476 -1.507
0.0001 -2.19174 9.47712 1.2104014158 2.5083124638    1.205  2.360  3.7032  1.923    3  0.000  0.391     0.00     0.00     0.00     0.00     0.00 -1 -2.03e-10      0.00 7.344e-01 2.655e-01 1.279e-05 1.020e-05 4.363e-05 -1.000 9.996e-05 -1.130 0.289 -0.575 -1.137 -1.343 -1.439 -1.470
0.0001 -2.19174 9.47712 1.2104965448 2.5083253384    1.204  2.384  3.7023  1.896    3  0.000  0.391     0.00     0.00     0.00     0.00     0.00 -1  -2.2e-10      0.00 7.344e-01 2.655e-01 1.279e-05 1.020e-05 4.363e-05 -1.000 1.000e-04 -1.189 0.241 -0.630 -1.196 -1.403 -1.501 -1.532
0.0001 -2.19174 9.47712 1.2106580734 2.5083470345    1.204  2.423  3.7006  1.850    3  0.000  0.391     0.00     0.00     0.00     0.00     0.00 -1 -2.53e-10      0.00 7.344e-01 2.655e-01 1.279e-05 1.020e-05 4.363e-05 -1.000 9.993e-05 -1.288 0.165 -0.719 -1.293 -1.504 -1.603 -1.635
0.0001 -2.19174 9.47712 1.2108137608 2.5083680153    1.204  2.462  3.6989  1.804    3  0.000  0.391     0.00     0.00     0.00     0.00     0.00 -1 -2.91e-10      0.00 7.344e-01 2.655e-01 1.279e-05 1.020e-05 4.363e-05 -1.000 1.000e-04 -1.385 0.091 -0.807 -1.389 -1.602 -1.704 -1.737
0.0001 -2.19174 9.47712 1.2109625340 2.5083880424    1.204  2.501  3.6973  1.759    3  0.000  0.391     4.57     3.71     2.71     2.05     1.66  4 -3.36e-10      0.00 7.344e-01 2.655e-01 1.279e-05 1.020e-05 4.363e-05 -1.000 1.000e-04 -1.482 0.016 -0.896 -1.485 -1.701 -1.805 -1.839
0.0001 -2.19174 9.47712 1.2110986710 2.5084064007    1.204  2.539  3.6957  1.715    3  0.000  0.391     5.00     4.02     2.92     2.22     1.80  4 -3.85e-10      0.00 7.344e-01 2.655e-01 1.278e-05 1.020e-05 4.363e-05 -1.000 9.996e-05 -1.576 -0.055 -0.980 -1.577 -1.797 -1.903 -1.937
0.0001 -2.19174 9.47712 1.2112284899 2.5084238052    1.203  2.577  3.6940  1.670    3  0.000  0.391     5.49     4.36     3.16     2.40     1.94  4 -4.43e-10      0.00 7.344e-01 2.655e-01 1.278e-05 1.020e-05 4.363e-05 -1.000 9.999e-05 -1.671 -0.125 -1.065 -1.670 -1.893 -2.001 -2.037
0.0001 -2.19174 9.47712 1.2113497257 2.5084402561    1.203  2.614  3.6924  1.626    3  0.000  0.391     6.01     4.72     3.41     2.59     2.10  4 -5.08e-10      0.00 7.344e-01 2.655e-01 1.278e-05 1.021e-05 4.363e-05 -1.000 9.999e-05 -1.765 -0.196 -1.150 -1.762 -1.989 -2.099 -2.135
0.0001 -2.19174 9.47712 1.2114613056 2.5084552765    1.203  2.651  3.6907  1.582    3  0.000  0.391     6.57     5.11     3.67     2.79     2.27  4 -5.82e-10      0.00 7.344e-01 2.655e-01 1.278e-05 1.021e-05 4.363e-05 -1.000 9.996e-05 -1.856 -0.264 -1.231 -1.852 -2.081 -2.194 -2.231
0.0001 -2.19174 9.47712 1.2115702629 2.5084698200    1.202  2.688  3.6889  1.537    3  0.000  0.391     7.21     5.54     3.97     3.02     2.45  4 -6.69e-10      0.00 7.344e-01 2.655e-01 1.278e-05 1.021e-05 4.363e-05 -1.000 9.999e-05 -1.951 -0.331 -1.315 -1.945 -2.177 -2.292 -2.330
0.0001 -2.19174 9.47712 1.2116669416 2.5084829330    1.202  2.724  3.6874  1.495    3  0.000  0.391     7.86     5.98     4.27     3.25     2.64  4 -7.63e-10      0.00 7.344e-01 2.655e-01 1.278e-05 1.021e-05 4.363e-05 -1.000 1.000e-04 -2.040 -0.396 -1.393 -2.032 -2.268 -2.384 -2.423
0.0001 -2.19174 9.47712 1.2117601633 2.5084955692    1.202  2.761  3.6857  1.452    3  0.000  0.391     8.59     6.46     4.60     3.51     2.85  4 -8.73e-10      0.00 7.344e-01 2.655e-01 1.278e-05 1.021e-05 4.363e-05 -1.000 9.996e-05 -2.131 -0.457 -1.472 -2.120 -2.360 -2.479 -2.519
0.0001 -2.19174 9.47712 1.2118458748 2.5085070133    1.201  2.796  3.6840  1.409    3  0.000  0.391     9.38     6.98     4.95     3.78     3.07  4 -9.97e-10      0.00 7.344e-01 2.655e-01 1.278e-05 1.021e-05 4.363e-05 -1.000 9.996e-05 -2.220 -0.500 -1.547 -2.209 -2.452 -2.573 -2.614
0.0001 -2.19174 9.47712 1.2119251490 2.5085177422    1.200  2.831  3.6825  1.368    3  0.000  0.391    10.20     7.52     5.31     4.06     3.30  4 -1.13e-09      0.00 7.344e-01 2.655e-01 1.278e-05 1.021e-05 4.363e-05 -1.000 9.996e-05 -2.308 -0.545 -1.621 -2.295 -2.542 -2.665 -2.707
0.0001 -2.19174 9.47712 1.2120022774 2.5085279942    1.200  2.867  3.6807  1.325    3  0.000  0.391    11.16     8.13     5.73     4.38     3.56  3  -1.3e-09      0.00 7.344e-01 2.655e-01 1.278e-05 1.021e-05 4.363e-05 -1.000 1.000e-04 -2.398 -0.580 -1.694 -2.384 -2.635 -2.760 -2.803
0.0001 -2.19174 9.47712 1.2120715380 2.5085372925    1.199  2.901  3.6790  1.284    3  0.000  0.391    12.13     8.75     6.14     4.71     3.83  3 -1.47e-09      0.00 7.344e-01 2.655e-01 1.278e-05 1.021e-05 4.363e-05 -1.000 1.000e-04 -2.482 -0.611 -1.761 -2.468 -2.723 -2.850 -2.894
0.0001 -2.19174 9.47712 1.2121380568 2.5085463524    1.199  2.935  3.6774  1.243    3  0.000  0.391    13.21     9.43     6.59     5.06     4.11  3 -1.67e-09      0.00 7.344e-01 2.655e-01 1.278e-05 1.021e-05 4.363e-05 -1.000 9.996e-05 -2.568 -0.639 -1.828 -2.552 -2.812 -2.941 -2.986
0.0001 -2.19174 9.47712 1.2121992111 2.5085544586    1.198  2.969  3.6758  1.203    3  0.000  0.391    14.34    10.14     7.07     5.43     4.41  3  -1.9e-09      0.00 7.344e-01 2.655e-01 1.278e-05 1.021e-05 4.363e-05 -1.000 1.000e-04 -2.652 -0.663 -1.892 -2.634 -2.898 -3.030 -3.076
0.0001 -2.19174 9.47712 1.2122565508 2.5085623264    1.197  3.002  3.6741  1.162    3  0.000  0.391    15.58    10.90     7.58     5.83     4.74  3 -2.15e-09      0.00 7.344e-01 2.655e-01 1.278e-05 1.021e-05 4.363e-05 -1.000 9.999e-05 -2.735 -0.679 -1.953 -2.715 -2.984 -3.118 -3.165
0.0001 -2.19174 9.47712 1.2123112679 2.5085697174    1.196  3.035  3.6725  1.123    3  0.000  0.391    16.91    11.71     8.11     6.25     5.08  3 -2.43e-09      0.00 7.344e-01 2.655e-01 1.278e-05 1.021e-05 4.363e-05 -1.000 9.996e-05 -2.818 -0.697 -2.015 -2.796 -3.070 -3.207 -3.254
0.0001 -2.19174 9.47712 1.2123737335 2.5085780621    1.195  3.075  3.6704  1.074    3  0.000  0.390    18.70    12.80     8.83     6.81     5.53  3 -2.83e-09      0.00 7.344e-01 2.655e-01 1.278e-05 1.021e-05 4.363e-05 -1.000 9.996e-05 -2.918 -0.706 -2.085 -2.893 -3.174 -3.314 -3.363
0.0001 -2.19174 9.47712 1.2124323845 2.5085859299    1.194  3.115  3.6683  1.026    3  0.000  0.390    20.64    13.95     9.59     7.40     6.02  3 -3.28e-09      0.00 7.344e-01 2.655e-01 1.278e-05 1.021e-05 4.363e-05 -1.000 9.996e-05 -3.017 -0.711 -2.151 -2.988 -3.275 -3.419 -3.469
0.0001 -2.19174 9.47712 1.2124769688 2.5085918903    1.193  3.146  3.6669  0.988    3  0.000  0.390    22.29    14.92    10.22     7.90     6.43  3 -3.69e-09      0.00 7.344e-01 2.655e-01 1.278e-05 1.021e-05 4.363e-05 -1.000 1.000e-04 -3.095 -0.714 -2.204 -3.062 -3.355 -3.501 -3.552
0.0001 -2.19174 9.47712 1.2125293016 2.5085990429    1.191  3.182  3.6648  0.943    3  0.000  0.390    24.46    16.19    11.05     8.55     6.96  2 -4.24e-09      0.00 7.344e-01 2.655e-01 1.278e-05 1.021e-05 4.363e-05 -1.000 9.999e-05 -3.186 -0.695 -2.255 -3.148 -3.449 -3.599 -3.652
0.0001 -2.19174 9.47712 1.2125463486 2.5086011887    1.191  3.194  3.6641  0.928    3  0.000  0.390    25.21    16.63    11.33     8.77     7.14  2 -4.43e-09      0.00 7.344e-01 2.655e-01 1.278e-05 1.021e-05 4.363e-05 -1.000 9.999e-05 -3.215 -0.687 -2.271 -3.176 -3.480 -3.631 -3.684
0.0001 -2.19174 9.47712 1.2125463486 2.5086011887    1.190  1.929  3.7836  2.671    4  0.000  0.394     0.00     0.00     0.00     0.00     0.00 -1    -1e-30      0.00 7.347e-01 2.652e-01 1.290e-05 1.005e-05 4.361e-05 -1.000 9.999e-05 -0.053 0.740 0.178 -0.083 -0.148 -0.159 -0.154
0.0001 -2.19174 9.47712 1.2128583193 2.5086431503    1.191  1.940  3.7758  2.629    4  0.000  0.394     0.00     0.00     0.00     0.00     0.00 -1    -1e-30      0.00 7.347e-01 2.652e-01 1.290e-05 1.006e-05 4.361e-05 -1.000 1.000e-04 -0.080 0.754 0.178 -0.110 -0.189 -0.207 -0.206
0.0001 -2.19174 9.47712 1.2131844759 2.5086870193    1.191  1.946  3.7725  2.610    4  0.000  0.394     0.00     0.00     0.00     0.00     0.00 -1    -1e-30      0.00 7.347e-01 2.652e-01 1.290e-05 1.006e-05 4.362e-05 -1.000 1.000e-04 -0.094 0.758 0.175 -0.125 -0.210 -0.231 -0.230
0.0001 -2.19174 9.47712 1.2135126591 2.5087308884    1.191  1.950  3.7715  2.602    4  0.000  0.394     0.00     0.00     0.00     0.00     0.00 -1    -1e-30      0.00 7.347e-01 2.652e-01 1.290e-05 1.006e-05 4.362e-05 -1.000 1.000e-04 -0.105 0.754 0.168 -0.135 -0.222 -0.244 -0.244
0.0001 -2.19174 9.47712 1.2138495445 2.5087761879    1.192  1.954  3.7715  2.598    4  0.000  0.394     0.00     0.00     0.00     0.00     0.00 -1    -1e-30      0.00 7.347e-01 2.652e-01 1.289e-05 1.006e-05 4.362e-05 -1.000 1.001e-04 -0.114 0.744 0.159 -0.145 -0.231 -0.253 -0.253
0.0001 -2.19174 9.47712 1.2141845226 2.5088210106    1.192  1.957  3.7726  2.600    4  0.000  0.394     0.00     0.00     0.00     0.00     0.00 -1    -1e-30      0.00 7.347e-01 2.652e-01 1.289e-05 1.007e-05 4.362e-05 -1.000 1.000e-04 -0.123 0.730 0.146 -0.153 -0.238 -0.259 -0.258
0.0001 -2.19174 9.47712 1.2145142555 2.5088651180    1.192  1.960  3.7744  2.604    4  0.000  0.394     0.00     0.00     0.00     0.00     0.00 -1    -1e-30      0.00 7.347e-01 2.652e-01 1.289e-05 1.007e-05 4.362e-05 -1.000 1.000e-04 -0.130 0.712 0.132 -0.161 -0.242 -0.261 -0.260
0.0001 -2.19174 9.47712 1.2148540020 2.5089106560    1.193  1.963  3.7769  2.611    4  0.000  0.394     0.00     0.00     0.00     0.00     0.00 -1    -1e-30      0.00 7.347e-01 2.652e-01 1.289e-05 1.007e-05 4.362e-05 -1.000 1.000e-04 -0.137 0.690 0.116 -0.168 -0.245 -0.262 -0.260
0.0001 -2.19174 9.47712 1.2151824236 2.5089545250    1.193  1.965  3.7798  2.621    4  0.000  0.394     0.00     0.00     0.00     0.00     0.00 -1    -1e-30      0.00 7.347e-01 2.652e-01 1.288e-05 1.008e-05 4.362e-05 -1.000 1.000e-04 -0.143 0.667 0.099 -0.175 -0.246 -0.261 -0.257
0.0001 -2.19174 9.47712 1.2155200243 2.5089995861    1.194  1.968  3.7830  2.631    4  0.000  0.394     0.00     0.00     0.00     0.00     0.00 -1    -1e-30      0.00 7.347e-01 2.652e-01 1.288e-05 1.008e-05 4.362e-05 -1.000 9.996e-05 -0.150 0.644 0.081 -0.181 -0.247 -0.259 -0.254
0.0001 -2.19174 9.47712 1.2158281803 2.5090408325    1.194  1.970  3.7861  2.641    4  0.000  0.394     0.00     0.00     0.00     0.00     0.00 -1    -1e-30      0.00 7.347e-01 2.652e-01 1.288e-05 1.008e-05 4.362e-05 -1.000 1.000e-04 -0.156 0.622 0.064 -0.187 -0.247 -0.256 -0.251
0.0001 -2.19174 9.47712 1.2161639929 2.5090856552    1.194  1.973  3.7896  2.653    4  0.000  0.394     0.00     0.00     0.00     0.00     0.00 -1    -1e-30      0.00 7.347e-01 2.652e-01 1.288e-05 1.008e-05 4.362e-05 -1.000 1.000e-04 -0.162 0.598 0.045 -0.193 -0.247 -0.253 -0.246
0.0001 -2.19174 9.47712 1.2164920568 2.5091295242    1.195  1.975  3.7931  2.664    4  0.000  0.394     0.00     0.00     0.00     0.00     0.00 -1    -1e-30      0.00 7.347e-01 2.652e-01 1.288e-05 1.009e-05 4.362e-05 -1.000 1.001e-04 -0.168 0.575 0.026 -0.199 -0.247 -0.250 -0.242
0.0001 -2.19174 9.47712 1.2168081999 2.5091717243    1.195  1.978  3.7965  2.676    4  0.000  0.394     0.00     0.00     0.00     0.00     0.00 -1    -1e-30      0.00 7.347e-01 2.652e-01 1.288e-05 1.009e-05 4.362e-05 -1.000 9.999e-05 -0.174 0.552 0.008 -0.205 -0.246 -0.246 -0.237
0.0001 -2.19174 9.47712 1.2171366215 2.5092153549    1.195  1.980  3.7999  2.687    4  0.000  0.394     0.00     0.00     0.00     0.00     0.00 -1    -1e-30      0.00 7.347e-01 2.652e-01 1.287e-05 1.009e-05 4.362e-05 -1.000 1.001e-04 -0.180 0.529 -0.010 -0.210 -0.246 -0.243 -0.232
0.0001 -2.19174 9.47712 1.2172077894 2.5092248917    1.195  1.981  3.8006  2.689    4  0.000  0.393     0.00     0.00     0.00     0.00     0.00 -1    -1e-30      0.00 7.347e-01 2.652e-01 1.287e-05 1.009e-05 4.362e-05 -1.000 9.999e-05 -0.181 0.525 -0.014 -0.211 -0.246 -0.242 -0.232
0.0001 -2.19174 9.47712 1.2174550295 2.5092577934    1.196  1.982  3.8029  2.697    4  0.000  0.393     0.00     0.00     0.00     0.00     0.00 -1    -1e-30      0.00 7.347e-01 2.652e-01 1.287e-05 1.009e-05 4.362e-05 -1.000 1.000e-04 -0.186 0.510 -0.027 -0.215 -0.246 -0.240 -0.229
0.0001 -2.19174 9.47712 1.2177734375 2.5093002319    1.196  1.985  3.8057  2.706    4  0.000  0.393     0.00     0.00     0.00     0.00     0.00 -1    -1e-30      0.00 7.346e-01 2.653e-01 1.287e-05 1.010e-05 4.362e-05 -1.000 9.996e-05 -0.192 0.491 -0.042 -0.221 -0.246 -0.239 -0.226
0.0001 -2.19174 9.47712 1.2180795670 2.5093407631    1.196  1.987  3.8079  2.712    4  0.000  0.393     0.00     0.00     0.00     0.00     0.00 -1    -1e-30      0.00 7.346e-01 2.653e-01 1.287e-05 1.010e-05 4.362e-05 -1.000 1.000e-04 -0.197 0.475 -0.055 -0.226 -0.247 -0.238 -0.225
0.0001 -2.19174 9.47712 1.2183942795 2.5093827248    1.197  1.989  3.8097  2.717    4  0.000  0.393     0.00     0.00     0.00     0.00     0.00 -1    -1e-30      0.00 7.346e-01 2.653e-01 1.287e-05 1.010e-05 4.362e-05 -1.000 1.001e-04 -0.203 0.461 -0.068 -0.232 -0.249 -0.239 -0.225
0.0001 -2.19174 9.47712 1.2187089920 2.5094244480    1.197  1.992  3.8110  2.720    4  0.000  0.393     0.00     0.00     0.00     0.00     0.00 -1    -1e-30      0.00 7.346e-01 2.653e-01 1.286e-05 1.010e-05 4.362e-05 -1.000 1.001e-04 -0.209 0.449 -0.079 -0.237 -0.253 -0.242 -0.227
0.0001 -2.19174 9.47712 1.2190201283 2.5094659328    1.197  1.994  3.8116  2.720    4  0.000  0.393     0.00     0.00     0.00     0.00     0.00 -1    -1e-30      0.00 7.346e-01 2.653e-01 1.286e-05 1.011e-05 4.362e-05 -1.000 1.001e-04 -0.216 0.440 -0.087 -0.244 -0.258 -0.246 -0.232
0.0001 -2.19174 9.47712 1.2193384171 2.5095081329    1.198  1.997  3.8118  2.718    4  0.000  0.393     0.00     0.00     0.00     0.00     0.00 -1    -1e-30      0.00 7.346e-01 2.653e-01 1.286e-05 1.011e-05 4.362e-05 -1.000 9.999e-05 -0.223 0.432 -0.095 -0.251 -0.264 -0.253 -0.238
0.0001 -2.19174 9.47712 1.2194228172 2.5095193386    1.198  1.998  3.8117  2.717    4  0.000  0.393     0.00     0.00     0.00     0.00     0.00 -1    -1e-30      0.00 7.346e-01 2.653e-01 1.286e-05 1.011e-05 4.362e-05 -1.000 9.999e-05 -0.225 0.430 -0.097 -0.253 -0.266 -0.255 -0.240
0.0001 -2.19174 9.47712 1.2196319103 2.5095469952    1.198  2.000  3.8111  2.713    4  0.000  0.393     0.00     0.00     0.00     0.00     0.00 -1    -1e-30      0.00 7.346e-01 2.653e-01 1.286e-05 1.011e-05 4.362e-05 -1.000 9.996e-05 -0.230 0.428 -0.100 -0.258 -0.273 -0.262 -0.247
0.0001 -2.19174 9.47712 1.2199146748 2.5095844269    1.198  2.003  3.8098  2.705    4  0.000  0.393     0.00     0.00     0.00     0.00     0.00 -1    -1e-30      0.00 7.346e-01 2.653e-01 1.286e-05 1.011e-05 4.362e-05 -1.000 1.000e-04 -0.237 0.426 -0.102 -0.265 -0.283 -0.272 -0.258
0.0001 -2.19174 9.47712 1.2202044725 2.5096228123    1.199  2.006  3.8077  2.694    4  0.000  0.393     0.00     0.00     0.00     0.00     0.00 -1    -1e-30      0.00 7.346e-01 2.653e-01 1.285e-05 1.011e-05 4.362e-05 -1.000 9.999e-05 -0.244 0.428 -0.103 -0.274 -0.295 -0.286 -0.273
0.0001 -2.19174 9.47712 1.2204984426 2.5096619129    1.199  2.009  3.8047  2.679    4  0.000  0.393     0.00     0.00     0.00     0.00     0.00 -1    -1e-30      0.00 7.346e-01 2.653e-01 1.285e-05 1.012e-05 4.362e-05 -1.000 1.001e-04 -0.253 0.433 -0.101 -0.283 -0.309 -0.303 -0.291
0.0001 -2.19174 9.47712 1.2207906246 2.5097005367    1.199  2.013  3.8008  2.659    4  0.000  0.393     0.00     0.00     0.00     0.00     0.00 -1    -1e-30      0.00 7.346e-01 2.653e-01 1.285e-05 1.012e-05 4.362e-05 -1.000 9.999e-05 -0.262 0.442 -0.097 -0.293 -0.326 -0.323 -0.312
0.0001 -2.19174 9.47712 1.2210774422 2.5097384453    1.200  2.017  3.7962  2.637    4  0.000  0.393     0.00     0.00     0.00     0.00     0.00 -1    -1e-30      0.00 7.346e-01 2.653e-01 1.285e-05 1.012e-05 4.362e-05 -1.000 1.000e-04 -0.271 0.454 -0.091 -0.303 -0.345 -0.346 -0.336
0.0001 -2.19174 9.47712 1.2213556767 2.5097751617    1.200  2.021  3.7915  2.615    4  0.000  0.393     0.00     0.00     0.00     0.00     0.00 -1    -1e-30      0.00 7.346e-01 2.653e-01 1.285e-05 1.012e-05 4.362e-05 -1.000 1.000e-04 -0.281 0.467 -0.085 -0.314 -0.364 -0.369 -0.361
0.0001 -2.19174 9.47712 1.2216371298 2.5098123550    1.200  2.025  3.7865  2.590    4  0.000  0.393     0.00     0.00     0.00     0.00     0.00 -1    -1e-30      0.00 7.346e-01 2.653e-01 1.285e-05 1.013e-05 4.362e-05 -1.000 1.000e-04 -0.292 0.481 -0.077 -0.325 -0.384 -0.393 -0.387
0.0001 -2.19174 9.47712 1.2219240665 2.5098502636    1.200  2.030  3.7815  2.566    4  0.000  0.393     0.00     0.00     0.00     0.00     0.00 -1    -1e-30      0.00 7.346e-01 2.653e-01 1.284e-05 1.013e-05 4.362e-05 -1.000 1.000e-04 -0.304 0.495 -0.071 -0.337 -0.405 -0.418 -0.414
0.0001 -2.19174 9.47712 1.2220586538 2.5098679066    1.201  2.032  3.7785  2.551    4  0.000  0.393     0.00     0.00     0.00     0.00     0.00 -1    -1e-30      0.00 7.346e-01 2.653e-01 1.284e-05 1.013e-05 4.362e-05 -1.000 1.000e-04 -0.311 0.505 -0.067 -0.344 -0.417 -0.433 -0.430
0.0001 -2.19174 9.47712 1.2223389149 2.5099050999    1.201  2.039  3.7720  2.519    4  0.000  0.393     0.00     0.00     0.00     0.00     0.00 -1    -1e-30      0.00 7.346e-01 2.653e-01 1.284e-05 1.013e-05 4.362e-05 -1.000 9.999e-05 -0.326 0.527 -0.059 -0.359 -0.444 -0.466 -0.465
0.0001 -2.19174 9.47712 1.2226191759 2.5099420547    1.201  2.047  3.7647  2.482    4  0.000  0.392     0.00     0.00     0.00     0.00     0.00 -1    -1e-30      0.00 7.346e-01 2.653e-01 1.284e-05 1.013e-05 4.362e-05 -1.000 1.001e-04 -0.347 0.549 -0.053 -0.379 -0.476 -0.505 -0.508
0.0001 -2.19174 9.47712 1.2229007483 2.5099790096    1.201  2.063  3.7529  2.418    4  0.000  0.392     0.00     0.00     0.00     0.00     0.00 -1    -1e-30      0.00 7.346e-01 2.653e-01 1.284e-05 1.014e-05 4.362e-05 -1.000 9.993e-05 -0.387 0.584 -0.048 -0.416 -0.534 -0.575 -0.583
0.0001 -2.19174 9.47712 1.2230725288 2.5100016594    1.202  2.085  3.7403  2.346    4  0.000  0.392     0.00     0.00     0.00     0.00     0.00 -1    -1e-30      0.00 7.346e-01 2.653e-01 1.284e-05 1.014e-05 4.362e-05 -1.000 1.000e-04 -0.442 0.615 -0.054 -0.467 -0.607 -0.661 -0.674
0.0001 -2.19174 9.47712 1.2231416702 2.5100107193    1.202  2.112  3.7308  2.281    4  0.000  0.392     0.00     0.00     0.00     0.00     0.00 -1    -1e-30      0.00 7.346e-01 2.653e-01 1.284e-05 1.014e-05 4.362e-05 -1.000 1.000e-04 -0.509 0.627 -0.083 -0.532 -0.688 -0.753 -0.770
0.0001 -2.19174 9.47712 1.2231608629 2.5100133419    1.202  2.132  3.7263  2.243    4  0.000  0.392     0.00     0.00     0.00     0.00     0.00 -1    -1e-30      0.00 7.346e-01 2.653e-01 1.284e-05 1.014e-05 4.362e-05 -1.000 9.999e-05 -0.559 0.617 -0.114 -0.580 -0.744 -0.814 -0.833
0.0001 -2.19174 9.47712 1.2231621742 2.5100135803    1.202  2.134  3.7259  2.240    4  0.000  0.392     0.00     0.00     0.00     0.00     0.00 -1    -1e-30      0.00 7.346e-01 2.653e-01 1.284e-05 1.014e-05 4.362e-05 -1.000 9.999e-05 -0.564 0.616 -0.117 -0.585 -0.750 -0.820 -0.839
0.0001 -2.19174 9.47712 1.2231622934 2.5100135803    1.202  2.134  3.7259  2.240    7  0.000  0.392     0.00     0.00     0.00     0.00     0.00 -1    -1e-30      0.00 7.346e-01 2.653e-01 1.284e-05 1.014e-05 4.362e-05 -1.000 1.000e-04 -0.564 0.615 -0.117 -0.585 -0.750 -0.820 -0.839
0.0001 -2.19174 9.47712 1.2231652737 2.5100138187    1.202  2.145  3.7245  2.223    7  0.000  0.392     0.00     0.00     0.00     0.00     0.00 -1    -1e-30      0.00 7.346e-01 2.653e-01 1.284e-05 1.014e-05 4.362e-05 -1.000 9.999e-05 -0.593 0.599 -0.140 -0.613 -0.780 -0.852 -0.872
0.0001 -2.19174 9.47712 1.2231717110 2.5100147724    1.202  2.183  3.7212  2.171    7  0.000  0.392     0.00     0.00     0.00     0.00     0.00 -1    -1e-30      0.00 7.346e-01 2.653e-01 1.284e-05 1.014e-05 4.362e-05 -1.000 9.999e-05 -0.688 0.534 -0.221 -0.707 -0.880 -0.955 -0.977
0.0001 -2.19174 9.47712 1.2231777906 2.5100154877    1.202  2.223  3.7184  2.121    7  0.000  0.392     0.00     0.00     0.00     0.00     0.00 -1    -1e-30      0.00 7.346e-01 2.653e-01 1.284e-05 1.014e-05 4.362e-05 -1.000 1.000e-04 -0.787 0.464 -0.307 -0.804 -0.982 -1.060 -1.083
0.0001 -2.19174 9.47712 1.2231875658 2.5100169182    1.202  2.266  3.7158  2.067    7  0.000  0.392     0.00     0.00     0.00     0.00     0.00 -1    -1e-30      0.00 7.346e-01 2.653e-01 1.284e-05 1.014e-05 4.362e-05 -1.000 1.000e-04 -0.894 0.384 -0.403 -0.910 -1.092 -1.174 -1.198
0.0001 -2.19174 9.47712 1.2233474255 2.5100378990    1.202  2.248  3.7169  2.090    7  0.000  0.392     0.00     0.00     0.00     0.00     0.00 -1    -1e-30      0.00 7.346e-01 2.653e-01 1.284e-05 1.014e-05 4.362e-05 -1.000 1.000e-04 -0.849 0.417 -0.363 -0.866 -1.046 -1.127 -1.150
0.0001 -2.19174 9.47712 1.2234492302 2.5100512505    1.202  2.294  3.7137  2.031    7  0.000  0.392     0.00     0.00     0.00     0.00     0.00 -1    -1e-30      0.00 7.346e-01 2.653e-01 1.283e-05 1.014e-05 4.362e-05 -1.000 1.000e-04 -0.964 0.336 -0.463 -0.979 -1.165 -1.249 -1.274
0.0001 -2.19174 9.47712 1.2234510183 2.5100514889    1.202  2.294  3.7136  2.030    7  0.000  0.392     0.00     0.00     0.00     0.00     0.00 -1    -1e-30      0.00 7.346e-01 2.653e-01 1.283e-05 1.014e-05 4.362e-05 -1.000 9.996e-05 -0.966 0.334 -0.465 -0.981 -1.167 -1.251 -1.276
0.0001 -2.19174 9.47712 1.2235568762 2.5100655556    1.202  2.342  3.7107  1.971    7  0.000  0.392     0.00     0.00     0.00     0.00     0.00 -1    -1e-30      0.00 7.345e-01 2.654e-01 1.283e-05 1.014e-05 4.362e-05 -1.000 1.000e-04 -1.085 0.246 -0.571 -1.099 -1.290 -1.378 -1.405
0.0001 -2.19174 9.47712 1.2236484289 2.5100774765    1.202  2.383  3.7084  1.920    7  0.000  0.392     0.00     0.00     0.00     0.00     0.00 -1    -1e-30      0.00 7.345e-01 2.654e-01 1.283e-05 1.014e-05 4.362e-05 -1.000 1.000e-04 -1.188 0.171 -0.662 -1.200 -1.396 -1.486 -1.514
0.0001 -2.19174 9.47712 1.2237304449 2.5100882053    1.202  2.424  3.7062  1.871    7  0.000  0.392     0.00     0.00     0.00     0.00     0.00 -1    -1e-30      0.00 7.345e-01 2.654e-01 1.283e-05 1.014e-05 4.362e-05 -1.000 1.000e-04 -1.291 0.096 -0.753 -1.302 -1.501 -1.594 -1.623
0.0001 -2.19174 9.47712 1.2238045931 2.5100979805    1.203  2.465  3.7041  1.821    7  0.000  0.392     0.00     0.00     0.00     0.00     0.00 -1    -1e-30      0.00 7.345e-01 2.654e-01 1.283e-05 1.014e-05 4.362e-05 -1.000 1.000e-04 -1.394 0.020 -0.845 -1.403 -1.607 -1.702 -1.732
0.0001 -2.19174 9.47712 1.2238718271 2.5101068020    1.203  2.507  3.7019  1.771    7  0.000  0.392     4.45     3.63     2.65     2.01     1.63  4    -1e-30      0.00 7.345e-01 2.654e-01 1.283e-05 1.014e-05 4.362e-05 -1.000 9.999e-05 -1.496 -0.055 -0.936 -1.504 -1.712 -1.810 -1.841
0.0001 -2.19174 9.47712 1.2239320278 2.5101149082    1.203  2.548  3.6999  1.722    7  0.000  0.391     4.93     3.97     2.89     2.19     1.77  4    -1e-30      0.00 7.345e-01 2.654e-01 1.279e-05 1.016e-05 4.362e-05 -1.000 1.000e-04 -1.599 -0.132 -1.028 -1.606 -1.817 -1.918 -1.951
0.0001 -2.19174 9.47712 1.2239860296 2.5101218224    1.203  2.589  3.6978  1.672    7  0.000  0.387     5.46     4.34     3.15     2.39     1.94  4    -1e-30      0.00 7.345e-01 2.654e-01 1.265e-05 1.028e-05 4.362e-05 -1.000 9.996e-05 -1.703 -0.206 -1.120 -1.707 -1.923 -2.026 -2.060
0.0001 -2.19174 9.47712 1.2240329981 2.5101280212    1.203  2.630  3.6957  1.623    7  0.000  0.379     6.05     4.75     3.43     2.60     2.11  4    -1e-30      0.00 7.344e-01 2.655e-01 1.239e-05 1.058e-05 4.362e-05 -1.000 9.999e-05 -1.806 -0.280 -1.211 -1.808 -2.027 -2.133 -2.168
0.0001 -2.19174 9.47712 1.2240756750 2.5101337433    1.203  2.671  3.6936  1.574    7  0.000  0.371     6.69     5.19     3.73     2.84     2.30  4    -1e-30      0.00 7.344e-01 2.655e-01 1.213e-05 1.091e-05 4.362e-05 -1.000 9.996e-05 -1.908 -0.353 -1.301 -1.908 -2.131 -2.240 -2.275
0.0001 -2.19174 9.47712 1.2241148949 2.5101389885    1.203  2.712  3.6916  1.525    7  0.000  0.364     7.40     5.67     4.06     3.09     2.51  4    -1e-30      0.00 7.344e-01 2.655e-01 1.192e-05 1.116e-05 4.362e-05 -1.000 1.000e-04 -2.010 -0.425 -1.390 -2.007 -2.235 -2.346 -2.383
0.0001 -2.19174 9.47712 1.2241516113 2.5101437569    1.203  2.752  3.6896  1.476    7  0.000  0.359     8.18     6.19     4.41     3.37     2.73  4    -1e-30      0.00 7.343e-01 2.656e-01 1.174e-05 1.138e-05 4.362e-05 -1.000 1.000e-04 -2.111 -0.496 -1.479 -2.106 -2.338 -2.451 -2.490
0.0001 -2.19174 9.47712 1.2241860628 2.5101482868    1.203  2.793  3.6875  1.427    7  0.000  0.354     9.05     6.76     4.80     3.67     2.98  4    -1e-30      0.00 7.342e-01 2.657e-01 1.159e-05 1.158e-05 4.361e-05 -1.000 9.993e-05 -2.213 -0.563 -1.566 -2.205 -2.441 -2.557 -2.597
0.0001 -2.19174 9.47712 1.2242180109 2.5101523399    1.203  2.834  3.6854  1.377    7  0.000  0.350    10.02     7.40     5.23     4.00     3.25  4    -1e-30      0.00 7.341e-01 2.658e-01 1.145e-05 1.175e-05 4.360e-05 -1.000 9.999e-05 -2.316 -0.626 -1.653 -2.305 -2.546 -2.665 -2.706
0.0001 -2.19174 9.47712 1.2242466211 2.5101561546    1.203  2.874  3.6833  1.329    7  0.000  0.347    11.07     8.08     5.69     4.36     3.54  3    -1e-30      0.00 7.340e-01 2.659e-01 1.133e-05 1.192e-05 4.355e-05 -1.000 1.001e-04 -2.416 -0.669 -1.736 -2.405 -2.650 -2.772 -2.814
0.0001 -2.19174 9.47712 1.2242746353 2.5101599693    1.203  2.914  3.6813  1.281    7  0.000  0.344    12.22     8.81     6.18     4.74     3.85  3    -1e-30      0.00 7.339e-01 2.660e-01 1.123e-05 1.208e-05 4.348e-05 -1.000 9.999e-05 -2.515 -0.706 -1.815 -2.503 -2.753 -2.878 -2.920
0.0001 -2.19174 9.47712 1.2243025303 2.5101635456    1.203  2.954  3.6792  1.233    7  0.000  0.343    13.50     9.61     6.72     5.16     4.19  3    -1e-30      0.00 7.338e-01 2.661e-01 1.114e-05 1.227e-05 4.335e-05 -1.000 1.001e-04 -2.615 -0.739 -1.893 -2.601 -2.857 -2.984 -3.028
0.0001 -2.19174 9.47712 1.2243301868 2.5101671219    1.203  2.994  3.6771  1.184    7  0.000  0.342    14.91    10.49     7.30     5.61     4.56  3    -1e-30      0.00 7.337e-01 2.662e-01 1.107e-05 1.250e-05 4.319e-05 -1.000 9.996e-05 -2.715 -0.763 -1.969 -2.699 -2.960 -3.090 -3.135
0.0001 -2.19174 9.47712 1.2243576050 2.5101706982    1.203  3.034  3.6749  1.136    7  0.000  0.341    16.49    11.46     7.94     6.11     4.97  3    -1e-30      0.00 7.335e-01 2.664e-01 1.100e-05 1.275e-05 4.300e-05 -1.000 9.996e-05 -2.816 -0.781 -2.042 -2.797 -3.064 -3.198 -3.244
0.0001 -2.19174 9.47712 1.2243835926 2.5101742744    1.203  3.075  3.6727  1.086    7  0.000  0.341    18.28    12.54     8.66     6.67     5.43  3    -1e-30      0.00 7.334e-01 2.665e-01 1.095e-05 1.298e-05 4.281e-05 -1.000 1.000e-04 -2.918 -0.793 -2.114 -2.896 -3.170 -3.307 -3.355
0.0001 -2.19174 9.47712 1.2244058847 2.5101771355    1.203  3.117  3.6703  1.034    7  0.000  0.341    20.33    13.77     9.47     7.31     5.94  3    -1e-30      0.00 7.333e-01 2.666e-01 1.090e-05 1.319e-05 4.265e-05 -1.000 1.000e-04 -3.024 -0.795 -2.185 -2.999 -3.280 -3.421 -3.470
0.0001 -2.19174 9.47712 1.2244234085 2.5101795197    1.203  3.159  3.6680  0.984    7  0.000  0.341    22.56    15.08    10.33     7.98     6.49  2    -1e-30      0.00 7.331e-01 2.668e-01 1.086e-05 1.337e-05 4.250e-05 -1.000 1.000e-04 -3.127 -0.789 -2.251 -3.097 -3.387 -3.531 -3.581
0.0001 -2.19174 9.47712 1.2244439125 2.5101821423    1.203  3.209  3.6651  0.922    7  0.000  0.341    25.61    16.85    11.48     8.89     7.23  2    -1e-30      0.00 7.330e-01 2.669e-01 1.083e-05 1.352e-05 4.237e-05 -1.000 1.001e-04 -3.252 -0.765 -2.323 -3.215 -3.516 -3.666 -3.718
0.0001 -2.19174 9.47712 1.2244578600 2.5101840496    1.203  3.250  3.6626  0.871    7  0.000  0.341    28.48    18.50    12.56     9.73     7.92  2    -1e-30      0.00 7.329e-01 2.670e-01 1.080e-05 1.364e-05 4.227e-05 -1.000 9.999e-05 -3.356 -0.726 -2.375 -3.312 -3.623 -3.778 -3.832
0.0001 -2.19174 9.47712 1.2244648933 2.5101850033    1.203  3.334  3.6575  0.766    7  0.000  0.341    35.29    22.33    15.03    11.68     9.51  2    -1e-30      0.00 7.328e-01 2.671e-01 1.079e-05 1.368e-05 4.223e-05 -1.000 9.996e-05 -3.565 -0.636 -2.469 -3.502 -3.838 -4.003 -4.061
0.0001 -2.19174 9.47712 1.2244654894 2.5101850033    1.203  3.377  3.6548  0.713    7  0.000  0.341    39.41    24.60    16.48    12.83    10.45  2    -1e-30      0.00 7.325e-01 2.674e-01 1.071e-05 1.406e-05 4.192e-05 -1.000 9.999e-05 -3.672 -0.637 -2.528 -3.596 -3.943 -4.114 -4.174
0.0001 -2.19174 9.47712 1.2244669199 2.5101852417    1.203  3.416  3.6522  0.663    7  0.000  0.341    43.71    26.94    17.98    14.01    11.41  2    -1e-30      0.00 7.323e-01 2.676e-01 1.069e-05 1.417e-05 4.183e-05 -1.000 9.996e-05 -3.771 -0.634 -2.580 -3.683 -4.041 -4.217 -4.280
0.0001 -2.19174 9.47712 1.2244700193 2.5101854801    1.203  3.454  3.6498  0.616    7  0.000  0.341    48.14    29.32    19.49    15.21    12.39  2    -1e-30      0.00 7.322e-01 2.677e-01 1.067e-05 1.424e-05 4.177e-05 -1.000 9.996e-05 -3.864 -0.632 -2.628 -3.765 -4.133 -4.314 -4.378
0.0001 -2.19174 9.47712 1.2244724035 2.5101859570    1.203  3.464  3.6491  0.603    7  0.554  0.341    49.43    30.01    19.93    15.55    12.67  2    -1e-30      0.00 7.322e-01 2.677e-01 1.067e-05 1.425e-05 4.176e-05 -1.000 9.996e-05 -3.890 -0.631 -2.641 -3.786 -4.157 -4.340 -4.405
0.0001 -2.19174 9.47712 1.2244728804 2.5101859570    1.203  3.464  3.6491  0.603    7  0.554  0.341    49.46    30.03    19.94    15.56    12.68  2    -1e-30      0.00 7.322e-01 2.677e-01 1.067e-05 1.425e-05 4.176e-05 -1.000 1.000e-04 -3.891 -0.632 -2.642 -3.787 -4.158 -4.341 -4.406
0.0001 -2.19174 9.47712 1.2244729996 2.5101859570    1.203  3.464  3.6481  0.599    8  0.554  0.359    49.88    30.25    20.08    15.68    12.77  2 -5.89e-07      0.00 7.322e-01 2.678e-01 1.131e-05 1.426e-05 4.198e-05 -1.000 2.557e-05 -3.891 -0.604 -2.627 -3.782 -4.156 -4.341 -4.407
0.0001 -2.19174 9.47712 1.2244731188 2.5101859570    1.202  3.354  3.6552  0.737    8  0.554  0.359    37.52    23.56    15.82    12.30    10.02  2 -3.75e-07      0.00 7.322e-01 2.678e-01 1.131e-05 1.426e-05 4.198e-05 -1.000 2.557e-05 -3.615 -0.607 -2.482 -3.542 -3.886 -4.056 -4.116
0.0001 -2.19174 9.47712 1.2244732380 2.5101859570    1.201  3.251  3.6617  0.866    8  0.554  0.359    28.76    18.66    12.66     9.81     7.99  2 -2.51e-07      0.00 7.322e-01 2.678e-01 1.131e-05 1.426e-05 4.198e-05 -1.000 2.563e-05 -3.358 -0.683 -2.360 -3.311 -3.626 -3.782 -3.837
0.0001 -2.19174 9.47712 1.2244734764 2.5101859570    1.200  2.986  3.6785  1.197    8  0.554  0.359    14.53    10.25     7.14     5.49     4.46  3 -9.87e-08      0.00 7.322e-01 2.678e-01 1.131e-05 1.426e-05 4.198e-05 -1.000 2.557e-05 -2.696 -0.791 -1.965 -2.681 -2.939 -3.067 -3.111
0.0001 -2.19174 9.47712 1.2244738340 2.5101859570    1.197  2.989  3.6782  1.192    8  0.554  0.359    14.66    10.34     7.20     5.53     4.50  3 -9.97e-08      0.00 7.322e-01 2.678e-01 1.131e-05 1.426e-05 4.198e-05 -1.000 2.557e-05 -2.702 -0.788 -1.969 -2.688 -2.946 -3.075 -3.119
0.0001 -2.19174 9.47712 1.2244743109 2.5101861954    1.194  3.030  3.6754  1.139    8  0.554  0.359    16.35    11.37     7.89     6.07     4.94  3 -1.14e-07      0.00 7.322e-01 2.678e-01 1.131e-05 1.426e-05 4.198e-05 -1.000 2.557e-05 -2.805 -0.789 -2.038 -2.787 -3.053 -3.186 -3.232
0.0001 -2.19174 9.47712 1.2244750261 2.5101861954    1.189  3.174  3.6661  0.956    8  0.554  0.359    23.80    15.81    10.80     8.35     6.80  3  -1.9e-07      0.00 7.322e-01 2.678e-01 1.131e-05 1.426e-05 4.198e-05 -1.000 2.557e-05 -3.164 -0.736 -2.257 -3.130 -3.427 -3.574 -3.626
0.0001 -2.19174 9.47712 1.2244757414 2.5101861954    1.184  3.318  3.6567  0.772    8  0.554  0.359    34.73    22.02    14.82    11.52     9.38  2 -3.29e-07      0.00 7.322e-01 2.678e-01 1.131e-05 1.426e-05 4.198e-05 -1.000 2.560e-05 -3.525 -0.580 -2.421 -3.459 -3.797 -3.964 -4.022
0.0001 -2.19174 9.47712 1.2244765759 2.5101864338    1.179  3.418  3.6501  0.644    8  0.554  0.359    45.15    27.70    18.45    14.40    11.73  2 -4.95e-07      0.00 7.322e-01 2.678e-01 1.131e-05 1.426e-05 4.198e-05 -1.000 2.560e-05 -3.774 -0.570 -2.550 -3.676 -4.042 -4.222 -4.286
0.0001 -2.19174 9.47712 1.2244775295 2.5101864338    1.172  3.471  3.6464  0.574    8  0.554  0.359    52.16    31.44    20.82    16.28    13.26  2 -6.24e-07      0.00 7.322e-01 2.678e-01 1.131e-05 1.426e-05 4.198e-05 -1.000 2.557e-05 -3.908 -0.560 -2.614 -3.790 -4.171 -4.359 -4.426
0.0001 -2.19174 9.47712 1.2244787216 2.5101866722    1.165  3.495  3.6446  0.539    8  0.555  0.359    55.91    33.40    22.05    17.26    14.07  2 -6.98e-07      0.00 7.322e-01 2.678e-01 1.131e-05 1.426e-05 4.198e-05 -1.000 2.557e-05 -3.968 -0.547 -2.638 -3.839 -4.229 -4.421 -4.490
0.0001 -2.19174 9.47712 1.2244799137 2.5101869106    1.156  3.507  3.6435  0.520    8  0.555  0.359    58.10    34.53    22.76    17.83    14.53  1 -7.41e-07      0.00 7.322e-01 2.678e-01 1.131e-05 1.426e-05 4.198e-05 -1.000 2.557e-05 -3.998 -0.534 -2.645 -3.862 -4.257 -4.452 -4.522
0.0001 -2.19174 9.47712 1.2244800329 2.5101869106    1.156  3.454  3.6468  0.586    8  0.555  0.359    50.68    30.64    20.31    15.88    12.94  2 -5.91e-07      0.00 7.322e-01 2.678e-01 1.131e-05 1.426e-05 4.198e-05 -1.000 2.563e-05 -3.866 -0.536 -2.580 -3.750 -4.129 -4.316 -4.383
0.0001 -2.19174 9.47712 1.2244802713 2.5101869106    1.154  3.298  3.6566  0.780    8  0.555  0.359    33.89    21.54    14.51    11.29     9.19  2 -3.13e-07      0.00 7.322e-01 2.678e-01 1.131e-05 1.426e-05 4.198e-05 -1.000 2.557e-05 -3.476 -0.535 -2.373 -3.410 -3.747 -3.914 -3.972
0.0001 -2.19174 9.47712 1.2244806290 2.5101869106    1.151  3.035  3.6733  1.110    8  0.555  0.359    17.14    11.87     8.21     6.33     5.14  3 -1.19e-07      0.00 7.322e-01 2.678e-01 1.131e-05 1.426e-05 4.198e-05 -1.000 2.557e-05 -2.817 -0.721 -2.023 -2.796 -3.067 -3.203 -3.250
0.0001 -2.19174 9.47712 1.2244812250 2.5101871490    1.147  3.038  3.6729  1.103    8  0.555  0.359    17.36    12.00     8.30     6.40     5.20  3 -1.21e-07      0.00 7.322e-01 2.678e-01 1.131e-05 1.426e-05 4.198e-05 -1.000 2.557e-05 -2.826 -0.714 -2.026 -2.804 -3.077 -3.214 -3.261
0.0001 -2.19174 9.47712 1.2244819403 2.5101871490    1.142  3.081  3.6700  1.047    8  0.555  0.359    19.47    13.27     9.13     7.05     5.73  3  -1.4e-07      0.00 7.322e-01 2.678e-01 1.131e-05 1.426e-05 4.198e-05 -1.000 2.563e-05 -2.932 -0.697 -2.091 -2.906 -3.188 -3.329 -3.378
0.0001 -2.19174 9.47712 1.2244828939 2.5101871490    1.136  3.225  3.6606  0.863    8  0.555  0.359    28.44    18.49    12.53     9.73     7.92  2 -2.39e-07      0.00 7.322e-01 2.678e-01 1.131e-05 1.426e-05 4.198e-05 -1.000 2.563e-05 -3.292 -0.563 -2.274 -3.242 -3.562 -3.720 -3.775
0.0001 -2.19174 9.47712 1.2244839668 2.5101873875    1.129  3.370  3.6510  0.677    8  0.556  0.359    41.69    25.81    17.23    13.45    10.95  2 -4.25e-07      0.00 7.322e-01 2.678e-01 1.131e-05 1.426e-05 4.198e-05 -1.000 2.554e-05 -3.654 -0.497 -2.451 -3.561 -3.921 -4.100 -4.163
0.0001 -2.19174 9.47712 1.2244852781 2.5101876259    1.120  3.470  3.6443  0.547    8  0.556  0.359    54.52    32.62    21.55    16.88    13.75  2 -6.54e-07      0.00 7.322e-01 2.678e-01 1.131e-05 1.426e-05 4.198e-05 -1.000 2.554e-05 -3.905 -0.483 -2.573 -3.774 -4.164 -4.357 -4.426
0.0001 -2.19174 9.47712 1.2244867086 2.5101878643    1.111  3.525  3.6404  0.472    8  0.556  0.359    63.50    37.25    24.45    19.20    15.65  1 -8.41e-07      0.00 7.322e-01 2.678e-01 1.131e-05 1.426e-05 4.198e-05 -1.000 2.551e-05 -4.042 -0.464 -2.627 -3.888 -4.297 -4.499 -4.571
0.0001 -2.19174 9.47712 1.2244883776 2.5101878643    1.100  3.552  3.6382  0.433    8  0.556  0.359    68.73    39.90    26.10    20.53    16.73  1 -9.58e-07      0.00 7.322e-01 2.678e-01 1.131e-05 1.426e-05 4.198e-05 -1.000 2.557e-05 -4.109 -0.448 -2.644 -3.938 -4.359 -4.566 -4.641
0.0001 -2.19174 9.47712 1.2244901657 2.5101881027    1.088  3.566  3.6368  0.407    8  0.557  0.359    72.24    41.64    27.19    21.40    17.44  1 -1.04e-06      0.00 7.322e-01 2.678e-01 1.131e-05 1.426e-05 4.198e-05 -1.000 2.557e-05 -4.146 -0.432 -2.648 -3.964 -4.392 -4.604 -4.680
0.0001 -2.19174 9.47712 1.2244902849 2.5101881027    1.087  3.518  3.6398  0.467    8  0.557  0.359    63.84    37.39    24.53    19.28    15.70  1 -8.39e-07      0.00 7.322e-01 2.678e-01 1.131e-05 1.426e-05 4.198e-05 -1.000 2.557e-05 -4.026 -0.429 -2.600 -3.868 -4.279 -4.483 -4.556
0.0001 -2.19174 9.47712 1.2244905233 2.5101883411    1.086  3.363  3.6496  0.661    8  0.557  0.359    42.70    26.33    17.55    13.72    11.17  2 -4.33e-07      0.00 7.322e-01 2.678e-01 1.131e-05 1.426e-05 4.198e-05 -1.000 2.563e-05 -3.639 -0.434 -2.413 -3.539 -3.905 -4.086 -4.150
0.0001 -2.19174 9.47712 1.2244908810 2.5101883411    1.083  3.100  3.6663  0.990    8  0.557  0.359    21.55    14.51     9.93     7.70     6.26  3 -1.57e-07      0.00 7.322e-01 2.678e-01 1.131e-05 1.426e-05 4.198e-05 -1.000 2.554e-05 -2.980 -0.577 -2.081 -2.946 -3.240 -3.388 -3.439
0.0001 -2.19174 9.47712 1.2244914770 2.5101883411    1.079  3.104  3.6659  0.983    8  0.557  0.359    21.84    14.68    10.04     7.79     6.33  3  -1.6e-07      0.00 7.322e-01 2.678e-01 1.131e-05 1.426e-05 4.198e-05 -1.000 2.554e-05 -2.989 -0.566 -2.083 -2.954 -3.250 -3.398 -3.450
0.0001 -2.19174 9.47712 1.2244923115 2.5101885796    1.074  3.146  3.6630  0.926    8  0.557  0.359    24.52    16.24    11.06     8.59     6.98  2 -1.87e-07      0.00 7.322e-01 2.678e-01 1.131e-05 1.426e-05 4.198e-05 -1.000 2.554e-05 -3.096 -0.516 -2.133 -3.053 -3.361 -3.514 -3.568
0.0001 -2.19174 9.47712 1.2244932652 2.5101885796    1.067  3.289  3.6536  0.744    8  0.557  0.359    35.76    22.55    15.13    11.81     9.61  2 -3.26e-07      0.00 7.322e-01 2.678e-01 1.131e-05 1.426e-05 4.198e-05 -1.000 2.560e-05 -3.452 -0.409 -2.300 -3.371 -3.720 -3.893 -3.954
0.0001 -2.19174 9.47712 1.2244944572 2.5101888180    1.059  3.431  3.6442  0.561    8  0.558  0.359    52.25    31.37    20.73    16.26    13.24  1 -5.92e-07      0.00 7.322e-01 2.678e-01 1.131e-05 1.426e-05 4.198e-05 -1.000 2.560e-05 -3.808 -0.394 -2.480 -3.678 -4.067 -4.260 -4.329
0.0001 -2.19174 9.47712 1.2244957685 2.5101890564    1.051  3.530  3.6375  0.431    8  0.558  0.359    68.21    39.53    25.85    20.36    16.58  1 -9.23e-07      0.00 7.322e-01 2.678e-01 1.131e-05 1.426e-05 4.198e-05 -1.000 2.557e-05 -4.055 -0.377 -2.580 -3.881 -4.303 -4.512 -4.588
0.0001 -2.19174 9.47712 1.2244973183 2.5101890564    1.041  3.585  3.6336  0.357    8  0.558  0.359    79.40    45.08    29.30    23.13    18.84  1  -1.2e-06      0.00 7.322e-01 2.678e-01 1.131e-05 1.426e-05 4.198e-05 -1.000 2.557e-05 -4.191 -0.364 -2.622 -3.986 -4.430 -4.650 -4.729
0.0001 -2.19174 9.47712 1.2244991064 2.5101892948    1.030  3.611  3.6315  0.318    8  0.559  0.359    86.00    48.28    31.27    24.72    20.14  1 -1.37e-06      0.00 7.322e-01 2.678e-01 1.131e-05 1.426e-05 4.198e-05 -1.000 2.554e-05 -4.257 -0.349 -2.635 -4.035 -4.491 -4.717 -4.798
0.0001 -2.19174 9.47712 1.2245010138 2.5101895332    1.018  3.625  3.6300  0.292    8  0.559  0.359    90.49    50.41    32.58    25.78    21.01  1 -1.49e-06      0.00 7.322e-01 2.678e-01 1.131e-05 1.426e-05 4.198e-05 -1.000 2.560e-05 -4.294 -0.332 -2.636 -4.060 -4.524 -4.754 -4.837
0.0001 -2.19174 9.47712 1.2245011330 2.5101895332    1.015  3.583  3.6326  0.344    8  0.559  0.359    81.27    45.92    29.80    23.55    19.18  1 -1.23e-06      0.00 7.322e-01 2.678e-01 1.131e-05 1.426e-05 4.198e-05 -1.000 2.560e-05 -4.188 -0.327 -2.596 -3.975 -4.425 -4.647 -4.727
0.0001 -2.19174 9.47712 1.2245017290 2.5101897717    1.005  3.429  3.6421  0.531    8  0.559  0.360    54.82    32.62    21.49    16.91    13.76  1 -6.27e-07      0.00 7.322e-01 2.678e-01 1.132e-05 1.426e-05 4.198e-05 -1.000 2.560e-05 -3.803 -0.315 -2.436 -3.661 -4.059 -4.256 -4.327
0.0001 -2.19174 9.47712 1.2245026827 2.5101897717    0.989  3.167  3.6584  0.852    8  0.559  0.360    27.94    18.18    12.29     9.59     7.80  2 -2.19e-07      0.00 7.322e-01 2.678e-01 1.133e-05 1.426e-05 4.198e-05 -1.000 2.566e-05 -3.147 -0.309 -2.087 -3.089 -3.417 -3.579 -3.636
0.0001 -2.19174 9.47712 1.2245039940 2.5101900101    0.967  3.171  3.6574  0.834    8  0.560  0.361    28.85    18.69    12.61     9.86     8.01  2 -2.28e-07      0.00 7.322e-01 2.678e-01 1.135e-05 1.426e-05 4.199e-05 -1.000 2.566e-05 -3.158 -0.273 -2.078 -3.095 -3.428 -3.592 -3.650
0.0001 -2.19174 9.47712 1.2245056629 2.5101902485    0.939  3.215  3.6537  0.763    8  0.560  0.361    33.25    21.10    14.16    11.09     9.01  2  -2.8e-07      0.00 7.322e-01 2.678e-01 1.138e-05 1.426e-05 4.199e-05 -1.000 2.563e-05 -3.267 -0.238 -2.121 -3.187 -3.535 -3.707 -3.768
0.0001 -2.19174 9.47712 1.2245078087 2.5101904869    0.905  3.356  3.6434  0.565    8  0.561  0.362    49.88    29.88    19.72    15.55    12.65  1 -5.24e-07      0.00 7.322e-01 2.678e-01 1.141e-05 1.426e-05 4.199e-05 -1.000 2.569e-05 -3.619 -0.190 -2.281 -3.485 -3.876 -4.070 -4.140
0.0001 -2.19174 9.47712 1.2245103121 2.5101909637    0.867  3.495  3.6331  0.365    8  0.562  0.363    75.30    42.44    27.54    21.87    17.79  1 -1.03e-06      0.00 7.322e-01 2.678e-01 1.144e-05 1.426e-05 4.199e-05 -1.000 2.572e-05 -3.969 -0.135 -2.395 -3.761 -4.206 -4.426 -4.506
0.0001 -2.19174 9.47712 1.2245131731 2.5101912022    0.824  3.592  3.6254  0.216    8  0.562  0.365   102.15    54.84    35.14    28.06    22.83  1 -1.75e-06      0.00 7.322e-01 2.678e-01 1.148e-05 1.426e-05 4.200e-05 -1.000 2.572e-05 -4.210 -0.097 -2.435 -3.933 -4.425 -4.668 -4.756
0.0001 -2.19174 9.47712 1.2245165110 2.5101916790    0.778  3.645  3.6206  0.119    8  0.563  0.366   124.33    64.40    40.92    32.82    26.70  1 -2.47e-06      0.00 7.322e-01 2.678e-01 1.153e-05 1.426e-05 4.200e-05 -1.000 2.581e-05 -4.342 -0.060 -2.430 -4.016 -4.540 -4.798 -4.892
0.0001 -2.19174 9.47712 1.2245203257 2.5101921558    0.729  3.670  3.6177  0.053    8  0.564  0.368   137.49    71.30    45.03    36.26    29.49  1 -3.12e-06      0.00 7.322e-01 2.678e-01 1.159e-05 1.426e-05 4.200e-05 -1.000 2.587e-05 -4.406 -0.016 -2.407 -4.048 -4.592 -4.860 -4.958
0.0001 -2.19174 9.47712 1.2245244980 2.5101926327    0.678  3.685  3.6156 -0.001    8  0.565  0.370   145.67    77.19    48.49    39.20    31.87  0  -3.8e-06      0.00 7.322e-01 2.678e-01 1.164e-05 1.426e-05 4.201e-05 -1.000 2.593e-05 -4.442 0.025 -2.376 -4.059 -4.620 -4.896 -4.996
0.0001 -2.19174 9.47712 1.2245341539 2.5101940632    0.568 -9.999  4.0000  1.616    9  0.568  0.000     0.00     0.00     0.00     0.00     0.00 -1    -1e-30      0.00 7.322e-01 2.678e-01 1.179e-05 1.426e-05 4.202e-05 -1.000 2.608e-05 29.767 30.114 29.975 30.253 30.481 30.559 30.648
#isochrone terminated
