# File generated by CMD 3.6 (http://stev.oapd.inaf.it/cmd) on Thu Apr 21 18:00:43 CEST 2022
# isochrones based on PARSEC release v1.2S +  COLIBRI S_37 + S_35 + PR16
# Basic references: Bressan et al. (2012), MNRAS, 427, 127 + Chen et al. (2014, 2015), MNRAS, 444, 2525 + MNRAS, 452, 1068 + Tang et al. (2014), MNRAS, 445, 4287 + Marigo et al. (2017), ApJ, 835, 77 + Pastorelli al. (2019), MNRAS, 485, 5666 + Pastorelli al. (2020), MNRAS, in press
# Thermal pulse cycles included 
# On RGB, assumed Reimers mass loss with efficiency eta=0.2
# LPV periods and growth rates added cf. Trabucchi et al. (2019)
# but fundamental-mode LPV periods are from Trabucchi et al. (2021)
# Photometric system: DECAM (ABmags)
# Using YBC version of bolometric corrections as in Chen et al. (2019)
# O-rich circumstellar dpmod60alox40 dust from Groenewegen (2006)
# C-rich circumstellar AMCSIC15 dust from Groenewegen (2006)
# IMF: Kroupa (2001, 2002) + Kroupa et al. (2013) canonical two-part-power law IMF corrected for unresolved binaries 
# Kind of output: isochrone tables
# Zini     MH   logAge Mini        int_IMF         Mass   logL    logTe  logg  label   McoreTP C_O  period0  period1  period2  period3  period4  pmode  Mloss  tau1m   X   Y   Xc  Xn  Xo  Cexcess  Z 	 mbolmag  umag    gmag    rmag    imag    zmag    Ymag
0.001 -1.19029 10.00000 0.0900000036 1.0816895962    0.090 -3.213  3.4567  5.384    1  0.000  0.545     0.00     0.00     0.00     0.00     0.00 -1 -5.22e-17      0.00 7.471e-01 2.519e-01 1.798e-04 4.851e-05 4.400e-04 -1.000 1.000e-03 12.802 18.020 16.756 14.892 12.866 12.189 12.061
0.001 -1.19029 10.00000 0.0984169468 1.1577448845    0.098 -2.996  3.4875  5.329    1  0.000  0.545     0.00     0.00     0.00     0.00     0.00 -1 -8.75e-17      0.00 7.461e-01 2.529e-01 1.798e-04 4.851e-05 4.400e-04 -1.000 9.999e-04 12.261 17.369 15.515 13.705 12.206 11.678 11.556
0.001 -1.19029 10.00000 0.1000000015 1.1711064577    0.100 -2.958  3.4931  5.320    1  0.000  0.545     0.00     0.00     0.00     0.00     0.00 -1 -9.59e-17      0.00 7.459e-01 2.531e-01 1.798e-04 4.851e-05 4.400e-04 -1.000 1.000e-03 12.164 17.233 15.301 13.507 12.093 11.588 11.467
0.001 -1.19029 10.00000 0.1045034155 1.2076604366    0.104 -2.889  3.5010  5.302    1  0.000  0.545     0.00     0.00     0.00     0.00     0.00 -1 -1.12e-16      0.00 7.454e-01 2.536e-01 1.798e-04 4.851e-05 4.400e-04 -1.000 1.000e-03 11.993 16.993 14.967 13.201 11.900 11.425 11.306
0.001 -1.19029 10.00000 0.1199999973 1.3193154335    0.120 -2.674  3.5258  5.246    1  0.000  0.545     0.00     0.00     0.00     0.00     0.00 -1 -1.83e-16      0.00 7.440e-01 2.550e-01 1.798e-04 4.851e-05 4.400e-04 -1.000 1.000e-03 11.455 16.144 13.961 12.297 11.306 10.913 10.801
0.001 -1.19029 10.00000 0.1400000006 1.4384527206    0.140 -2.493  3.5421  5.197    1  0.000  0.545     0.00     0.00     0.00     0.00     0.00 -1 -2.72e-16      0.00 7.426e-01 2.564e-01 1.798e-04 4.851e-05 4.400e-04 -1.000 1.000e-03 11.002 15.427 13.241 11.656 10.824 10.475 10.367
0.001 -1.19029 10.00000 0.1599999964 1.5372931957    0.160 -2.354  3.5525  5.158    1  0.000  0.545     0.00     0.00     0.00     0.00     0.00 -1 -3.67e-16      0.00 7.414e-01 2.576e-01 1.798e-04 4.851e-05 4.400e-04 -1.000 1.000e-03 10.655 14.897 12.737 11.206 10.463 10.137 10.033
0.001 -1.19029 10.00000 0.2000000179 1.6938792467    0.200 -2.135  3.5667  5.092    1  0.000  0.545     0.00     0.00     0.00     0.00     0.00 -1 -5.86e-16      0.00 7.401e-01 2.589e-01 1.798e-04 4.851e-05 4.400e-04 -1.000 1.000e-03 10.107 14.084 11.991 10.535 9.899 9.603 9.505
0.001 -1.19029 10.00000 0.2500000000 1.8403258324    0.250 -1.930  3.5779  5.029    1  0.000  0.545     0.00     0.00     0.00     0.00     0.00 -1 -6.47e-16      0.00 7.397e-01 2.593e-01 1.798e-04 4.851e-05 4.400e-04 -1.000 1.000e-03 9.595 13.365 11.334 9.943 9.377 9.101 9.007
0.001 -1.19029 10.00000 0.3000000417 1.9529141188    0.300 -1.772  3.5864  4.984    1  0.000  0.545     0.00     0.00     0.00     0.00     0.00 -1 -1.25e-15      0.00 7.398e-01 2.592e-01 1.798e-04 4.851e-05 4.400e-04 -1.000 1.000e-03 9.200 12.814 10.838 9.499 8.975 8.714 8.624
0.001 -1.19029 10.00000 0.3499999940 2.0434174538    0.350 -1.644  3.5935  4.952    1  0.000  0.545     0.00     0.00     0.00     0.00     0.00 -1 -1.61e-15      0.00 7.482e-01 2.508e-01 1.798e-04 4.851e-05 4.400e-04 -1.000 9.999e-04 8.879 12.367 10.435 9.142 8.649 8.399 8.313
0.001 -1.19029 10.00000 0.4000000060 2.1185026169    0.400 -1.494  3.6045  4.904    1  0.000  0.545     0.00     0.00     0.00     0.00     0.00 -1 -2.25e-15      0.00 7.489e-01 2.501e-01 1.798e-04 4.851e-05 4.400e-04 -1.000 1.000e-03 8.506 11.813 9.943 8.721 8.268 8.035 7.955
0.001 -1.19029 10.00000 0.4500000179 2.1822810173    0.450 -1.319  3.6216  4.848    1  0.000  0.545     0.00     0.00     0.00     0.00     0.00 -1 -3.38e-15      0.00 7.489e-01 2.501e-01 1.798e-04 4.851e-05 4.400e-04 -1.000 1.000e-03 8.067 11.113 9.328 8.218 7.820 7.614 7.542
0.001 -1.19029 10.00000 0.5000000000 2.2374541759    0.500 -1.118  3.6496  4.805    1  0.000  0.545     0.00     0.00     0.00     0.00     0.00 -1 -5.37e-15      0.00 7.489e-01 2.501e-01 1.798e-04 4.851e-05 4.400e-04 -1.000 1.000e-03 7.564 10.203 8.553 7.626 7.309 7.146 7.087
0.001 -1.19029 10.00000 0.5500000715 2.2836585045    0.550 -0.902  3.6803  4.753    1  0.000  0.544     0.00     0.00     0.00     0.00     0.00 -1 -8.92e-15      0.00 7.778e-01 2.213e-01 1.605e-04 4.333e-05 3.931e-04 -1.000 9.000e-04 7.025 9.157 7.745 7.007 6.766 6.648 6.605
0.001 -1.19029 10.00000 0.6000000238 2.3211214542    0.600 -0.703  3.7078  4.702    1  0.000  0.544     0.00     0.00     0.00     0.00     0.00 -1 -1.43e-14      0.00 7.856e-01 2.136e-01 1.556e-04 4.201e-05 3.813e-04 -1.000 8.324e-04 6.527 8.219 7.069 6.466 6.274 6.191 6.164
0.001 -1.19029 10.00000 0.6117599010 2.3289160728    0.611 -0.655  3.7152  4.692    1  0.000  0.544     0.00     0.00     0.00     0.00     0.00 -1  -1.6e-14      0.00 7.876e-01 2.115e-01 1.543e-04 4.167e-05 3.783e-04 -1.000 8.681e-04 6.407 7.998 6.912 6.339 6.159 6.085 6.061
0.001 -1.19029 10.00000 0.6281669736 2.3392322063    0.628 -0.588  3.7253  4.677    1  0.000  0.544     0.00     0.00     0.00     0.00     0.00 -1 -1.88e-14      0.00 7.905e-01 2.086e-01 1.525e-04 4.119e-05 3.739e-04 -1.000 8.764e-04 6.240 7.700 6.697 6.165 6.001 5.939 5.920
0.001 -1.19029 10.00000 0.6436324120 2.3484044075    0.643 -0.525  3.7347  4.662    1  0.000  0.543     0.00     0.00     0.00     0.00     0.00 -1 -2.18e-14      0.00 7.933e-01 2.058e-01 1.506e-04 4.071e-05 3.697e-04 -1.000 8.612e-04 6.082 7.434 6.502 6.004 5.854 5.802 5.788
0.001 -1.19029 10.00000 0.6499999762 2.3520355225    0.650 -0.499  3.7385  4.656    1  0.000  0.543     0.00     0.00     0.00     0.00     0.00 -1 -2.32e-14      0.00 7.945e-01 2.046e-01 1.499e-04 4.051e-05 3.678e-04 -1.000 9.000e-04 6.017 7.327 6.424 5.939 5.794 5.745 5.734
0.001 -1.19029 10.00000 0.6527972221 2.3536047935    0.653 -0.488  3.7400  4.652    1  0.000  0.543     0.00     0.00     0.00     0.00     0.00 -1 -2.38e-14      0.00 7.952e-01 2.039e-01 1.495e-04 4.040e-05 3.669e-04 -1.000 8.969e-04 5.989 7.282 6.390 5.910 5.768 5.720 5.709
0.001 -1.19029 10.00000 0.6693354249 2.3625757694    0.669 -0.420  3.7489  4.631    1  0.000  0.543     0.00     0.00     0.00     0.00     0.00 -1 -2.82e-14      0.00 7.991e-01 2.001e-01 1.471e-04 3.975e-05 3.611e-04 -1.000 8.147e-04 5.820 7.021 6.189 5.743 5.615 5.577 5.570
0.001 -1.19029 10.00000 0.6846888661 2.3704595566    0.685 -0.357  3.7569  4.610    1  0.000  0.543     0.00     0.00     0.00     0.00     0.00 -1  -3.3e-14      0.00 8.029e-01 1.963e-01 1.447e-04 3.911e-05 3.553e-04 -1.000 8.000e-04 5.662 6.785 6.005 5.590 5.474 5.445 5.442
0.001 -1.19029 10.00000 0.6988106370 2.3773603439    0.699 -0.298  3.7641  4.589    1  0.000  0.542     0.00     0.00     0.00     0.00     0.00 -1 -3.83e-14      0.00 8.067e-01 1.925e-01 1.422e-04 3.848e-05 3.496e-04 -1.000 8.001e-04 5.516 6.575 5.837 5.448 5.344 5.322 5.322
0.001 -1.19029 10.00000 0.6999999881 2.3779268265    0.700 -0.293  3.7646  4.587    1  0.000  0.542     0.00     0.00     0.00     0.00     0.00 -1 -3.88e-14      0.00 8.070e-01 1.922e-01 1.420e-04 3.843e-05 3.492e-04 -1.000 8.000e-04 5.503 6.557 5.823 5.436 5.333 5.312 5.311
0.001 -1.19029 10.00000 0.7093803287 2.3823189735    0.709 -0.253  3.7691  4.571    1  0.000  0.541     0.00     0.00     0.00     0.00     0.00 -1 -4.31e-14      0.00 8.102e-01 1.890e-01 1.397e-04 3.788e-05 3.443e-04 -1.000 8.000e-04 5.403 6.420 5.711 5.340 5.244 5.227 5.228
0.001 -1.19029 10.00000 0.7197085619 2.3870029449    0.719 -0.209  3.7739  4.551    1  0.000  0.539     0.00     0.00     0.00     0.00     0.00 -1 -4.85e-14      0.00 8.139e-01 1.853e-01 1.369e-04 3.725e-05 3.387e-04 -1.000 7.875e-04 5.291 6.271 5.587 5.234 5.144 5.132 5.136
0.001 -1.19029 10.00000 0.7294663787 2.3912885189    0.729 -0.166  3.7782  4.531    1  0.000  0.537     0.00     0.00     0.00     0.00     0.00 -1 -5.44e-14      0.00 8.176e-01 1.816e-01 1.343e-04 3.661e-05 3.332e-04 -1.000 7.573e-04 5.184 6.129 5.468 5.131 5.048 5.041 5.046
0.001 -1.19029 10.00000 0.7387537956 2.3952465057    0.738 -0.124  3.7822  4.511    1  0.000  0.536     0.00     0.00     0.00     0.00     0.00 -1 -6.09e-14      0.00 8.214e-01 1.779e-01 1.316e-04 3.597e-05 3.275e-04 -1.000 7.219e-04 5.079 5.998 5.353 5.031 4.954 4.951 4.957
0.001 -1.19029 10.00000 0.7477690578 2.3989808559    0.747 -0.082  3.7860  4.490    1  0.000  0.534     0.00     0.00     0.00     0.00     0.00 -1 -6.82e-14      0.00 8.252e-01 1.741e-01 1.289e-04 3.531e-05 3.216e-04 -1.000 7.000e-04 4.975 5.871 5.241 4.931 4.860 4.860 4.868
0.001 -1.19029 10.00000 0.7500000000 2.3998889923    0.750 -0.072  3.7869  4.484    1  0.000  0.534     0.00     0.00     0.00     0.00     0.00 -1 -7.03e-14      0.00 8.262e-01 1.731e-01 1.282e-04 3.514e-05 3.201e-04 -1.000 7.001e-04 4.949 5.839 5.212 4.906 4.836 4.837 4.845
0.001 -1.19029 10.00000 0.7584627271 2.4032781124    0.758 -0.031  3.7899  4.460    1  0.000  0.533     0.00     0.00     0.00     0.00     0.00 -1 -7.88e-14      0.00 8.307e-01 1.686e-01 1.255e-04 3.444e-05 3.139e-04 -1.000 7.000e-04 4.848 5.720 5.104 4.809 4.744 4.747 4.756
0.001 -1.19029 10.00000 0.7683451176 2.4071276188    0.768  0.018  3.7933  4.431    1  0.000  0.533     0.00     0.00     0.00     0.00     0.00 -1 -9.06e-14      0.00 8.357e-01 1.636e-01 1.227e-04 3.368e-05 3.072e-04 -1.000 7.000e-04 4.726 5.578 4.973 4.690 4.630 4.638 4.648
0.001 -1.19029 10.00000 0.7772687078 2.4105067253    0.777  0.064  3.7963  4.402    1  0.000  0.532     0.00     0.00     0.00     0.00     0.00 -1 -1.04e-13      0.00 8.400e-01 1.593e-01 1.203e-04 3.306e-05 3.017e-04 -1.000 7.000e-04 4.610 5.445 4.849 4.578 4.523 4.533 4.544
0.001 -1.19029 10.00000 0.7856404185 2.4135968685    0.785  0.109  3.7991  4.372    1  0.000  0.531     0.00     0.00     0.00     0.00     0.00 -1 -1.18e-13      0.00 8.437e-01 1.556e-01 1.184e-04 3.254e-05 2.971e-04 -1.000 7.000e-04 4.496 5.316 4.728 4.467 4.416 4.429 4.441
0.001 -1.19029 10.00000 0.7938137650 2.4165415764    0.793  0.156  3.8017  4.340    1  0.000  0.531     0.00     0.00     0.00     0.00     0.00 -1 -1.36e-13      0.00 8.470e-01 1.523e-01 1.168e-04 3.211e-05 2.933e-04 -1.000 6.999e-04 4.379 5.185 4.604 4.352 4.306 4.321 4.334
0.001 -1.19029 10.00000 0.8000000119 2.4187245369    0.799  0.194  3.8035  4.313    1  0.000  0.531     0.00     0.00     0.00     0.00     0.00 -1 -1.52e-13      0.00 8.492e-01 1.501e-01 1.158e-04 3.184e-05 2.909e-04 -1.000 7.000e-04 4.286 5.083 4.505 4.260 4.217 4.234 4.247
0.001 -1.19029 10.00000 0.8015943170 2.4192807674    0.801  0.203  3.8040  4.306    1  0.000  0.530     0.00     0.00     0.00     0.00     0.00 -1 -1.57e-13      0.00 8.494e-01 1.499e-01 1.158e-04 3.185e-05 2.910e-04 -1.000 7.008e-04 4.262 5.056 4.480 4.237 4.194 4.212 4.225
0.001 -1.19029 10.00000 0.8088246584 2.4217720032    0.808  0.249  3.8060  4.273    1  0.000  0.530     0.00     0.00     0.00     0.00     0.00 -1  -1.8e-13      0.00 8.500e-01 1.493e-01 1.159e-04 3.190e-05 2.916e-04 -1.000 7.000e-04 4.149 4.933 4.361 4.125 4.086 4.106 4.120
0.001 -1.19029 10.00000 0.8180099130 2.4248638153    0.817  0.310  3.8079  4.224    1  0.000  0.530     0.00     0.00     0.00     0.00     0.00 -1 -2.17e-13      0.00 8.500e-01 1.493e-01 1.165e-04 3.207e-05 2.932e-04 -1.000 7.000e-04 3.996 4.770 4.201 3.973 3.938 3.959 3.974
0.001 -1.19029 10.00000 0.8252069354 2.4272313118    0.824  0.362  3.8089  4.180    1  0.000  0.530     0.00     0.00     0.00     0.00     0.00 -1 -2.58e-13      0.00 8.486e-01 1.507e-01 1.178e-04 3.244e-05 2.965e-04 -1.000 7.000e-04 3.866 4.635 4.067 3.844 3.811 3.832 3.847
0.001 -1.19029 10.00000 0.8254272938 2.4273030758    0.824  0.363  3.8089  4.178    1  0.000  0.530     0.00     0.00     0.00     0.00     0.00 -1  -2.6e-13      0.00 8.485e-01 1.508e-01 1.179e-04 3.245e-05 2.966e-04 -1.000 7.001e-04 3.862 4.630 4.063 3.840 3.807 3.828 3.843
0.001 -1.19029 10.00000 0.8284799457 2.4282922745    0.827  0.388  3.8087  4.154    1  0.000  0.530     0.00     0.00     0.00     0.00     0.00 -1 -2.81e-13      0.00 8.479e-01 1.514e-01 1.184e-04 3.261e-05 2.981e-04 -1.000 7.000e-04 3.800 4.569 4.001 3.777 3.744 3.766 3.780
0.001 -1.19029 10.00000 0.8347103000 2.4302854538    0.833  0.442  3.8073  4.098    1  0.000  0.530     0.00     0.00     0.00     0.00     0.00 -1 -3.37e-13      0.00 8.465e-01 1.528e-01 1.196e-04 3.294e-05 3.011e-04 -1.000 7.000e-04 3.666 4.439 3.868 3.641 3.606 3.626 3.641
0.001 -1.19029 10.00000 0.8399922252 2.4319486618    0.838  0.492  3.8044  4.039    1  0.000  0.530     0.00     0.00     0.00     0.00     0.00 -1 -4.05e-13      0.00 8.454e-01 1.539e-01 1.206e-04 3.321e-05 3.037e-04 -1.000 7.000e-04 3.539 4.324 3.746 3.511 3.472 3.490 3.503
0.001 -1.19029 10.00000 0.8410127163 2.4322671890    0.839  0.503  3.8037  4.026    1  0.000  0.530     0.00     0.00     0.00     0.00     0.00 -1 -4.21e-13      0.00 8.452e-01 1.541e-01 1.208e-04 3.327e-05 3.041e-04 -1.000 7.000e-04 3.513 4.301 3.721 3.485 3.445 3.461 3.474
0.001 -1.19029 10.00000 0.8442123532 2.4332602024    0.843  0.541  3.7988  3.970    2  0.000  0.530     0.00     0.00     0.00     0.00     0.00 -1 -4.88e-13      0.00 8.445e-01 1.548e-01 1.214e-04 3.343e-05 3.057e-04 -1.000 7.000e-04 3.418 4.227 3.636 3.385 3.338 3.350 3.361
0.001 -1.19029 10.00000 0.8475987911 2.4343018532    0.846  0.585  3.7906  3.895    2  0.000  0.530     0.00     0.00     0.00     0.00     0.00 -1 -5.88e-13      0.00 8.437e-01 1.556e-01 1.222e-04 3.363e-05 3.075e-04 -1.000 6.973e-04 3.307 4.156 3.544 3.266 3.207 3.211 3.219
0.001 -1.19029 10.00000 0.8499109149 2.4350078106    0.848  0.618  3.7811  3.825    2  0.000  0.530     0.00     0.00     0.00     0.00     0.00 -1 -6.88e-13      0.00 8.364e-01 1.629e-01 1.267e-04 3.488e-05 3.188e-04 -1.000 6.999e-04 3.225 4.125 3.486 3.175 3.102 3.097 3.101
0.001 -1.19029 10.00000 0.8500000238 2.4350347519    0.848  0.619  3.7807  3.822    2  0.000  0.530     0.00     0.00     0.00     0.00     0.00 -1 -6.92e-13      0.00 8.354e-01 1.639e-01 1.273e-04 3.503e-05 3.202e-04 -1.000 7.020e-04 3.221 4.125 3.484 3.172 3.097 3.092 3.097
0.001 -1.19029 10.00000 0.8513768911 2.4354529381    0.850  0.639  3.7726  3.771    2  0.000  0.532     0.00     0.00     0.00     0.00     0.00 -1 -7.67e-13      0.00 8.116e-01 1.876e-01 1.412e-04 3.876e-05 3.535e-04 -1.000 7.605e-04 3.173 4.129 3.458 3.119 3.032 3.018 3.020
0.001 -1.19029 10.00000 0.8525517583 2.4358084202    0.851  0.656  3.7643  3.721    2  0.000  0.534     0.00     0.00     0.00     0.00     0.00 -1 -8.44e-13      0.00 7.900e-01 2.092e-01 1.536e-04 4.209e-05 3.833e-04 -1.000 8.423e-04 3.131 4.146 3.441 3.072 2.972 2.950 2.949
0.001 -1.19029 10.00000 0.8536153436 2.4361293316    0.852  0.675  3.7556  3.667    2  0.000  0.536     0.00     0.00     0.00     0.00     0.00 -1  -9.4e-13      0.00 7.773e-01 2.218e-01 1.609e-04 4.401e-05 4.004e-04 -1.000 9.001e-04 3.081 4.163 3.418 3.020 2.906 2.875 2.870
0.001 -1.19029 10.00000 0.8545760512 2.4364182949    0.853  0.704  3.7481  3.609    2  0.000  0.536     0.00     0.00     0.00     0.00     0.00 -1 -1.07e-12      0.00 7.700e-01 2.291e-01 1.650e-04 4.511e-05 4.101e-04 -1.000 9.372e-04 3.010 4.152 3.372 2.948 2.823 2.784 2.775
0.001 -1.19029 10.00000 0.8554600477 2.4366836548    0.853  0.744  3.7423  3.546    2  0.000  0.537     0.00     0.00     0.00     0.00     0.00 -1 -1.26e-12      0.00 7.655e-01 2.335e-01 1.674e-04 4.575e-05 4.158e-04 -1.000 9.961e-04 2.909 4.098 3.292 2.847 2.713 2.668 2.657
0.001 -1.19029 10.00000 0.8559514284 2.4368307590    0.854  0.771  3.7396  3.508    2  0.000  0.537     0.00     0.00     0.00     0.00     0.00 -1  -1.4e-12      0.00 7.635e-01 2.355e-01 1.684e-04 4.602e-05 4.183e-04 -1.000 9.878e-04 2.841 4.053 3.234 2.781 2.642 2.594 2.582
0.001 -1.19029 10.00000 0.8561773300 2.4368984699    0.854  0.786  3.7386  3.490    2  0.000  0.537     0.00     0.00     0.00     0.00     0.00 -1 -1.48e-12      0.00 7.626e-01 2.364e-01 1.687e-04 4.612e-05 4.192e-04 -1.000 9.901e-04 2.804 4.024 3.200 2.744 2.604 2.555 2.542
0.001 -1.19029 10.00000 0.8567752838 2.4370770454    0.855  0.827  3.7361  3.439    3  0.000  0.537     0.00     0.00     0.00     0.00     0.00 -1 -1.72e-12      0.00 7.604e-01 2.386e-01 1.696e-04 4.637e-05 4.213e-04 -1.000 9.721e-04 2.702 3.945 3.108 2.643 2.500 2.448 2.434
0.001 -1.19029 10.00000 0.8573536873 2.4372496605    0.855  0.870  3.7339  3.387    3  0.000  0.537     0.00     0.00     0.00     0.00     0.00 -1 -2.02e-12      0.00 7.585e-01 2.406e-01 1.703e-04 4.656e-05 4.231e-04 -1.000 9.332e-04 2.594 3.856 3.008 2.536 2.390 2.335 2.320
0.001 -1.19029 10.00000 0.8579120636 2.4374160767    0.856  0.916  3.7320  3.335    3  0.000  0.537     0.00     0.00     0.00     0.00     0.00 -1 -2.38e-12      0.00 7.565e-01 2.425e-01 1.709e-04 4.672e-05 4.245e-04 -1.000 9.862e-04 2.481 3.759 2.901 2.424 2.274 2.218 2.201
0.001 -1.19029 10.00000 0.8584905863 2.4375882149    0.856  0.967  3.7301  3.276    3  0.000  0.536     0.00     0.00     0.00     0.00     0.00 -1 -2.86e-12      0.00 7.544e-01 2.447e-01 1.713e-04 4.690e-05 4.257e-04 -1.000 9.175e-04 2.353 3.648 2.781 2.298 2.145 2.086 2.069
0.001 -1.19029 10.00000 0.8589738011 2.4377319813    0.857  1.013  3.7285  3.224    3  0.000  0.535     0.00     0.00     0.00     0.00     0.00 -1 -3.38e-12      0.00 7.525e-01 2.466e-01 1.713e-04 4.712e-05 4.266e-04 -1.000 9.356e-04 2.238 3.548 2.672 2.184 2.030 1.969 1.951
0.001 -1.19029 10.00000 0.8594634533 2.4378771782    0.857  1.063  3.7269  3.168    3  0.000  0.532     0.00     0.00     0.00     0.00     0.00 -1 -4.05e-12      0.00 7.505e-01 2.486e-01 1.707e-04 4.761e-05 4.275e-04 -1.000 9.686e-04 2.112 3.436 2.552 2.060 1.903 1.840 1.821
0.001 -1.19029 10.00000 0.8599055409 2.4380083084    0.857  1.112  3.7253  3.112    3  0.000  0.528     0.00     0.00     0.00     0.00     0.00 -1 -4.83e-12      0.00 7.487e-01 2.504e-01 1.695e-04 4.859e-05 4.281e-04 -1.000 9.512e-04 1.989 3.328 2.435 1.938 1.778 1.714 1.694
0.001 -1.19029 10.00000 0.8603323102 2.4381346703    0.858  1.164  3.7236  3.054    3  0.000  0.522     0.00     0.00     0.00     0.00     0.00 -1 -5.82e-12      0.00 7.470e-01 2.520e-01 1.679e-04 5.023e-05 4.286e-04 -1.000 9.683e-04 1.859 3.213 2.313 1.810 1.648 1.581 1.560
0.001 -1.19029 10.00000 0.8606948853 2.4382417202    0.858  1.212  3.7221  2.999    3  0.000  0.516     0.00     0.00     0.00     0.00     0.00 -1 -6.92e-12      0.00 7.457e-01 2.534e-01 1.661e-04 5.213e-05 4.290e-04 -1.000 9.219e-04 1.739 3.107 2.199 1.691 1.527 1.458 1.436
0.001 -1.19029 10.00000 0.8610278368 2.4383401871    0.858  1.261  3.7204  2.944    3  0.000  0.510     0.00     0.00     0.00     0.00     0.00 -1 -8.25e-12      0.00 7.445e-01 2.545e-01 1.644e-04 5.421e-05 4.293e-04 -1.000 9.504e-04 1.618 3.003 2.085 1.571 1.404 1.333 1.311
0.001 -1.19029 10.00000 0.8613325953 2.4384300709    0.858  1.309  3.7187  2.889    3  0.000  0.505     0.00     0.00     0.00     0.00     0.00 -1 -9.82e-12      0.00 7.436e-01 2.554e-01 1.627e-04 5.616e-05 4.295e-04 -1.000 1.000e-03 1.497 2.901 1.972 1.453 1.283 1.210 1.186
0.001 -1.19029 10.00000 0.8616189361 2.4385147095    0.859  1.358  3.7169  2.833    3  0.000  0.501     0.00     0.00     0.00     0.00     0.00 -1 -1.17e-11      0.00 7.428e-01 2.562e-01 1.615e-04 5.773e-05 4.297e-04 -1.000 9.742e-04 1.374 2.797 1.857 1.331 1.158 1.083 1.058
0.001 -1.19029 10.00000 0.8618603349 2.4385857582    0.859  1.404  3.7151  2.781    3  0.000  0.498     0.00     0.00     0.00     0.00     0.00 -1 -1.38e-11      0.00 7.424e-01 2.567e-01 1.607e-04 5.874e-05 4.299e-04 -1.000 9.407e-04 1.261 2.703 1.752 1.220 1.044 0.967 0.941
0.001 -1.19029 10.00000 0.8620927930 2.4386541843    0.859  1.451  3.7133  2.726    3  0.000  0.496     0.00     0.00     0.00     0.00     0.00 -1 -1.64e-11      0.00 7.419e-01 2.571e-01 1.600e-04 5.964e-05 4.299e-04 -1.000 9.861e-04 1.142 2.604 1.642 1.103 0.924 0.844 0.818
0.001 -1.19029 10.00000 0.8623085618 2.4387178421    0.859  1.499  3.7114  2.670    3  0.000  0.495     0.00     0.00     0.00     0.00     0.00 -1 -1.96e-11      0.00 7.417e-01 2.573e-01 1.596e-04 6.014e-05 4.300e-04 -1.000 9.950e-04 1.022 2.504 1.530 0.985 0.803 0.720 0.693
0.001 -1.19029 10.00000 0.8625022769 2.4387748241    0.859  1.547  3.7093  2.615    3  0.000  0.495     0.00     0.00     0.00     0.00     0.00 -1 -2.33e-11      0.00 7.416e-01 2.574e-01 1.595e-04 6.029e-05 4.300e-04 -1.000 1.000e-03 0.903 2.408 1.422 0.869 0.684 0.599 0.570
0.001 -1.19029 10.00000 0.8626802564 2.4388270378    0.859  1.594  3.7073  2.559    3  0.000  0.494     0.00     0.00     0.00     0.00     0.00 -1 -2.77e-11      0.00 7.416e-01 2.574e-01 1.594e-04 6.033e-05 4.300e-04 -1.000 1.000e-03 0.785 2.313 1.314 0.754 0.565 0.477 0.447
0.001 -1.19029 10.00000 0.8628334403 2.4388720989    0.859  1.638  3.7054  2.507    3  0.000  0.494     0.00     0.00     0.00     0.00     0.00 -1 -3.25e-11      0.00 7.416e-01 2.574e-01 1.594e-04 6.035e-05 4.300e-04 -1.000 1.000e-03 0.675 2.225 1.214 0.647 0.454 0.364 0.333
0.001 -1.19029 10.00000 0.8629828095 2.4389159679    0.859  1.685  3.7033  2.452    3  0.000  0.494     0.00     0.00     0.00     0.00     0.00 -1 -3.86e-11      0.00 7.416e-01 2.574e-01 1.594e-04 6.038e-05 4.300e-04 -1.000 1.000e-03 0.558 2.136 1.108 0.532 0.335 0.243 0.210
0.001 -1.19029 10.00000 0.8631151915 2.4389548302    0.859  1.730  3.7012  2.398    3  0.000  0.494     0.00     0.00     0.00     0.00     0.00 -1 -4.56e-11      0.00 7.415e-01 2.575e-01 1.594e-04 6.040e-05 4.300e-04 -1.000 1.000e-03 0.444 2.051 1.005 0.420 0.220 0.125 0.092
0.001 -1.19029 10.00000 0.8632399440 2.4389915466    0.859  1.777  3.6989  2.343    3  0.000  0.494     0.00     0.00     0.00     0.00     0.00 -1 -5.41e-11      0.00 7.415e-01 2.575e-01 1.594e-04 6.042e-05 4.300e-04 -1.000 1.000e-03 0.329 1.967 0.902 0.307 0.103 0.005 -0.029
0.001 -1.19029 10.00000 0.8633545637 2.4390251637    0.858  1.822  3.6966  2.288    3  0.000  0.494     0.00     0.00     0.00     0.00     0.00 -1  -6.4e-11      0.00 7.415e-01 2.575e-01 1.594e-04 6.044e-05 4.300e-04 -1.000 1.000e-03 0.214 1.885 0.800 0.195 -0.012 -0.113 -0.149
0.001 -1.19029 10.00000 0.8634576797 2.4390554428    0.858  1.867  3.6944  2.234    3  0.000  0.494     0.00     0.00     0.00     0.00     0.00 -1 -7.54e-11      0.00 7.415e-01 2.575e-01 1.594e-04 6.046e-05 4.300e-04 -1.000 1.000e-03 0.103 1.807 0.703 0.088 -0.124 -0.227 -0.265
0.001 -1.19029 10.00000 0.8635589480 2.4390852451    0.858  1.912  3.6920  2.179    3  0.000  0.494     0.00     0.00     0.00     0.00     0.00 -1 -8.93e-11      0.00 7.415e-01 2.575e-01 1.593e-04 6.048e-05 4.300e-04 -1.000 1.000e-03 -0.011 1.727 0.602 -0.023 -0.239 -0.346 -0.384
0.001 -1.19029 10.00000 0.8636547923 2.4391131401    0.858  1.954  3.6898  2.128    3  0.000  0.494     0.00     0.00     0.00     0.00     0.00 -1 -1.04e-10      0.00 7.415e-01 2.575e-01 1.593e-04 6.049e-05 4.300e-04 -1.000 1.000e-03 -0.116 1.654 0.510 -0.125 -0.345 -0.454 -0.494
0.001 -1.19029 10.00000 0.8637769818 2.4391491413    0.857  1.992  3.6879  2.083    3  0.000  0.494     0.00     0.00     0.00     0.00     0.00 -1 -1.21e-10      0.00 7.415e-01 2.575e-01 1.593e-04 6.051e-05 4.300e-04 -1.000 1.000e-03 -0.211 1.589 0.428 -0.216 -0.439 -0.551 -0.592
0.001 -1.19029 10.00000 0.8638395071 2.4391674995    0.857  1.972  3.6894  2.108    3  0.000  0.494     0.00     0.00     0.00     0.00     0.00 -1 -1.13e-10      0.00 7.415e-01 2.575e-01 1.593e-04 6.052e-05 4.300e-04 -1.000 1.000e-03 -0.161 1.617 0.468 -0.169 -0.390 -0.500 -0.540
0.001 -1.19029 10.00000 0.8638694882 2.4391760826    0.857  1.962  3.6901  2.122    3  0.000  0.494     0.00     0.00     0.00     0.00     0.00 -1 -1.09e-10      0.00 7.415e-01 2.575e-01 1.593e-04 6.053e-05 4.300e-04 -1.000 1.000e-03 -0.134 1.632 0.490 -0.144 -0.363 -0.472 -0.512
0.001 -1.19029 10.00000 0.8639280796 2.4391932487    0.857  1.998  3.6882  2.077    3  0.000  0.494     0.00     0.00     0.00     0.00     0.00 -1 -1.23e-10      0.00 7.415e-01 2.575e-01 1.593e-04 6.054e-05 4.300e-04 -1.000 1.000e-03 -0.225 1.572 0.412 -0.230 -0.454 -0.565 -0.606
0.001 -1.19029 10.00000 0.8639927506 2.4392123222    0.856  2.039  3.6859  2.028    3  0.000  0.494     0.00     0.00     0.00     0.00     0.00 -1 -1.42e-10      0.00 7.415e-01 2.575e-01 1.593e-04 6.055e-05 4.300e-04 -1.000 1.000e-03 -0.327 1.506 0.325 -0.328 -0.555 -0.670 -0.712
0.001 -1.19029 10.00000 0.8640552163 2.4392306805    0.856  2.080  3.6836  1.977    3  0.000  0.494     0.00     0.00     0.00     0.00     0.00 -1 -1.66e-10      0.00 7.415e-01 2.575e-01 1.593e-04 6.056e-05 4.300e-04 -1.000 1.000e-03 -0.430 1.446 0.238 -0.428 -0.659 -0.776 -0.820
0.001 -1.19029 10.00000 0.8641122580 2.4392473698    0.856  2.120  3.6813  1.927    3  0.000  0.494     0.00     0.00     0.00     0.00     0.00 -1 -1.93e-10      0.00 7.415e-01 2.575e-01 1.593e-04 6.057e-05 4.300e-04 -1.000 1.000e-03 -0.531 1.398 0.153 -0.528 -0.762 -0.882 -0.927
0.001 -1.19029 10.00000 0.8641663194 2.4392631054    0.855  2.162  3.6788  1.876    3  0.000  0.494     0.00     0.00     0.00     0.00     0.00 -1 -2.25e-10      0.00 7.415e-01 2.575e-01 1.593e-04 6.058e-05 4.300e-04 -1.000 1.000e-03 -0.634 1.353 0.069 -0.629 -0.867 -0.990 -1.037
0.001 -1.19029 10.00000 0.8642150164 2.4392774105    0.855  2.202  3.6765  1.826    3  0.000  0.494     0.00     0.00     0.00     0.00     0.00 -1 -2.61e-10      0.00 7.415e-01 2.575e-01 1.593e-04 6.059e-05 4.300e-04 -1.000 1.000e-03 -0.734 1.310 -0.012 -0.726 -0.968 -1.094 -1.142
0.001 -1.19029 10.00000 0.8642603159 2.4392907619    0.854  2.242  3.6740  1.776    3  0.000  0.494     0.00     0.00     0.00     0.00     0.00 -1 -3.04e-10      0.00 7.415e-01 2.575e-01 1.593e-04 6.060e-05 4.300e-04 -1.000 1.000e-03 -0.834 1.271 -0.091 -0.824 -1.069 -1.198 -1.249
0.001 -1.19029 10.00000 0.8643018007 2.4393029213    0.854  2.281  3.6715  1.726    3  0.000  0.494     0.00     0.00     0.00     0.00     0.00 -1 -3.53e-10      0.00 7.415e-01 2.575e-01 1.592e-04 6.060e-05 4.300e-04 -1.000 1.000e-03 -0.933 1.234 -0.169 -0.920 -1.170 -1.302 -1.353
0.001 -1.19029 10.00000 0.8643403053 2.4393141270    0.853  2.321  3.6690  1.677    3  0.000  0.494     0.00     0.00     0.00     0.00     0.00 -1 -4.09e-10      0.00 7.415e-01 2.575e-01 1.592e-04 6.061e-05 4.300e-04 -1.000 1.000e-03 -1.032 1.203 -0.245 -1.015 -1.269 -1.404 -1.458
0.001 -1.19029 10.00000 0.8643752337 2.4393243790    0.853  2.359  3.6666  1.628    3  0.000  0.494     0.00     0.00     0.00     0.00     0.00 -1 -4.73e-10      0.00 7.415e-01 2.575e-01 1.592e-04 6.061e-05 4.300e-04 -1.000 1.000e-03 -1.127 1.175 -0.317 -1.106 -1.365 -1.503 -1.558
0.001 -1.19029 10.00000 0.8644081950 2.4393339157    0.852  2.398  3.6640  1.579    3  0.000  0.494     0.00     0.00     0.00     0.00     0.00 -1 -5.46e-10      0.00 7.415e-01 2.575e-01 1.592e-04 6.062e-05 4.300e-04 -1.000 1.000e-03 -1.224 1.153 -0.387 -1.198 -1.461 -1.603 -1.660
0.001 -1.19029 10.00000 0.8644382954 2.4393427372    0.851  2.436  3.6615  1.531    3  0.000  0.494     0.00     0.00     0.00     0.00     0.00 -1 -6.31e-10      0.00 7.415e-01 2.575e-01 1.592e-04 6.063e-05 4.300e-04 -1.000 1.000e-03 -1.319 1.132 -0.456 -1.288 -1.556 -1.700 -1.760
0.001 -1.19029 10.00000 0.8644661903 2.4393508434    0.851  2.473  3.6590  1.482    3  0.000  0.494     0.00     0.00     0.00     0.00     0.00 -1 -7.27e-10      0.00 7.415e-01 2.575e-01 1.592e-04 6.063e-05 4.300e-04 -1.000 1.000e-03 -1.413 1.117 -0.523 -1.377 -1.649 -1.797 -1.859
0.001 -1.19029 10.00000 0.8644917607 2.4393584728    0.850  2.510  3.6565  1.435    3  0.000  0.494     7.84     6.10     4.31     3.33     2.70  3 -8.35e-10      0.00 7.415e-01 2.575e-01 1.592e-04 6.063e-05 4.301e-04 -1.000 1.000e-03 -1.505 1.103 -0.585 -1.460 -1.738 -1.890 -1.954
0.001 -1.19029 10.00000 0.8645209670 2.4393670559    0.849  2.555  3.6534  1.378    3  0.000  0.494     8.85     6.76     4.76     3.68     2.98  3  -9.9e-10      0.00 7.415e-01 2.575e-01 1.592e-04 6.064e-05 4.301e-04 -1.000 1.000e-03 -1.616 1.080 -0.661 -1.559 -1.845 -2.003 -2.069
0.001 -1.19029 10.00000 0.8645429611 2.4393734932    0.848  2.590  3.6509  1.332    3  0.000  0.494     9.75     7.35     5.16     3.99     3.23  3 -1.13e-09      0.00 7.415e-01 2.575e-01 1.592e-04 6.064e-05 4.301e-04 -1.000 1.000e-03 -1.706 1.063 -0.721 -1.639 -1.931 -2.093 -2.161
0.001 -1.19029 10.00000 0.8645671010 2.4393804073    0.847  2.632  3.6479  1.277    3  0.000  0.494    10.94     8.11     5.67     4.39     3.56  3 -1.33e-09      0.00 7.414e-01 2.576e-01 1.592e-04 6.065e-05 4.301e-04 -1.000 1.000e-03 -1.811 1.045 -0.790 -1.732 -2.032 -2.198 -2.268
0.001 -1.19029 10.00000 0.8645898700 2.4393870831    0.846  2.675  3.6448  1.221    3  0.000  0.494    12.31     8.97     6.24     4.84     3.93  3 -1.57e-09      0.00 7.414e-01 2.576e-01 1.592e-04 6.065e-05 4.301e-04 -1.000 1.000e-03 -1.918 1.029 -0.860 -1.825 -2.133 -2.305 -2.378
0.001 -1.19029 10.00000 0.8646071553 2.4393920898    0.844  2.710  3.6423  1.176    3  0.000  0.494    13.54     9.73     6.75     5.25     4.25  3 -1.79e-09      0.00 7.414e-01 2.576e-01 1.592e-04 6.065e-05 4.301e-04 -1.000 1.000e-03 -2.006 1.017 -0.916 -1.901 -2.216 -2.392 -2.467
0.001 -1.19029 10.00000 0.8646260500 2.4393978119    0.843  2.751  3.6394  1.123    3  0.000  0.494    15.13    10.70     7.39     5.75     4.66  3 -2.09e-09      0.00 7.414e-01 2.576e-01 1.592e-04 6.066e-05 4.301e-04 -1.000 1.000e-03 -2.107 1.004 -0.980 -1.988 -2.311 -2.492 -2.570
0.001 -1.19029 10.00000 0.8646439910 2.4394030571    0.841  2.792  3.6363  1.069    3  0.000  0.494    16.95    11.80     8.11     6.32     5.13  2 -2.45e-09      0.00 7.414e-01 2.576e-01 1.592e-04 6.066e-05 4.301e-04 -1.000 1.000e-03 -2.209 0.995 -1.041 -2.074 -2.406 -2.593 -2.673
0.001 -1.19029 10.00000 0.8646609783 2.4394078255    0.840  2.833  3.6332  1.014    3  0.000  0.494    19.02    13.02     8.91     6.96     5.64  2 -2.88e-09      0.00 7.414e-01 2.576e-01 1.592e-04 6.066e-05 4.301e-04 -1.000 1.000e-03 -2.313 0.989 -1.103 -2.161 -2.502 -2.695 -2.777
0.001 -1.19029 10.00000 0.8646755219 2.4394121170    0.838  2.871  3.6303  0.964    3  0.000  0.494    21.12    14.25     9.70     7.59     6.16  2 -3.32e-09      0.00 7.414e-01 2.576e-01 1.592e-04 6.067e-05 4.301e-04 -1.000 1.000e-03 -2.407 0.988 -1.155 -2.240 -2.589 -2.788 -2.873
0.001 -1.19029 10.00000 0.8646894693 2.4394161701    0.836  2.909  3.6274  0.913    3  0.000  0.494    23.51    15.61    10.59     8.30     6.73  2 -3.86e-09      0.00 7.414e-01 2.576e-01 1.592e-04 6.067e-05 4.301e-04 -1.000 1.000e-03 -2.503 0.990 -1.204 -2.317 -2.677 -2.882 -2.969
0.001 -1.19029 10.00000 0.8647026420 2.4394202232    0.834  2.948  3.6243  0.860    3  0.000  0.494    26.26    17.16    11.59     9.09     7.38  2 -4.49e-09      0.00 7.414e-01 2.576e-01 1.592e-04 6.067e-05 4.301e-04 -1.000 1.000e-03 -2.600 0.997 -1.252 -2.395 -2.765 -2.977 -3.066
0.001 -1.19029 10.00000 0.8647145629 2.4394235611    0.831  2.985  3.6215  0.810    3  0.000  0.494    29.16    18.77    12.62     9.92     8.05  2 -5.19e-09      0.00 7.414e-01 2.576e-01 1.592e-04 6.067e-05 4.301e-04 -1.000 1.000e-03 -2.694 0.999 -1.298 -2.470 -2.850 -3.068 -3.160
0.001 -1.19029 10.00000 0.8647255301 2.4394268990    0.829  3.022  3.6187  0.761    3  0.000  0.494    32.31    20.49    13.72    10.80     8.77  1 -5.98e-09      0.00 7.414e-01 2.576e-01 1.592e-04 6.067e-05 4.301e-04 -1.000 1.000e-03 -2.784 1.002 -1.342 -2.542 -2.933 -3.156 -3.251
0.001 -1.19029 10.00000 0.8647358418 2.4394297600    0.826  3.058  3.6158  0.713    3  0.000  0.494    35.78    22.36    14.92    11.75     9.54  1 -6.88e-09      0.00 7.414e-01 2.576e-01 1.592e-04 6.068e-05 4.301e-04 -1.000 1.000e-03 -2.874 1.007 -1.384 -2.612 -3.013 -3.243 -3.340
0.001 -1.19029 10.00000 0.8647457957 2.4394326210    0.823  3.094  3.6129  0.663    3  0.000  0.494    39.70    24.43    16.23    12.81    10.40  1 -7.94e-09      0.00 7.414e-01 2.576e-01 1.592e-04 6.068e-05 4.301e-04 -1.000 1.000e-03 -2.965 1.012 -1.425 -2.682 -3.095 -3.330 -3.430
0.001 -1.19029 10.00000 0.8647544384 2.4394352436    0.820  3.128  3.6103  0.617    3  0.000  0.494    43.67    26.50    17.54    13.86    11.26  1 -9.05e-09      0.00 7.414e-01 2.576e-01 1.592e-04 6.068e-05 4.301e-04 -1.000 1.000e-03 -3.049 1.014 -1.463 -2.747 -3.170 -3.411 -3.513
0.001 -1.19029 10.00000 0.8647629023 2.4394376278    0.817  3.162  3.6076  0.570    3  0.000  0.494    48.20    28.83    19.01    15.04    12.22  1 -1.04e-08      0.00 7.414e-01 2.576e-01 1.592e-04 6.068e-05 4.301e-04 -1.000 1.000e-03 -3.136 1.014 -1.499 -2.812 -3.246 -3.493 -3.598
0.001 -1.19029 10.00000 0.8647708893 2.4394400120    0.813  3.196  3.6049  0.524    3  0.000  0.494    53.16    31.33    20.58    16.31    13.25  1 -1.19e-08      0.00 7.414e-01 2.576e-01 1.592e-04 6.068e-05 4.301e-04 -1.000 1.000e-03 -3.221 1.012 -1.533 -2.875 -3.320 -3.574 -3.681
0.001 -1.19029 10.00000 0.8647781610 2.4394421577    0.810  3.229  3.6023  0.479    3  0.000  0.494    58.39    33.93    22.21    17.62    14.32  1 -1.35e-08      0.00 7.414e-01 2.576e-01 1.592e-04 6.068e-05 4.301e-04 -1.000 1.000e-03 -3.302 1.010 -1.562 -2.934 -3.391 -3.652 -3.760
0.001 -1.19029 10.00000 0.8647848964 2.4394440651    0.806  3.260  3.5999  0.436    3  0.000  0.494    63.89    36.63    23.89    18.98    15.43  1 -1.53e-08      0.00 7.414e-01 2.576e-01 1.592e-04 6.068e-05 4.301e-04 -1.000 1.000e-03 -3.380 1.006 -1.587 -2.990 -3.459 -3.726 -3.837
0.001 -1.19029 10.00000 0.8647911549 2.4394459724    0.802  3.289  3.5975  0.395    3  0.000  0.494    69.60    39.39    25.60    20.37    16.55  1 -1.72e-08      0.00 7.414e-01 2.576e-01 1.592e-04 6.069e-05 4.301e-04 -1.000 1.000e-03 -3.453 1.001 -1.608 -3.041 -3.522 -3.795 -3.909
0.001 -1.19029 10.00000 0.8647973537 2.4394478798    0.797  3.318  3.5953  0.355    3  0.000  0.494    75.62    42.26    27.38    21.81    17.73  1 -1.93e-08      0.00 7.414e-01 2.576e-01 1.592e-04 6.069e-05 4.301e-04 -1.000 1.000e-03 -3.524 0.998 -1.627 -3.089 -3.583 -3.862 -3.978
0.001 -1.19029 10.00000 0.8647987247 2.4394481182    0.796  3.324  3.5948  0.347    3  0.000  0.494    77.01    42.92    27.78    22.13    18.00  1 -1.98e-08      0.00 7.414e-01 2.576e-01 1.592e-04 6.069e-05 4.301e-04 -1.000 1.000e-03 -3.539 0.997 -1.631 -3.100 -3.596 -3.877 -3.993
0.001 -1.19029 10.00000 0.8647987247 2.4394481182    0.796  1.757  3.7375  2.484    4  0.000  0.517     0.00     0.00     0.00     0.00     0.00 -1    -1e-30      0.00 7.404e-01 2.586e-01 1.686e-04 5.275e-05 4.344e-04 -1.000 1.000e-03 0.378 1.582 0.764 0.322 0.183 0.131 0.116
0.001 -1.19029 10.00000 0.8648663759 2.4394679070    0.796  1.774  3.7364  2.463    4  0.000  0.517     0.00     0.00     0.00     0.00     0.00 -1    -1e-30      0.00 7.404e-01 2.586e-01 1.686e-04 5.275e-05 4.344e-04 -1.000 1.000e-03 0.336 1.552 0.727 0.280 0.140 0.086 0.071
0.001 -1.19029 10.00000 0.8649318218 2.4394872189    0.796  1.777  3.7362  2.459    4  0.000  0.517     0.00     0.00     0.00     0.00     0.00 -1    -1e-30      0.00 7.404e-01 2.586e-01 1.686e-04 5.275e-05 4.344e-04 -1.000 1.000e-03 0.328 1.546 0.720 0.273 0.132 0.078 0.062
0.001 -1.19029 10.00000 0.8649985194 2.4395065308    0.797  1.778  3.7363  2.458    4  0.000  0.517     0.00     0.00     0.00     0.00     0.00 -1    -1e-30      0.00 7.404e-01 2.586e-01 1.686e-04 5.275e-05 4.344e-04 -1.000 1.000e-03 0.324 1.541 0.715 0.268 0.128 0.074 0.058
0.001 -1.19029 10.00000 0.8650655150 2.4395260811    0.797  1.779  3.7365  2.458    4  0.000  0.517     0.00     0.00     0.00     0.00     0.00 -1    -1e-30      0.00 7.404e-01 2.586e-01 1.686e-04 5.275e-05 4.344e-04 -1.000 1.000e-03 0.322 1.536 0.712 0.266 0.126 0.072 0.057
0.001 -1.19029 10.00000 0.8651331067 2.4395458698    0.797  1.779  3.7370  2.460    4  0.000  0.517     0.00     0.00     0.00     0.00     0.00 -1    -1e-30      0.00 7.404e-01 2.586e-01 1.686e-04 5.275e-05 4.344e-04 -1.000 1.000e-03 0.321 1.531 0.710 0.265 0.126 0.073 0.058
0.001 -1.19029 10.00000 0.8652017117 2.4395658970    0.797  1.779  3.7376  2.463    4  0.000  0.517     0.00     0.00     0.00     0.00     0.00 -1    -1e-30      0.00 7.404e-01 2.586e-01 1.686e-04 5.275e-05 4.344e-04 -1.000 1.000e-03 0.323 1.527 0.708 0.266 0.128 0.075 0.060
0.001 -1.19029 10.00000 0.8652691245 2.4395856857    0.797  1.778  3.7382  2.466    4  0.000  0.517     0.00     0.00     0.00     0.00     0.00 -1    -1e-30      0.00 7.404e-01 2.586e-01 1.686e-04 5.275e-05 4.344e-04 -1.000 1.000e-03 0.325 1.522 0.708 0.268 0.131 0.079 0.064
0.001 -1.19029 10.00000 0.8653383851 2.4396059513    0.797  1.777  3.7389  2.470    4  0.000  0.517     0.00     0.00     0.00     0.00     0.00 -1    -1e-30      0.00 7.404e-01 2.586e-01 1.686e-04 5.276e-05 4.344e-04 -1.000 1.000e-03 0.327 1.518 0.707 0.270 0.134 0.083 0.069
0.001 -1.19029 10.00000 0.8654035926 2.4396247864    0.797  1.776  3.7396  2.473    4  0.000  0.517     0.00     0.00     0.00     0.00     0.00 -1    -1e-30      0.00 7.404e-01 2.586e-01 1.686e-04 5.276e-05 4.344e-04 -1.000 1.000e-03 0.329 1.513 0.706 0.272 0.137 0.086 0.072
0.001 -1.19029 10.00000 0.8654744625 2.4396455288    0.797  1.776  3.7403  2.477    4  0.000  0.517     0.00     0.00     0.00     0.00     0.00 -1    -1e-30      0.00 7.404e-01 2.586e-01 1.686e-04 5.276e-05 4.344e-04 -1.000 1.000e-03 0.331 1.509 0.706 0.274 0.140 0.090 0.076
0.001 -1.19029 10.00000 0.8655370474 2.4396638870    0.797  1.775  3.7408  2.480    4  0.000  0.517     0.00     0.00     0.00     0.00     0.00 -1    -1e-30      0.00 7.404e-01 2.586e-01 1.686e-04 5.276e-05 4.344e-04 -1.000 1.000e-03 0.333 1.506 0.705 0.275 0.142 0.093 0.080
0.001 -1.19029 10.00000 0.8656061292 2.4396839142    0.797  1.774  3.7415  2.483    4  0.000  0.517     0.00     0.00     0.00     0.00     0.00 -1    -1e-30      0.00 7.404e-01 2.586e-01 1.686e-04 5.276e-05 4.344e-04 -1.000 1.000e-03 0.334 1.502 0.704 0.276 0.145 0.096 0.083
0.001 -1.19029 10.00000 0.8656731844 2.4397034645    0.797  1.774  3.7420  2.486    4  0.000  0.517     0.00     0.00     0.00     0.00     0.00 -1    -1e-30      0.00 7.404e-01 2.586e-01 1.686e-04 5.276e-05 4.344e-04 -1.000 1.000e-03 0.336 1.499 0.703 0.277 0.146 0.098 0.086
0.001 -1.19029 10.00000 0.8657396436 2.4397230148    0.797  1.773  3.7424  2.488    4  0.000  0.517     0.00     0.00     0.00     0.00     0.00 -1    -1e-30      0.00 7.404e-01 2.586e-01 1.686e-04 5.276e-05 4.344e-04 -1.000 1.000e-03 0.336 1.496 0.702 0.278 0.148 0.100 0.088
0.001 -1.19029 10.00000 0.8657548428 2.4397273064    0.797  1.773  3.7425  2.488    4  0.000  0.517     0.00     0.00     0.00     0.00     0.00 -1    -1e-30      0.00 7.404e-01 2.586e-01 1.686e-04 5.276e-05 4.344e-04 -1.000 1.000e-03 0.337 1.495 0.702 0.278 0.148 0.101 0.088
0.001 -1.19029 10.00000 0.8658179045 2.4397456646    0.797  1.773  3.7429  2.490    4  0.000  0.517     0.00     0.00     0.00     0.00     0.00 -1    -1e-30      0.00 7.404e-01 2.586e-01 1.686e-04 5.276e-05 4.344e-04 -1.000 1.000e-03 0.337 1.492 0.700 0.278 0.148 0.101 0.089
0.001 -1.19029 10.00000 0.8658868670 2.4397659302    0.797  1.774  3.7432  2.491    4  0.000  0.517     0.00     0.00     0.00     0.00     0.00 -1    -1e-30      0.00 7.404e-01 2.586e-01 1.686e-04 5.276e-05 4.344e-04 -1.000 1.000e-03 0.336 1.489 0.699 0.277 0.148 0.102 0.089
0.001 -1.19029 10.00000 0.8659491539 2.4397840500    0.798  1.774  3.7433  2.491    4  0.000  0.517     0.00     0.00     0.00     0.00     0.00 -1    -1e-30      0.00 7.404e-01 2.586e-01 1.686e-04 5.276e-05 4.344e-04 -1.000 1.000e-03 0.335 1.487 0.697 0.276 0.147 0.101 0.089
0.001 -1.19029 10.00000 0.8660147786 2.4398031235    0.798  1.775  3.7434  2.491    4  0.000  0.517     0.00     0.00     0.00     0.00     0.00 -1    -1e-30      0.00 7.404e-01 2.586e-01 1.686e-04 5.276e-05 4.344e-04 -1.000 9.999e-04 0.333 1.484 0.695 0.274 0.146 0.099 0.087
0.001 -1.19029 10.00000 0.8660806417 2.4398224354    0.798  1.776  3.7434  2.490    4  0.000  0.517     0.00     0.00     0.00     0.00     0.00 -1    -1e-30      0.00 7.404e-01 2.586e-01 1.686e-04 5.276e-05 4.344e-04 -1.000 1.000e-03 0.331 1.482 0.692 0.272 0.143 0.097 0.085
0.001 -1.19029 10.00000 0.8661478162 2.4398419857    0.798  1.777  3.7432  2.488    4  0.000  0.517     0.00     0.00     0.00     0.00     0.00 -1    -1e-30      0.00 7.404e-01 2.586e-01 1.686e-04 5.277e-05 4.344e-04 -1.000 1.000e-03 0.327 1.480 0.689 0.268 0.139 0.093 0.080
0.001 -1.19029 10.00000 0.8662157059 2.4398617744    0.798  1.779  3.7430  2.485    4  0.000  0.517     0.00     0.00     0.00     0.00     0.00 -1    -1e-30      0.00 7.404e-01 2.586e-01 1.686e-04 5.277e-05 4.344e-04 -1.000 1.000e-03 0.323 1.477 0.686 0.264 0.134 0.087 0.075
0.001 -1.19029 10.00000 0.8662275672 2.4398651123    0.798  1.779  3.7429  2.484    4  0.000  0.517     0.00     0.00     0.00     0.00     0.00 -1    -1e-30      0.00 7.404e-01 2.586e-01 1.686e-04 5.277e-05 4.344e-04 -1.000 1.000e-03 0.322 1.477 0.685 0.263 0.133 0.087 0.074
0.001 -1.19029 10.00000 0.8662421107 2.4398694038    0.798  1.780  3.7428  2.483    4  0.000  0.517     0.00     0.00     0.00     0.00     0.00 -1    -1e-30      0.00 7.404e-01 2.586e-01 1.686e-04 5.277e-05 4.344e-04 -1.000 1.000e-03 0.320 1.476 0.684 0.261 0.132 0.085 0.073
0.001 -1.19029 10.00000 0.8663028479 2.4398870468    0.798  1.782  3.7425  2.480    4  0.000  0.517     0.00     0.00     0.00     0.00     0.00 -1    -1e-30      0.00 7.404e-01 2.586e-01 1.686e-04 5.277e-05 4.344e-04 -1.000 1.000e-03 0.315 1.474 0.680 0.256 0.126 0.079 0.066
0.001 -1.19029 10.00000 0.8663620353 2.4399042130    0.798  1.785  3.7420  2.475    4  0.000  0.517     0.00     0.00     0.00     0.00     0.00 -1    -1e-30      0.00 7.404e-01 2.586e-01 1.686e-04 5.277e-05 4.344e-04 -1.000 1.000e-03 0.309 1.472 0.676 0.250 0.119 0.071 0.059
0.001 -1.19029 10.00000 0.8664230108 2.4399220943    0.798  1.787  3.7415  2.471    4  0.000  0.517     0.00     0.00     0.00     0.00     0.00 -1    -1e-30      0.00 7.404e-01 2.586e-01 1.686e-04 5.277e-05 4.344e-04 -1.000 1.000e-03 0.301 1.469 0.671 0.243 0.111 0.063 0.050
0.001 -1.19029 10.00000 0.8664818406 2.4399392605    0.798  1.790  3.7410  2.466    4  0.000  0.517     0.00     0.00     0.00     0.00     0.00 -1    -1e-30      0.00 7.404e-01 2.586e-01 1.686e-04 5.277e-05 4.344e-04 -1.000 1.000e-03 0.294 1.466 0.665 0.236 0.104 0.055 0.042
0.001 -1.19029 10.00000 0.8665422797 2.4399566650    0.798  1.795  3.7401  2.457    4  0.000  0.517     0.00     0.00     0.00     0.00     0.00 -1    -1e-30      0.00 7.404e-01 2.586e-01 1.686e-04 5.277e-05 4.344e-04 -1.000 1.000e-03 0.282 1.462 0.657 0.224 0.090 0.040 0.027
0.001 -1.19029 10.00000 0.8666008115 2.4399738312    0.798  1.800  3.7390  2.448    4  0.000  0.517     0.00     0.00     0.00     0.00     0.00 -1    -1e-30      0.00 7.404e-01 2.586e-01 1.686e-04 5.277e-05 4.344e-04 -1.000 1.000e-03 0.269 1.459 0.648 0.211 0.075 0.024 0.010
0.001 -1.19029 10.00000 0.8666597009 2.4399909973    0.798  1.806  3.7380  2.438    4  0.000  0.517     0.00     0.00     0.00     0.00     0.00 -1    -1e-30      0.00 7.404e-01 2.586e-01 1.686e-04 5.277e-05 4.344e-04 -1.000 9.999e-04 0.254 1.454 0.637 0.197 0.059 0.007 -0.008
0.001 -1.19029 10.00000 0.8667185903 2.4400081635    0.798  1.813  3.7368  2.426    4  0.000  0.517     0.00     0.00     0.00     0.00     0.00 -1    -1e-30      0.00 7.404e-01 2.586e-01 1.686e-04 5.277e-05 4.344e-04 -1.000 1.000e-03 0.237 1.449 0.625 0.180 0.041 -0.013 -0.028
0.001 -1.19029 10.00000 0.8667773604 2.4400250912    0.798  1.820  3.7357  2.415    4  0.000  0.517     0.00     0.00     0.00     0.00     0.00 -1    -1e-30      0.00 7.404e-01 2.586e-01 1.686e-04 5.277e-05 4.344e-04 -1.000 1.000e-03 0.219 1.442 0.612 0.162 0.021 -0.034 -0.049
0.001 -1.19029 10.00000 0.8668355346 2.4400420189    0.799  1.828  3.7345  2.403    4  0.000  0.517     0.00     0.00     0.00     0.00     0.00 -1    -1e-30      0.00 7.404e-01 2.586e-01 1.686e-04 5.277e-05 4.344e-04 -1.000 1.000e-03 0.200 1.435 0.598 0.144 0.001 -0.055 -0.071
0.001 -1.19029 10.00000 0.8668957353 2.4400596619    0.799  1.842  3.7324  2.380    4  0.000  0.517     0.00     0.00     0.00     0.00     0.00 -1    -1e-30      0.00 7.404e-01 2.586e-01 1.686e-04 5.278e-05 4.344e-04 -1.000 1.000e-03 0.166 1.422 0.572 0.110 -0.036 -0.095 -0.112
0.001 -1.19029 10.00000 0.8669548035 2.4400768280    0.799  1.867  3.7288  2.341    4  0.000  0.517     0.00     0.00     0.00     0.00     0.00 -1    -1e-30      0.00 7.404e-01 2.586e-01 1.686e-04 5.278e-05 4.344e-04 -1.000 1.000e-03 0.103 1.396 0.524 0.048 -0.104 -0.166 -0.185
0.001 -1.19029 10.00000 0.8669956326 2.4400885105    0.799  1.900  3.7244  2.290    4  0.000  0.517     0.00     0.00     0.00     0.00     0.00 -1    -1e-30      0.00 7.404e-01 2.586e-01 1.686e-04 5.278e-05 4.344e-04 -1.000 9.999e-04 0.019 1.361 0.460 -0.032 -0.192 -0.259 -0.280
0.001 -1.19029 10.00000 0.8670150638 2.4400942326    0.799  1.934  3.7202  2.239    4  0.000  0.517     0.00     0.00     0.00     0.00     0.00 -1    -1e-30      0.00 7.404e-01 2.586e-01 1.686e-04 5.278e-05 4.344e-04 -1.000 1.000e-03 -0.066 1.323 0.394 -0.115 -0.282 -0.354 -0.377
0.001 -1.19029 10.00000 0.8670237064 2.4400968552    0.799  1.968  3.7162  2.189    4  0.000  0.517     0.00     0.00     0.00     0.00     0.00 -1    -1e-30      0.00 7.404e-01 2.586e-01 1.686e-04 5.278e-05 4.344e-04 -1.000 1.000e-03 -0.150 1.287 0.330 -0.196 -0.370 -0.446 -0.472
0.001 -1.19029 10.00000 0.8670278788 2.4400980473    0.799  2.001  3.7125  2.141    4  0.000  0.517     0.00     0.00     0.00     0.00     0.00 -1    -1e-30      0.00 7.404e-01 2.586e-01 1.686e-04 5.278e-05 4.344e-04 -1.000 1.000e-03 -0.233 1.249 0.266 -0.276 -0.455 -0.537 -0.564
0.001 -1.19029 10.00000 0.8670301437 2.4400987625    0.799  2.034  3.7090  2.094    4  0.000  0.517     0.00     0.00     0.00     0.00     0.00 -1    -1e-30      0.00 7.404e-01 2.586e-01 1.686e-04 5.278e-05 4.344e-04 -1.000 1.000e-03 -0.316 1.210 0.201 -0.356 -0.542 -0.627 -0.656
0.001 -1.19029 10.00000 0.8670313954 2.4400990009    0.799  2.062  3.7062  2.055    4  0.000  0.517     0.00     0.00     0.00     0.00     0.00 -1    -1e-30      0.00 7.404e-01 2.586e-01 1.686e-04 5.278e-05 4.344e-04 -1.000 1.000e-03 -0.386 1.176 0.146 -0.422 -0.613 -0.702 -0.733
0.001 -1.19029 10.00000 0.8670315742 2.4400990009    0.799  2.066  3.7059  2.050    7  0.000  0.517     0.00     0.00     0.00     0.00     0.00 -1    -9e-10      0.00 7.404e-01 2.571e-01 1.686e-04 5.278e-05 4.344e-04 -1.000 2.597e-03 -0.394 1.172 0.139 -0.430 -0.621 -0.711 -0.741
0.001 -1.19029 10.00000 0.8670325279 2.4400992393    0.799  2.097  3.7030  2.008    7  0.000  0.517     0.00     0.00     0.00     0.00     0.00 -1 -1.08e-09      0.00 7.404e-01 2.571e-01 1.686e-04 5.278e-05 4.344e-04 -1.000 2.597e-03 -0.471 1.132 0.077 -0.504 -0.701 -0.793 -0.825
0.001 -1.19029 10.00000 0.8670336008 2.4400997162    0.799  2.133  3.6998  1.958    7  0.000  0.517     0.00     0.00     0.00     0.00     0.00 -1 -1.34e-09      0.00 7.404e-01 2.571e-01 1.686e-04 5.278e-05 4.344e-04 -1.000 2.597e-03 -0.563 1.088 0.005 -0.592 -0.794 -0.890 -0.925
0.001 -1.19029 10.00000 0.8670347333 2.4400999546    0.799  2.167  3.6967  1.912    7  0.000  0.517     0.00     0.00     0.00     0.00     0.00 -1 -1.63e-09      0.00 7.404e-01 2.571e-01 1.686e-04 5.278e-05 4.344e-04 -1.000 2.597e-03 -0.648 1.050 -0.062 -0.672 -0.880 -0.981 -1.016
0.001 -1.19029 10.00000 0.8670376539 2.4401009083    0.798  2.215  3.6926  1.847    7  0.000  0.517     0.00     0.00     0.00     0.00     0.00 -1 -2.14e-09      0.00 7.404e-01 2.571e-01 1.686e-04 5.278e-05 4.344e-04 -1.000 2.597e-03 -0.768 0.995 -0.156 -0.786 -1.002 -1.108 -1.146
0.001 -1.19029 10.00000 0.8670406342 2.4401016235    0.798  2.218  3.6924  1.844    7  0.000  0.517     0.00     0.00     0.00     0.00     0.00 -1 -2.17e-09      0.00 7.404e-01 2.571e-01 1.686e-04 5.278e-05 4.344e-04 -1.000 2.597e-03 -0.774 0.992 -0.161 -0.792 -1.008 -1.114 -1.153
0.001 -1.19029 10.00000 0.8670744896 2.4401116371    0.796  2.193  3.6944  1.875    7  0.000  0.517     0.00     0.00     0.00     0.00     0.00 -1 -1.91e-09      0.00 7.404e-01 2.571e-01 1.686e-04 5.278e-05 4.344e-04 -1.000 2.597e-03 -0.713 1.022 -0.113 -0.734 -0.946 -1.050 -1.087
0.001 -1.19029 10.00000 0.8671036363 2.4401199818    0.794  2.221  3.6919  1.836    7  0.000  0.517     0.00     0.00     0.00     0.00     0.00 -1 -2.27e-09      0.00 7.404e-01 2.571e-01 1.686e-04 5.278e-05 4.344e-04 -1.000 2.597e-03 -0.784 0.991 -0.167 -0.801 -1.017 -1.124 -1.163
0.001 -1.19029 10.00000 0.8671233058 2.4401257038    0.792  2.255  3.6890  1.790    7  0.000  0.517     0.00     0.00     0.00     0.00     0.00 -1 -2.76e-09      0.00 7.404e-01 2.571e-01 1.686e-04 5.278e-05 4.344e-04 -1.000 2.597e-03 -0.867 0.956 -0.231 -0.879 -1.101 -1.212 -1.253
0.001 -1.19029 10.00000 0.8671399951 2.4401304722    0.790  2.286  3.6863  1.747    7  0.000  0.517     0.00     0.00     0.00     0.00     0.00 -1 -3.31e-09      0.00 7.404e-01 2.571e-01 1.686e-04 5.278e-05 4.344e-04 -1.000 2.597e-03 -0.945 0.924 -0.291 -0.951 -1.179 -1.293 -1.336
0.001 -1.19029 10.00000 0.8671589494 2.4401361942    0.788  2.326  3.6829  1.692    7  0.000  0.517     0.00     0.00     0.00     0.00     0.00 -1 -4.21e-09      0.00 7.404e-01 2.571e-01 1.686e-04 5.278e-05 4.344e-04 -1.000 2.597e-03 -1.045 0.896 -0.366 -1.048 -1.281 -1.399 -1.444
0.001 -1.19029 10.00000 0.8671762943 2.4401412010    0.785  2.366  3.6796  1.638    7  0.000  0.517     0.00     0.00     0.00     0.00     0.00 -1 -5.37e-09      0.00 7.404e-01 2.571e-01 1.686e-04 5.278e-05 4.344e-04 -1.000 2.597e-03 -1.144 0.873 -0.440 -1.144 -1.382 -1.505 -1.552
0.001 -1.19029 10.00000 0.8671919703 2.4401457310    0.781  2.406  3.6763  1.582    7  0.000  0.517     0.00     0.00     0.00     0.00     0.00 -1 -6.74e-09      0.00 7.403e-01 2.571e-01 1.686e-04 5.278e-05 4.344e-04 -1.000 2.584e-03 -1.245 0.854 -0.513 -1.241 -1.484 -1.611 -1.660
0.001 -1.19029 10.00000 0.8672060966 2.4401497841    0.777  2.446  3.6729  1.526    7  0.000  0.517     0.00     0.00     0.00     0.00     0.00 -1 -8.56e-09      0.00 7.403e-01 2.571e-01 1.685e-04 5.279e-05 4.344e-04 -1.000 2.520e-03 -1.345 0.840 -0.584 -1.338 -1.587 -1.717 -1.769
0.001 -1.19029 10.00000 0.8672186732 2.4401533604    0.773  2.486  3.6696  1.471    7  0.000  0.517     0.00     0.00     0.00     0.00     0.00 -1 -1.08e-08      0.00 7.403e-01 2.572e-01 1.684e-04 5.283e-05 4.344e-04 -1.000 2.498e-03 -1.445 0.832 -0.652 -1.433 -1.688 -1.823 -1.876
0.001 -1.19029 10.00000 0.8672301173 2.4401566982    0.768  2.526  3.6662  1.414    7  0.000  0.515     7.93     6.17     4.36     3.38     2.73  3 -1.38e-08      0.00 7.403e-01 2.572e-01 1.679e-04 5.307e-05 4.344e-04 -1.000 2.481e-03 -1.545 0.835 -0.716 -1.526 -1.788 -1.927 -1.984
0.001 -1.19029 10.00000 0.8672404289 2.4401597977    0.762  2.565  3.6618  1.354    7  0.000  0.512     8.99     6.87     4.82     3.75     3.03  3 -1.76e-08      0.00 7.403e-01 2.572e-01 1.669e-04 5.389e-05 4.344e-04 -1.000 2.428e-03 -1.643 0.873 -0.767 -1.616 -1.886 -2.031 -2.091
0.001 -1.19029 10.00000 0.8672499061 2.4401624203    0.755  2.605  3.6549  1.283    7  0.000  0.506    10.42     7.79     5.44     4.23     3.43  3 -2.26e-08      0.00 7.403e-01 2.573e-01 1.649e-04 5.596e-05 4.345e-04 -1.000 2.397e-03 -1.742 0.972 -0.789 -1.692 -1.977 -2.132 -2.197
0.001 -1.19029 10.00000 0.8672543764 2.4401638508    0.751  2.624  3.6522  1.250    7  0.000  0.502    11.16     8.26     5.75     4.48     3.63  2 -2.57e-08      0.00 7.403e-01 2.573e-01 1.636e-04 5.754e-05 4.345e-04 -1.000 2.396e-03 -1.791 0.993 -0.808 -1.731 -2.022 -2.182 -2.249
0.001 -1.19029 10.00000 0.8672627807 2.4401662350    0.742  2.663  3.6481  1.190    7  0.000  0.494    12.63     9.17     6.35     4.96     4.02  2 -3.27e-08      0.00 7.402e-01 2.574e-01 1.610e-04 6.069e-05 4.346e-04 -1.000 2.383e-03 -1.887 1.008 -0.858 -1.810 -2.111 -2.278 -2.348
0.001 -1.19029 10.00000 0.8672708869 2.4401686192    0.731  2.702  3.6448  1.131    7  0.000  0.486    14.25    10.16     7.00     5.48     4.44  2 -4.18e-08      0.00 7.401e-01 2.575e-01 1.585e-04 6.370e-05 4.346e-04 -1.000 2.349e-03 -1.985 1.010 -0.914 -1.892 -2.202 -2.375 -2.448
0.001 -1.19029 10.00000 0.8672787547 2.4401710033    0.718  2.741  3.6414  1.071    7  0.000  0.480    16.14    11.28     7.74     6.07     4.91  2 -5.41e-08      0.00 7.400e-01 2.576e-01 1.564e-04 6.637e-05 4.346e-04 -1.000 2.310e-03 -2.082 1.013 -0.970 -1.974 -2.294 -2.472 -2.548
0.001 -1.19029 10.00000 0.8672863245 2.4401731491    0.700  2.780  3.6380  1.007    7  0.000  0.474    18.38    12.59     8.59     6.75     5.47  2 -7.14e-08      0.00 7.400e-01 2.577e-01 1.545e-04 6.874e-05 4.347e-04 -1.000 2.298e-03 -2.181 1.021 -1.023 -2.056 -2.385 -2.570 -2.648
0.001 -1.19029 10.00000 0.8672931790 2.4401750565    0.680  2.818  3.6346  0.942    7  0.000  0.469    20.93    14.04     9.52     7.50     6.08  1 -9.49e-08      0.00 7.399e-01 2.578e-01 1.529e-04 7.077e-05 4.347e-04 -1.000 2.293e-03 -2.276 1.042 -1.067 -2.132 -2.472 -2.664 -2.745
0.001 -1.19029 10.00000 0.8672997355 2.4401769638    0.654  2.857  3.6315  0.874    7  0.000  0.464    23.98    15.71    10.60     8.38     6.78  1  -1.3e-07      0.00 7.398e-01 2.579e-01 1.514e-04 7.259e-05 4.347e-04 -1.000 2.289e-03 -2.373 1.060 -1.113 -2.211 -2.562 -2.759 -2.844
0.001 -1.19029 10.00000 0.8673051000 2.4401786327    0.624  2.893  3.6295  0.810    7  0.000  0.461    27.28    17.45    11.70     9.28     7.52  1  -1.8e-07      0.00 7.397e-01 2.580e-01 1.502e-04 7.400e-05 4.347e-04 -1.000 2.266e-03 -2.463 1.060 -1.164 -2.289 -2.648 -2.850 -2.936
0.001 -1.19029 10.00000 0.8673089147 2.4401795864    0.594  2.925  3.6299  0.759    7  0.000  0.458    30.13    18.90    12.61    10.03     8.12  1 -2.42e-07      0.00 7.397e-01 2.581e-01 1.493e-04 7.509e-05 4.346e-04 -1.000 2.223e-03 -2.542 1.007 -1.237 -2.370 -2.730 -2.932 -3.018
0.001 -1.19029 10.00000 0.8673122525 2.4401805401    0.561  2.956  3.6339  0.718    7  0.000  0.456    32.52    20.05    13.33    10.63     8.61  1 -3.31e-07      0.00 7.396e-01 2.582e-01 1.485e-04 7.615e-05 4.345e-04 -1.000 2.212e-03 -2.621 0.872 -1.352 -2.471 -2.822 -3.017 -3.101
0.001 -1.19029 10.00000 0.8673146367 2.4401812553    0.520  2.982  3.6440  0.700    7  0.000  0.453    33.30    20.30    13.46    10.77     8.72  1 -4.25e-07      0.00 7.395e-01 2.582e-01 1.477e-04 7.720e-05 4.345e-04 -1.000 2.294e-03 -2.685 0.602 -1.525 -2.589 -2.916 -3.093 -3.169
0.001 -1.19029 10.00000 1.0934826136 2.4905769825    0.546 -9.999  3.6549  7.955    9  0.546  0.000     0.00     0.00     0.00     0.00     0.00 -1    -1e-30      0.00 7.277e-01 2.714e-01 1.348e-04 1.063e-04 4.391e-04 -1.000 9.460e-04 29.767 32.339 30.712 29.790 29.482 29.330 29.277
#isochrone terminated
