# File generated by CMD 3.6 (http://stev.oapd.inaf.it/cmd) on Thu Apr 21 18:05:32 CEST 2022
# isochrones based on PARSEC release v1.2S +  COLIBRI S_37 + S_35 + PR16
# Basic references: Bressan et al. (2012), MNRAS, 427, 127 + Chen et al. (2014, 2015), MNRAS, 444, 2525 + MNRAS, 452, 1068 + Tang et al. (2014), MNRAS, 445, 4287 + Marigo et al. (2017), ApJ, 835, 77 + Pastorelli al. (2019), MNRAS, 485, 5666 + Pastorelli al. (2020), MNRAS, in press
# Thermal pulse cycles included 
# On RGB, assumed Reimers mass loss with efficiency eta=0.2
# LPV periods and growth rates added cf. Trabucchi et al. (2019)
# but fundamental-mode LPV periods are from Trabucchi et al. (2021)
# Photometric system: DECAM (ABmags)
# Using YBC version of bolometric corrections as in Chen et al. (2019)
# O-rich circumstellar dpmod60alox40 dust from Groenewegen (2006)
# C-rich circumstellar AMCSIC15 dust from Groenewegen (2006)
# IMF: Kroupa (2001, 2002) + Kroupa et al. (2013) canonical two-part-power law IMF corrected for unresolved binaries 
# Kind of output: isochrone tables
# Zini     MH   logAge Mini        int_IMF         Mass   logL    logTe  logg  label   McoreTP C_O  period0  period1  period2  period3  period4  pmode  Mloss  tau1m   X   Y   Xc  Xn  Xo  Cexcess  Z 	 mbolmag  umag    gmag    rmag    imag    zmag    Ymag
0.001 -1.19029 9.69897 0.0900000036 1.0816895962    0.090 -3.216  3.4561  5.384    1  0.000  0.545     0.00     0.00     0.00     0.00     0.00 -1 -5.18e-17      0.00 7.480e-01 2.510e-01 1.798e-04 4.851e-05 4.400e-04 -1.000 1.000e-03 12.809 18.029 16.777 14.913 12.876 12.197 12.068
0.001 -1.19029 9.69897 0.0905936658 1.0873523951    0.091 -3.200  3.4584  5.380    1  0.000  0.545     0.00     0.00     0.00     0.00     0.00 -1 -5.38e-17      0.00 7.480e-01 2.510e-01 1.798e-04 4.851e-05 4.400e-04 -1.000 1.000e-03 12.769 17.986 16.683 14.818 12.826 12.159 12.031
0.001 -1.19029 9.69897 0.0994789079 1.1667387486    0.099 -2.973  3.4908  5.324    1  0.000  0.545     0.00     0.00     0.00     0.00     0.00 -1 -9.24e-17      0.00 7.475e-01 2.515e-01 1.798e-04 4.851e-05 4.400e-04 -1.000 1.000e-03 12.203 17.290 15.386 13.585 12.138 11.623 11.503
0.001 -1.19029 9.69897 0.1000000015 1.1711064577    0.100 -2.960  3.4926  5.321    1  0.000  0.545     0.00     0.00     0.00     0.00     0.00 -1 -9.52e-17      0.00 7.475e-01 2.515e-01 1.798e-04 4.851e-05 4.400e-04 -1.000 1.000e-03 12.171 17.244 15.318 13.523 12.101 11.594 11.473
0.001 -1.19029 9.69897 0.1128941551 1.2705951929    0.113 -2.772  3.5144  5.272    1  0.000  0.545     0.00     0.00     0.00     0.00     0.00 -1 -1.46e-16      0.00 7.469e-01 2.521e-01 1.798e-04 4.851e-05 4.400e-04 -1.000 1.000e-03 11.699 16.547 14.412 12.698 11.574 11.146 11.030
0.001 -1.19029 9.69897 0.1199999973 1.3193154335    0.120 -2.677  3.5254  5.247    1  0.000  0.545     0.00     0.00     0.00     0.00     0.00 -1 -1.82e-16      0.00 7.465e-01 2.525e-01 1.798e-04 4.851e-05 4.400e-04 -1.000 1.000e-03 11.462 16.158 13.976 12.310 11.313 10.920 10.807
0.001 -1.19029 9.69897 0.1400000006 1.4384527206    0.140 -2.496  3.5416  5.199    1  0.000  0.545     0.00     0.00     0.00     0.00     0.00 -1 -2.69e-16      0.00 7.458e-01 2.532e-01 1.798e-04 4.851e-05 4.400e-04 -1.000 1.000e-03 11.011 15.444 13.257 11.670 10.834 10.483 10.376
0.001 -1.19029 9.69897 0.1599999964 1.5372931957    0.160 -2.360  3.5520  5.162    1  0.000  0.545     0.00     0.00     0.00     0.00     0.00 -1  -3.6e-16      0.00 7.451e-01 2.539e-01 1.798e-04 4.851e-05 4.400e-04 -1.000 1.000e-03 10.671 14.922 12.760 11.226 10.479 10.152 10.048
0.001 -1.19029 9.69897 0.2000000179 1.6938792467    0.200 -2.149  3.5662  5.105    1  0.000  0.545     0.00     0.00     0.00     0.00     0.00 -1 -5.59e-16      0.00 7.442e-01 2.548e-01 1.798e-04 4.851e-05 4.400e-04 -1.000 1.000e-03 10.143 14.131 12.033 10.574 9.935 9.638 9.540
0.001 -1.19029 9.69897 0.2500000000 1.8403258324    0.250 -1.948  3.5777  5.046    1  0.000  0.545     0.00     0.00     0.00     0.00     0.00 -1 -8.49e-16      0.00 7.436e-01 2.554e-01 1.798e-04 4.851e-05 4.400e-04 -1.000 1.000e-03 9.639 13.417 11.383 9.989 9.420 9.144 9.051
0.001 -1.19029 9.69897 0.3000000417 1.9529141188    0.300 -1.787  3.5862  4.998    1  0.000  0.545     0.00     0.00     0.00     0.00     0.00 -1 -1.19e-15      0.00 7.435e-01 2.555e-01 1.798e-04 4.851e-05 4.400e-04 -1.000 1.000e-03 9.237 12.857 10.878 9.537 9.012 8.751 8.661
0.001 -1.19029 9.69897 0.3499999940 2.0434174538    0.350 -1.651  3.5931  4.957    1  0.000  0.545     0.00     0.00     0.00     0.00     0.00 -1 -1.58e-15      0.00 7.486e-01 2.504e-01 1.798e-04 4.851e-05 4.400e-04 -1.000 1.000e-03 8.896 12.392 10.458 9.162 8.667 8.416 8.330
0.001 -1.19029 9.69897 0.4000000060 2.1185026169    0.400 -1.506  3.6038  4.913    1  0.000  0.545     0.00     0.00     0.00     0.00     0.00 -1 -2.16e-15      0.00 7.489e-01 2.501e-01 1.798e-04 4.851e-05 4.400e-04 -1.000 1.000e-03 8.536 11.855 9.981 8.754 8.298 8.065 7.984
0.001 -1.19029 9.69897 0.4500000179 2.1822810173    0.450 -1.337  3.6197  4.859    1  0.000  0.545     0.00     0.00     0.00     0.00     0.00 -1 -3.21e-15      0.00 7.489e-01 2.501e-01 1.798e-04 4.851e-05 4.400e-04 -1.000 1.000e-03 8.113 11.188 9.393 8.270 7.866 7.657 7.584
0.001 -1.19029 9.69897 0.5000000000 2.2374541759    0.500 -1.145  3.6456  4.817    1  0.000  0.545     0.00     0.00     0.00     0.00     0.00 -1 -4.97e-15      0.00 7.489e-01 2.501e-01 1.798e-04 4.851e-05 4.400e-04 -1.000 1.000e-03 7.634 10.331 8.661 7.707 7.379 7.210 7.149
0.001 -1.19029 9.69897 0.5095456243 2.2470829487    0.509 -1.106  3.6514  4.809    1  0.000  0.545     0.00     0.00     0.00     0.00     0.00 -1 -5.43e-15      0.00 7.518e-01 2.472e-01 1.779e-04 4.800e-05 4.353e-04 -1.000 9.890e-04 7.535 10.146 8.508 7.591 7.279 7.119 7.061
0.001 -1.19029 9.69897 0.5500000715 2.2836585045    0.550 -0.947  3.6752  4.778    1  0.000  0.545     0.00     0.00     0.00     0.00     0.00 -1 -7.81e-15      0.00 7.637e-01 2.354e-01 1.699e-04 4.586e-05 4.160e-04 -1.000 9.381e-04 7.138 9.358 7.899 7.131 6.879 6.754 6.708
0.001 -1.19029 9.69897 0.6000000238 2.3211214542    0.600 -0.766  3.7004  4.735    1  0.000  0.544     0.00     0.00     0.00     0.00     0.00 -1 -1.19e-14      0.00 7.677e-01 2.314e-01 1.673e-04 4.517e-05 4.099e-04 -1.000 9.037e-04 6.685 8.489 7.268 6.631 6.427 6.336 6.304
0.001 -1.19029 9.69897 0.6060799956 2.3251948357    0.606 -0.744  3.7038  4.731    1  0.000  0.544     0.00     0.00     0.00     0.00     0.00 -1 -1.25e-14      0.00 7.682e-01 2.308e-01 1.670e-04 4.508e-05 4.090e-04 -1.000 9.101e-04 6.629 8.383 7.193 6.572 6.374 6.286 6.256
0.001 -1.19029 9.69897 0.6423894763 2.3476860523    0.642 -0.614  3.7238  4.707    1  0.000  0.544     0.00     0.00     0.00     0.00     0.00 -1 -1.69e-14      0.00 7.716e-01 2.275e-01 1.649e-04 4.451e-05 4.039e-04 -1.000 9.000e-04 6.305 7.786 6.769 6.230 6.064 6.000 5.981
0.001 -1.19029 9.69897 0.6499999762 2.3520355225    0.650 -0.587  3.7280  4.702    1  0.000  0.544     0.00     0.00     0.00     0.00     0.00 -1 -1.79e-14      0.00 7.724e-01 2.267e-01 1.644e-04 4.438e-05 4.028e-04 -1.000 9.000e-04 6.238 7.669 6.685 6.162 6.002 5.943 5.926
0.001 -1.19029 9.69897 0.6637701988 2.3596143723    0.664 -0.539  3.7351  4.692    1  0.000  0.544     0.00     0.00     0.00     0.00     0.00 -1 -2.01e-14      0.00 7.740e-01 2.251e-01 1.634e-04 4.412e-05 4.004e-04 -1.000 9.232e-04 6.119 7.467 6.537 6.040 5.891 5.839 5.825
0.001 -1.19029 9.69897 0.6873930693 2.3718061447    0.687 -0.458  3.7470  4.674    1  0.000  0.544     0.00     0.00     0.00     0.00     0.00 -1 -2.43e-14      0.00 7.769e-01 2.222e-01 1.616e-04 4.364e-05 3.960e-04 -1.000 9.280e-04 5.916 7.139 6.292 5.838 5.706 5.667 5.659
0.001 -1.19029 9.69897 0.6999999881 2.3779268265    0.700 -0.416  3.7532  4.663    1  0.000  0.544     0.00     0.00     0.00     0.00     0.00 -1 -2.68e-14      0.00 7.785e-01 2.206e-01 1.606e-04 4.336e-05 3.936e-04 -1.000 9.001e-04 5.809 6.971 6.164 5.734 5.612 5.579 5.574
0.001 -1.19029 9.69897 0.7220457792 2.3880414963    0.722 -0.342  3.7634  4.644    1  0.000  0.540     0.00     0.00     0.00     0.00     0.00 -1  -3.2e-14      0.00 7.821e-01 2.170e-01 1.573e-04 4.273e-05 3.882e-04 -1.000 8.970e-04 5.625 6.692 5.948 5.556 5.450 5.428 5.427
0.001 -1.19029 9.69897 0.7444807887 2.3976309299    0.744 -0.268  3.7734  4.623    1  0.000  0.537     0.00     0.00     0.00     0.00     0.00 -1 -3.83e-14      0.00 7.862e-01 2.129e-01 1.538e-04 4.202e-05 3.821e-04 -1.000 8.429e-04 5.439 6.425 5.736 5.380 5.289 5.277 5.280
0.001 -1.19029 9.69897 0.7500000000 2.3998889923    0.750 -0.249  3.7758  4.618    1  0.000  0.536     0.00     0.00     0.00     0.00     0.00 -1 -4.01e-14      0.00 7.873e-01 2.119e-01 1.530e-04 4.183e-05 3.805e-04 -1.000 8.485e-04 5.393 6.361 5.684 5.337 5.250 5.240 5.244
0.001 -1.19029 9.69897 0.7688243985 2.4073112011    0.769 -0.187  3.7824  4.593    1  0.000  0.536     0.00     0.00     0.00     0.00     0.00 -1 -4.69e-14      0.00 7.933e-01 2.058e-01 1.492e-04 4.082e-05 3.714e-04 -1.000 8.563e-04 5.239 6.159 5.513 5.189 5.112 5.109 5.116
0.001 -1.19029 9.69897 0.7905491590 2.4153738022    0.790 -0.116  3.7897  4.563    1  0.000  0.535     0.00     0.00     0.00     0.00     0.00 -1 -5.64e-14      0.00 8.012e-01 1.979e-01 1.443e-04 3.949e-05 3.595e-04 -1.000 8.506e-04 5.060 5.936 5.318 5.020 4.954 4.958 4.967
0.001 -1.19029 9.69897 0.8000000119 2.4187245369    0.800 -0.085  3.7928  4.549    1  0.000  0.535     0.00     0.00     0.00     0.00     0.00 -1 -6.12e-14      0.00 8.050e-01 1.942e-01 1.419e-04 3.886e-05 3.538e-04 -1.000 8.170e-04 4.982 5.841 5.233 4.946 4.885 4.892 4.902
0.001 -1.19029 9.69897 0.8045833707 2.4203169346    0.804 -0.070  3.7943  4.543    1  0.000  0.535     0.00     0.00     0.00     0.00     0.00 -1 -6.37e-14      0.00 8.060e-01 1.932e-01 1.415e-04 3.876e-05 3.529e-04 -1.000 8.000e-04 4.945 5.795 5.192 4.910 4.851 4.860 4.870
0.001 -1.19029 9.69897 0.8281259537 2.4281778336    0.828  0.008  3.8018  4.507    1  0.000  0.534     0.00     0.00     0.00     0.00     0.00 -1 -7.82e-14      0.00 8.103e-01 1.889e-01 1.402e-04 3.842e-05 3.501e-04 -1.000 8.000e-04 4.750 5.560 4.980 4.725 4.677 4.693 4.706
0.001 -1.19029 9.69897 0.8492420316 2.4348039627    0.848  0.079  3.8083  4.473    1  0.000  0.533     0.00     0.00     0.00     0.00     0.00 -1 -9.44e-14      0.00 8.130e-01 1.862e-01 1.399e-04 3.838e-05 3.499e-04 -1.000 7.998e-04 4.574 5.354 4.789 4.556 4.519 4.540 4.556
0.001 -1.19029 9.69897 0.8500000238 2.4350347519    0.849  0.081  3.8086  4.472    1  0.000  0.533     0.00     0.00     0.00     0.00     0.00 -1  -9.5e-14      0.00 8.130e-01 1.862e-01 1.399e-04 3.838e-05 3.499e-04 -1.000 8.000e-04 4.567 5.347 4.782 4.550 4.513 4.535 4.550
0.001 -1.19029 9.69897 0.8536727428 2.4361464977    0.853  0.093  3.8097  4.467    1  0.000  0.533     0.00     0.00     0.00     0.00     0.00 -1 -9.81e-14      0.00 8.131e-01 1.861e-01 1.400e-04 3.840e-05 3.502e-04 -1.000 8.000e-04 4.537 5.311 4.749 4.521 4.486 4.509 4.524
0.001 -1.19029 9.69897 0.8730782270 2.4418425560    0.872  0.159  3.8158  4.435    1  0.000  0.533     0.00     0.00     0.00     0.00     0.00 -1 -1.17e-13      0.00 8.130e-01 1.862e-01 1.405e-04 3.855e-05 3.516e-04 -1.000 8.000e-04 4.373 5.123 4.571 4.363 4.337 4.366 4.384
0.001 -1.19029 9.69897 0.8907137513 2.4467720985    0.890  0.220  3.8212  4.404    1  0.000  0.532     0.00     0.00     0.00     0.00     0.00 -1 -1.38e-13      0.00 8.128e-01 1.865e-01 1.410e-04 3.870e-05 3.531e-04 -1.000 7.939e-04 4.221 4.950 4.405 4.215 4.198 4.231 4.251
0.001 -1.19029 9.69897 0.8999999762 2.4492788315    0.899  0.253  3.8240  4.387    1  0.000  0.532     0.00     0.00     0.00     0.00     0.00 -1 -1.51e-13      0.00 8.126e-01 1.866e-01 1.413e-04 3.879e-05 3.540e-04 -1.000 8.000e-04 4.137 4.857 4.315 4.134 4.121 4.158 4.178
0.001 -1.19029 9.69897 0.9058877230 2.4508373737    0.905  0.274  3.8259  4.376    1  0.000  0.532     0.00     0.00     0.00     0.00     0.00 -1  -1.6e-13      0.00 8.126e-01 1.866e-01 1.413e-04 3.879e-05 3.540e-04 -1.000 8.001e-04 4.085 4.797 4.258 4.083 4.074 4.112 4.132
0.001 -1.19029 9.69897 0.9197139740 2.4544076920    0.919  0.325  3.8305  4.350    1  0.000  0.532     0.00     0.00     0.00     0.00     0.00 -1 -1.84e-13      0.00 8.126e-01 1.866e-01 1.413e-04 3.881e-05 3.541e-04 -1.000 8.000e-04 3.957 4.653 4.119 3.959 3.957 3.999 4.021
0.001 -1.19029 9.69897 0.9325084686 2.4576032162    0.931  0.374  3.8347  4.324    1  0.000  0.532     0.00     0.00     0.00     0.00     0.00 -1 -2.11e-13      0.00 8.123e-01 1.869e-01 1.415e-04 3.885e-05 3.545e-04 -1.000 8.000e-04 3.835 4.518 3.986 3.840 3.845 3.891 3.914
0.001 -1.19029 9.69897 0.9437384009 2.4603261948    0.943  0.418  3.8383  4.300    1  0.000  0.532     0.00     0.00     0.00     0.00     0.00 -1 -2.39e-13      0.00 8.120e-01 1.872e-01 1.416e-04 3.890e-05 3.549e-04 -1.000 8.000e-04 3.725 4.397 3.867 3.733 3.744 3.793 3.817
0.001 -1.19029 9.69897 0.9499999881 2.4618122578    0.949  0.443  3.8403  4.286    1  0.000  0.532     0.00     0.00     0.00     0.00     0.00 -1 -2.56e-13      0.00 8.118e-01 1.874e-01 1.417e-04 3.893e-05 3.552e-04 -1.000 8.000e-04 3.664 4.329 3.800 3.672 3.687 3.738 3.762
0.001 -1.19029 9.69897 0.9510362744 2.4620561600    0.950  0.447  3.8407  4.284    1  0.000  0.532     0.00     0.00     0.00     0.00     0.00 -1 -2.59e-13      0.00 8.118e-01 1.874e-01 1.417e-04 3.893e-05 3.552e-04 -1.000 8.007e-04 3.654 4.318 3.789 3.663 3.678 3.729 3.753
0.001 -1.19029 9.69897 0.9645550251 2.4651811123    0.963  0.500  3.8451  4.254    1  0.000  0.532     0.00     0.00     0.00     0.00     0.00 -1 -3.01e-13      0.00 8.117e-01 1.875e-01 1.418e-04 3.894e-05 3.553e-04 -1.000 8.037e-04 3.519 4.170 3.642 3.531 3.554 3.609 3.634
0.001 -1.19029 9.69897 0.9759263992 2.4677329063    0.975  0.547  3.8485  4.225    1  0.000  0.532     0.00     0.00     0.00     0.00     0.00 -1 -3.45e-13      0.00 8.114e-01 1.878e-01 1.419e-04 3.897e-05 3.555e-04 -1.000 8.000e-04 3.401 4.042 3.515 3.416 3.445 3.503 3.528
0.001 -1.19029 9.69897 0.9852480292 2.4697742462    0.984  0.589  3.8511  4.198    1  0.000  0.532     0.00     0.00     0.00     0.00     0.00 -1 -3.89e-13      0.00 8.104e-01 1.888e-01 1.425e-04 3.912e-05 3.568e-04 -1.000 8.000e-04 3.297 3.930 3.403 3.313 3.347 3.407 3.433
0.001 -1.19029 9.69897 0.9965617061 2.4721930027    0.996  0.643  3.8538  4.161    1  0.000  0.533     0.00     0.00     0.00     0.00     0.00 -1 -4.57e-13      0.00 8.084e-01 1.908e-01 1.436e-04 3.942e-05 3.595e-04 -1.000 8.000e-04 3.163 3.787 3.260 3.180 3.220 3.281 3.308
0.001 -1.19029 9.69897 0.9973468184 2.4723584652    0.996  0.646  3.8540  4.158    1  0.000  0.533     0.00     0.00     0.00     0.00     0.00 -1 -4.62e-13      0.00 8.082e-01 1.910e-01 1.437e-04 3.944e-05 3.597e-04 -1.000 8.000e-04 3.154 3.777 3.250 3.171 3.211 3.273 3.299
0.001 -1.19029 9.69897 1.0000000000 2.4729156494    0.999  0.661  3.8542  4.146    1  0.000  0.533     0.00     0.00     0.00     0.00     0.00 -1 -4.83e-13      0.00 8.077e-01 1.915e-01 1.440e-04 3.952e-05 3.604e-04 -1.000 8.000e-04 3.119 3.741 3.213 3.136 3.176 3.238 3.264
0.001 -1.19029 9.69897 1.0017778873 2.4732868671    1.001  0.670  3.8545  4.138    1  0.000  0.533     0.00     0.00     0.00     0.00     0.00 -1 -4.97e-13      0.00 8.074e-01 1.918e-01 1.442e-04 3.956e-05 3.608e-04 -1.000 8.037e-04 3.095 3.716 3.188 3.112 3.153 3.215 3.241
0.001 -1.19029 9.69897 1.0082455873 2.4746253490    1.007  0.707  3.8547  4.105    1  0.000  0.533     0.00     0.00     0.00     0.00     0.00 -1 -5.54e-13      0.00 8.065e-01 1.927e-01 1.447e-04 3.971e-05 3.621e-04 -1.000 8.168e-04 3.003 3.622 3.094 3.019 3.061 3.123 3.149
0.001 -1.19029 9.69897 1.0140118599 2.4758021832    1.013  0.742  3.8536  4.068    1  0.000  0.533     0.00     0.00     0.00     0.00     0.00 -1 -6.19e-13      0.00 8.056e-01 1.936e-01 1.452e-04 3.985e-05 3.633e-04 -1.000 8.286e-04 2.916 3.535 3.005 2.929 2.970 3.031 3.057
0.001 -1.19029 9.69897 1.0175925493 2.4765250683    1.016  0.765  3.8521  4.040    1  0.000  0.533     0.00     0.00     0.00     0.00     0.00 -1  -6.7e-13      0.00 8.051e-01 1.941e-01 1.455e-04 3.993e-05 3.640e-04 -1.000 8.357e-04 2.857 3.479 2.949 2.868 2.907 2.967 2.992
0.001 -1.19029 9.69897 1.0190285444 2.4768133163    1.018  0.775  3.8509  4.026    1  0.000  0.533     0.00     0.00     0.00     0.00     0.00 -1 -6.95e-13      0.00 8.048e-01 1.943e-01 1.456e-04 3.996e-05 3.643e-04 -1.000 8.387e-04 2.833 3.457 2.926 2.842 2.880 2.938 2.963
0.001 -1.19029 9.69897 1.0241898298 2.4778420925    1.023  0.810  3.8463  3.974    2  0.000  0.533     0.00     0.00     0.00     0.00     0.00 -1 -7.91e-13      0.00 8.041e-01 1.951e-01 1.461e-04 4.008e-05 3.654e-04 -1.000 8.490e-04 2.744 3.378 2.844 2.748 2.778 2.832 2.857
0.001 -1.19029 9.69897 1.0282913446 2.4786508083    1.027  0.842  3.8391  3.916    2  0.000  0.533     0.00     0.00     0.00     0.00     0.00 -1 -9.03e-13      0.00 8.035e-01 1.957e-01 1.464e-04 4.017e-05 3.662e-04 -1.000 8.572e-04 2.665 3.316 2.778 2.661 2.680 2.728 2.751
0.001 -1.19029 9.69897 1.0314658880 2.4792718887    1.030  0.868  3.8306  3.857    2  0.000  0.533     0.00     0.00     0.00     0.00     0.00 -1 -1.02e-12      0.00 8.030e-01 1.961e-01 1.467e-04 4.024e-05 3.669e-04 -1.000 8.635e-04 2.599 3.273 2.728 2.586 2.592 2.632 2.653
0.001 -1.19029 9.69897 1.0339460373 2.4797539711    1.032  0.891  3.8210  3.797    2  0.000  0.533     0.00     0.00     0.00     0.00     0.00 -1 -1.15e-12      0.00 8.026e-01 1.965e-01 1.469e-04 4.030e-05 3.674e-04 -1.000 8.684e-04 2.544 3.250 2.693 2.522 2.513 2.545 2.562
0.001 -1.19029 9.69897 1.0359079838 2.4801335335    1.034  0.908  3.8109  3.740    2  0.000  0.533     0.00     0.00     0.00     0.00     0.00 -1 -1.27e-12      0.00 8.023e-01 1.968e-01 1.470e-04 4.034e-05 3.678e-04 -1.000 8.723e-04 2.499 3.243 2.672 2.469 2.444 2.466 2.481
0.001 -1.19029 9.69897 1.0374828577 2.4804370403    1.036  0.922  3.8005  3.685    2  0.000  0.533     0.00     0.00     0.00     0.00     0.00 -1  -1.4e-12      0.00 8.004e-01 1.987e-01 1.481e-04 4.063e-05 3.703e-04 -1.000 8.953e-04 2.465 3.255 2.665 2.427 2.385 2.398 2.410
0.001 -1.19029 9.69897 1.0387848616 2.4806871414    1.037  0.931  3.7901  3.635    2  0.000  0.534     0.00     0.00     0.00     0.00     0.00 -1 -1.51e-12      0.00 7.970e-01 2.021e-01 1.501e-04 4.115e-05 3.750e-04 -1.000 9.000e-04 2.442 3.284 2.670 2.396 2.338 2.342 2.349
0.001 -1.19029 9.69897 1.0399035215 2.4809014797    1.038  0.936  3.7798  3.589    2  0.000  0.534     0.00     0.00     0.00     0.00     0.00 -1 -1.61e-12      0.00 7.927e-01 2.064e-01 1.525e-04 4.180e-05 3.808e-04 -1.000 9.000e-04 2.430 3.331 2.688 2.379 2.305 2.298 2.302
0.001 -1.19029 9.69897 1.0409117937 2.4810941219    1.039  0.936  3.7700  3.551    2  0.000  0.535     0.00     0.00     0.00     0.00     0.00 -1 -1.68e-12      0.00 7.834e-01 2.157e-01 1.577e-04 4.318e-05 3.931e-04 -1.000 9.001e-04 2.430 3.396 2.718 2.374 2.284 2.268 2.268
0.001 -1.19029 9.69897 1.0418794155 2.4812786579    1.040  0.933  3.7611  3.518    2  0.000  0.536     0.00     0.00     0.00     0.00     0.00 -1 -1.73e-12      0.00 7.699e-01 2.292e-01 1.654e-04 4.523e-05 4.113e-04 -1.000 9.145e-04 2.437 3.467 2.753 2.378 2.274 2.249 2.246
0.001 -1.19029 9.69897 1.0430749655 2.4815058708    1.041  0.941  3.7515  3.472    2  0.000  0.537     0.00     0.00     0.00     0.00     0.00 -1 -1.85e-12      0.00 7.614e-01 2.376e-01 1.700e-04 4.648e-05 4.224e-04 -1.000 9.863e-04 2.418 3.523 2.766 2.357 2.238 2.203 2.195
0.001 -1.19029 9.69897 1.0442651510 2.4817318916    1.042  0.968  3.7442  3.416    2  0.000  0.537     0.00     0.00     0.00     0.00     0.00 -1 -2.09e-12      0.00 7.574e-01 2.417e-01 1.722e-04 4.706e-05 4.276e-04 -1.000 9.903e-04 2.350 3.516 2.724 2.289 2.159 2.116 2.105
0.001 -1.19029 9.69897 1.0444359779 2.4817640781    1.042  0.974  3.7433  3.408    2  0.000  0.537     0.00     0.00     0.00     0.00     0.00 -1 -2.14e-12      0.00 7.569e-01 2.421e-01 1.724e-04 4.712e-05 4.281e-04 -1.000 9.891e-04 2.336 3.510 2.713 2.276 2.144 2.100 2.089
0.001 -1.19029 9.69897 1.0445948839 2.4817943573    1.042  0.980  3.7427  3.399    2  0.000  0.537     0.00     0.00     0.00     0.00     0.00 -1  -2.2e-12      0.00 7.565e-01 2.425e-01 1.726e-04 4.715e-05 4.284e-04 -1.000 9.819e-04 2.320 3.499 2.700 2.260 2.127 2.082 2.071
0.001 -1.19029 9.69897 1.0457220078 2.4820075035    1.044  1.029  3.7385  3.334    3  0.000  0.537     0.00     0.00     0.00     0.00     0.00 -1 -2.63e-12      0.00 7.540e-01 2.450e-01 1.734e-04 4.739e-05 4.305e-04 -1.000 9.582e-04 2.197 3.411 2.592 2.139 2.000 1.950 1.937
0.001 -1.19029 9.69897 1.0465213060 2.4821581841    1.044  1.069  3.7361  3.284    3  0.000  0.537     0.00     0.00     0.00     0.00     0.00 -1 -3.04e-12      0.00 7.521e-01 2.469e-01 1.737e-04 4.754e-05 4.316e-04 -1.000 1.000e-03 2.098 3.334 2.501 2.040 1.897 1.845 1.831
0.001 -1.19029 9.69897 1.0473896265 2.4823217392    1.045  1.117  3.7337  3.227    3  0.000  0.533     0.00     0.00     0.00     0.00     0.00 -1 -3.62e-12      0.00 7.498e-01 2.492e-01 1.730e-04 4.801e-05 4.326e-04 -1.000 1.000e-03 1.978 3.236 2.391 1.922 1.776 1.721 1.705
0.001 -1.19029 9.69897 1.0481216908 2.4824595451    1.046  1.160  3.7319  3.177    3  0.000  0.524     0.00     0.00     0.00     0.00     0.00 -1 -4.23e-12      0.00 7.476e-01 2.514e-01 1.704e-04 5.003e-05 4.333e-04 -1.000 1.000e-03 1.870 3.143 2.289 1.815 1.666 1.609 1.592
0.001 -1.19029 9.69897 1.0488772392 2.4826011658    1.046  1.208  3.7300  3.122    3  0.000  0.506     0.00     0.00     0.00     0.00     0.00 -1 -5.03e-12      0.00 7.451e-01 2.539e-01 1.648e-04 5.589e-05 4.338e-04 -1.000 1.000e-03 1.750 3.040 2.176 1.696 1.544 1.485 1.467
0.001 -1.19029 9.69897 1.0495624542 2.4827296734    1.047  1.255  3.7283  3.068    3  0.000  0.486     0.00     0.00     0.00     0.00     0.00 -1 -5.96e-12      0.00 7.427e-01 2.563e-01 1.583e-04 6.367e-05 4.343e-04 -1.000 1.000e-03 1.632 2.938 2.066 1.580 1.426 1.364 1.345
0.001 -1.19029 9.69897 1.0499999523 2.4828116894    1.048  1.287  3.7271  3.032    3  0.000  0.474     0.00     0.00     0.00     0.00     0.00 -1 -6.68e-12      0.00 7.411e-01 2.579e-01 1.544e-04 6.860e-05 4.346e-04 -1.000 1.000e-03 1.553 2.870 1.991 1.502 1.345 1.282 1.263
0.001 -1.19029 9.69897 1.0504512787 2.4828960896    1.048  1.321  3.7259  2.993    3  0.000  0.462     0.00     0.00     0.00     0.00     0.00 -1 -7.54e-12      0.00 7.394e-01 2.596e-01 1.506e-04 7.337e-05 4.348e-04 -1.000 1.000e-03 1.468 2.797 1.912 1.419 1.260 1.196 1.176
0.001 -1.19029 9.69897 1.0510435104 2.4830067158    1.048  1.368  3.7241  2.938    3  0.000  0.451     0.00     0.00     0.00     0.00     0.00 -1 -8.95e-12      0.00 7.377e-01 2.613e-01 1.473e-04 7.768e-05 4.350e-04 -1.000 1.000e-03 1.349 2.695 1.799 1.300 1.139 1.072 1.051
0.001 -1.19029 9.69897 1.0515807867 2.4831068516    1.049  1.415  3.7224  2.885    3  0.000  0.443     0.00     0.00     0.00     0.00     0.00 -1 -1.06e-11      0.00 7.360e-01 2.630e-01 1.446e-04 8.106e-05 4.352e-04 -1.000 1.000e-03 1.232 2.595 1.689 1.185 1.020 0.952 0.930
0.001 -1.19029 9.69897 1.0520541668 2.4831950665    1.049  1.460  3.7206  2.833    3  0.000  0.437     0.00     0.00     0.00     0.00     0.00 -1 -1.25e-11      0.00 7.348e-01 2.642e-01 1.428e-04 8.331e-05 4.353e-04 -1.000 1.000e-03 1.120 2.501 1.585 1.074 0.907 0.837 0.814
0.001 -1.19029 9.69897 1.0525091887 2.4832797050    1.050  1.506  3.7187  2.779    3  0.000  0.433     0.00     0.00     0.00     0.00     0.00 -1 -1.47e-11      0.00 7.338e-01 2.652e-01 1.415e-04 8.503e-05 4.354e-04 -1.000 1.000e-03 1.004 2.405 1.478 0.960 0.790 0.716 0.693
0.001 -1.19029 9.69897 1.0529190302 2.4833559990    1.050  1.552  3.7169  2.727    3  0.000  0.431     0.00     0.00     0.00     0.00     0.00 -1 -1.74e-11      0.00 7.332e-01 2.658e-01 1.406e-04 8.609e-05 4.355e-04 -1.000 1.000e-03 0.890 2.311 1.372 0.848 0.675 0.599 0.574
0.001 -1.19029 9.69897 1.0532897711 2.4834249020    1.050  1.597  3.7149  2.674    3  0.000  0.429     0.00     0.00     0.00     0.00     0.00 -1 -2.05e-11      0.00 7.328e-01 2.662e-01 1.401e-04 8.681e-05 4.355e-04 -1.000 1.000e-03 0.779 2.221 1.270 0.739 0.562 0.484 0.458
0.001 -1.19029 9.69897 1.0536389351 2.4834897518    1.050  1.642  3.7130  2.622    3  0.000  0.428     0.00     0.00     0.00     0.00     0.00 -1 -2.41e-11      0.00 7.325e-01 2.665e-01 1.397e-04 8.730e-05 4.356e-04 -1.000 1.000e-03 0.666 2.129 1.166 0.628 0.448 0.368 0.341
0.001 -1.19029 9.69897 1.0539566278 2.4835486412    1.051  1.686  3.7110  2.569    3  0.000  0.427     0.00     0.00     0.00     0.00     0.00 -1 -2.83e-11      0.00 7.323e-01 2.667e-01 1.395e-04 8.754e-05 4.356e-04 -1.000 1.000e-03 0.555 2.040 1.065 0.519 0.336 0.253 0.225
0.001 -1.19029 9.69897 1.0542411804 2.4836015701    1.051  1.729  3.7090  2.518    3  0.000  0.427     0.00     0.00     0.00     0.00     0.00 -1 -3.32e-11      0.00 7.323e-01 2.667e-01 1.395e-04 8.766e-05 4.357e-04 -1.000 1.000e-03 0.447 1.955 0.968 0.415 0.228 0.143 0.114
0.001 -1.19029 9.69897 1.0545139313 2.4836521149    1.051  1.773  3.7070  2.466    3  0.000  0.427     0.00     0.00     0.00     0.00     0.00 -1  -3.9e-11      0.00 7.323e-01 2.667e-01 1.394e-04 8.769e-05 4.357e-04 -1.000 1.000e-03 0.336 1.869 0.867 0.306 0.116 0.028 -0.002
0.001 -1.19029 9.69897 1.0547635555 2.4836983681    1.051  1.817  3.7048  2.413    3  0.000  0.427     0.00     0.00     0.00     0.00     0.00 -1 -4.58e-11      0.00 7.323e-01 2.667e-01 1.394e-04 8.771e-05 4.357e-04 -1.000 1.000e-03 0.227 1.789 0.769 0.198 0.005 -0.086 -0.117
0.001 -1.19029 9.69897 1.0549921989 2.4837405682    1.051  1.860  3.7027  2.362    3  0.000  0.427     0.00     0.00     0.00     0.00     0.00 -1 -5.37e-11      0.00 7.323e-01 2.667e-01 1.394e-04 8.774e-05 4.357e-04 -1.000 1.000e-03 0.119 1.709 0.672 0.093 -0.105 -0.198 -0.230
0.001 -1.19029 9.69897 1.0552093983 2.4837808609    1.051  1.904  3.7004  2.309    3  0.000  0.427     0.00     0.00     0.00     0.00     0.00 -1  -6.3e-11      0.00 7.323e-01 2.667e-01 1.394e-04 8.776e-05 4.357e-04 -1.000 1.000e-03 0.010 1.631 0.575 -0.014 -0.215 -0.311 -0.345
0.001 -1.19029 9.69897 1.0554070473 2.4838173389    1.051  1.946  3.6983  2.258    3  0.000  0.427     0.00     0.00     0.00     0.00     0.00 -1 -7.38e-11      0.00 7.323e-01 2.667e-01 1.394e-04 8.778e-05 4.357e-04 -1.000 1.000e-03 -0.096 1.555 0.481 -0.118 -0.323 -0.421 -0.456
0.001 -1.19029 9.69897 1.0555902719 2.4838511944    1.051  1.988  3.6960  2.207    3  0.000  0.426     0.00     0.00     0.00     0.00     0.00 -1 -8.62e-11      0.00 7.323e-01 2.667e-01 1.393e-04 8.780e-05 4.357e-04 -1.000 1.000e-03 -0.201 1.482 0.389 -0.219 -0.428 -0.530 -0.566
0.001 -1.19029 9.69897 1.0557652712 2.4838836193    1.051  2.030  3.6938  2.157    3  0.000  0.426     0.00     0.00     0.00     0.00     0.00 -1    -1e-10      0.00 7.323e-01 2.667e-01 1.393e-04 8.782e-05 4.357e-04 -1.000 1.000e-03 -0.304 1.411 0.299 -0.320 -0.533 -0.637 -0.674
0.001 -1.19029 9.69897 1.0559457541 2.4839169979    1.051  2.072  3.6915  2.106    3  0.000  0.426     0.00     0.00     0.00     0.00     0.00 -1 -1.17e-10      0.00 7.323e-01 2.667e-01 1.393e-04 8.784e-05 4.357e-04 -1.000 1.000e-03 -0.409 1.339 0.207 -0.421 -0.638 -0.746 -0.784
0.001 -1.19029 9.69897 1.0561311245 2.4839510918    1.051  2.098  3.6901  2.074    3  0.000  0.426     0.00     0.00     0.00     0.00     0.00 -1  -1.3e-10      0.00 7.323e-01 2.667e-01 1.393e-04 8.786e-05 4.357e-04 -1.000 1.000e-03 -0.475 1.294 0.149 -0.485 -0.705 -0.814 -0.853
0.001 -1.19029 9.69897 1.0561833382 2.4839608669    1.050  2.090  3.6907  2.084    3  0.000  0.426     0.00     0.00     0.00     0.00     0.00 -1 -1.27e-10      0.00 7.323e-01 2.667e-01 1.393e-04 8.786e-05 4.357e-04 -1.000 1.000e-03 -0.455 1.305 0.166 -0.466 -0.684 -0.793 -0.832
0.001 -1.19029 9.69897 1.0562889576 2.4839801788    1.050  2.060  3.6927  2.122    3  0.000  0.426     0.00     0.00     0.00     0.00     0.00 -1 -1.14e-10      0.00 7.323e-01 2.667e-01 1.393e-04 8.787e-05 4.357e-04 -1.000 1.000e-03 -0.380 1.352 0.230 -0.394 -0.609 -0.714 -0.752
0.001 -1.19029 9.69897 1.0563416481 2.4839899540    1.050  2.039  3.6940  2.148    3  0.000  0.426     0.00     0.00     0.00     0.00     0.00 -1 -1.05e-10      0.00 7.323e-01 2.667e-01 1.393e-04 8.788e-05 4.357e-04 -1.000 1.000e-03 -0.329 1.385 0.273 -0.344 -0.557 -0.661 -0.698
0.001 -1.19029 9.69897 1.0563950539 2.4839999676    1.050  2.056  3.6931  2.128    3  0.000  0.426     0.00     0.00     0.00     0.00     0.00 -1 -1.11e-10      0.00 7.323e-01 2.667e-01 1.393e-04 8.788e-05 4.357e-04 -1.000 1.000e-03 -0.370 1.357 0.237 -0.384 -0.598 -0.704 -0.741
0.001 -1.19029 9.69897 1.0565290451 2.4840245247    1.050  2.097  3.6908  2.077    3  0.000  0.426     0.00     0.00     0.00     0.00     0.00 -1 -1.29e-10      0.00 7.323e-01 2.667e-01 1.393e-04 8.790e-05 4.357e-04 -1.000 1.000e-03 -0.473 1.287 0.147 -0.484 -0.703 -0.811 -0.850
0.001 -1.19029 9.69897 1.0566604137 2.4840488434    1.050  2.139  3.6884  2.026    3  0.000  0.426     0.00     0.00     0.00     0.00     0.00 -1 -1.51e-10      0.00 7.323e-01 2.667e-01 1.393e-04 8.791e-05 4.357e-04 -1.000 1.000e-03 -0.578 1.219 0.058 -0.585 -0.807 -0.919 -0.959
0.001 -1.19029 9.69897 1.0567818880 2.4840712547    1.050  2.180  3.6860  1.975    3  0.000  0.426     0.00     0.00     0.00     0.00     0.00 -1 -1.76e-10      0.00 7.322e-01 2.668e-01 1.392e-04 8.792e-05 4.357e-04 -1.000 9.999e-04 -0.680 1.156 -0.029 -0.682 -0.909 -1.024 -1.066
0.001 -1.19029 9.69897 1.0568976402 2.4840924740    1.050  2.222  3.6835  1.923    3  0.000  0.426     0.00     0.00     0.00     0.00     0.00 -1 -2.05e-10      0.00 7.322e-01 2.668e-01 1.392e-04 8.794e-05 4.357e-04 -1.000 1.000e-03 -0.784 1.105 -0.115 -0.784 -1.015 -1.133 -1.176
0.001 -1.19029 9.69897 1.0570003986 2.4841115475    1.049  2.261  3.6811  1.874    3  0.000  0.426     0.00     0.00     0.00     0.00     0.00 -1 -2.38e-10      0.00 7.322e-01 2.668e-01 1.392e-04 8.795e-05 4.357e-04 -1.000 9.999e-04 -0.883 1.059 -0.197 -0.881 -1.116 -1.236 -1.281
0.001 -1.19029 9.69897 1.0571006536 2.4841299057    1.049  2.302  3.6786  1.823    3  0.000  0.426     0.00     0.00     0.00     0.00     0.00 -1 -2.78e-10      0.00 7.322e-01 2.668e-01 1.392e-04 8.796e-05 4.357e-04 -1.000 1.000e-03 -0.986 1.015 -0.280 -0.982 -1.220 -1.344 -1.391
0.001 -1.19029 9.69897 1.0571887493 2.4841461182    1.049  2.341  3.6762  1.775    3  0.000  0.426     0.00     0.00     0.00     0.00     0.00 -1 -3.21e-10      0.00 7.322e-01 2.668e-01 1.392e-04 8.797e-05 4.357e-04 -1.000 9.999e-04 -1.082 0.977 -0.357 -1.075 -1.318 -1.444 -1.493
0.001 -1.19029 9.69897 1.0572731495 2.4841616154    1.048  2.380  3.6737  1.725    3  0.000  0.426     0.00     0.00     0.00     0.00     0.00 -1 -3.73e-10      0.00 7.322e-01 2.668e-01 1.392e-04 8.798e-05 4.357e-04 -1.000 1.000e-03 -1.181 0.941 -0.434 -1.171 -1.418 -1.547 -1.597
0.001 -1.19029 9.69897 1.0573492050 2.4841756821    1.048  2.418  3.6713  1.677    3  0.000  0.426     0.00     0.00     0.00     0.00     0.00 -1  -4.3e-10      0.00 7.322e-01 2.668e-01 1.392e-04 8.798e-05 4.357e-04 -1.000 1.000e-03 -1.276 0.908 -0.508 -1.263 -1.514 -1.646 -1.698
0.001 -1.19029 9.69897 1.0574206114 2.4841887951    1.047  2.456  3.6688  1.629    3  0.000  0.426     0.00     0.00     0.00     0.00     0.00 -1 -4.96e-10      0.00 7.322e-01 2.668e-01 1.392e-04 8.799e-05 4.357e-04 -1.000 1.000e-03 -1.371 0.881 -0.579 -1.354 -1.609 -1.745 -1.799
0.001 -1.19029 9.69897 1.0574861765 2.4842009544    1.047  2.494  3.6663  1.582    3  0.000  0.426     0.00     0.00     0.00     0.00     0.00 -1 -5.72e-10      0.00 7.322e-01 2.668e-01 1.392e-04 8.800e-05 4.357e-04 -1.000 1.000e-03 -1.464 0.857 -0.648 -1.443 -1.702 -1.841 -1.897
0.001 -1.19029 9.69897 1.0575482845 2.4842123985    1.046  2.531  3.6637  1.533    3  0.000  0.426     6.88     5.38     3.85     2.95     2.39  4  -6.6e-10      0.00 7.322e-01 2.668e-01 1.392e-04 8.800e-05 4.357e-04 -1.000 1.000e-03 -1.558 0.839 -0.716 -1.532 -1.796 -1.938 -1.996
0.001 -1.19029 9.69897 1.0576045513 2.4842226505    1.046  2.567  3.6613  1.488    3  0.000  0.426     7.57     5.85     4.17     3.19     2.59  4 -7.57e-10      0.00 7.322e-01 2.668e-01 1.392e-04 8.801e-05 4.357e-04 -1.000 1.000e-03 -1.648 0.822 -0.781 -1.618 -1.886 -2.031 -2.091
0.001 -1.19029 9.69897 1.0576575994 2.4842324257    1.045  2.603  3.6588  1.441    3  0.000  0.426     8.34     6.36     4.52     3.46     2.81  4 -8.68e-10      0.00 7.322e-01 2.668e-01 1.392e-04 8.802e-05 4.357e-04 -1.000 1.000e-03 -1.739 0.816 -0.841 -1.702 -1.976 -2.124 -2.186
0.001 -1.19029 9.69897 1.0577075481 2.4842417240    1.044  2.640  3.6562  1.394    3  0.000  0.426     9.19     6.92     4.90     3.76     3.05  4 -9.98e-10      0.00 7.322e-01 2.668e-01 1.392e-04 8.802e-05 4.357e-04 -1.000 1.000e-03 -1.829 0.803 -0.902 -1.784 -2.063 -2.216 -2.280
0.001 -1.19029 9.69897 1.0577645302 2.4842522144    1.044  2.684  3.6531  1.337    3  0.000  0.426    10.35     7.67     5.40     4.15     3.37  3 -1.18e-09      0.00 7.322e-01 2.668e-01 1.392e-04 8.803e-05 4.357e-04 -1.000 1.000e-03 -1.940 0.782 -0.977 -1.882 -2.170 -2.327 -2.394
0.001 -1.19029 9.69897 1.0578171015 2.4842617512    1.042  2.728  3.6499  1.279    3  0.000  0.426    11.67     8.52     5.97     4.60     3.73  3  -1.4e-09      0.00 7.322e-01 2.668e-01 1.392e-04 8.803e-05 4.357e-04 -1.000 1.000e-03 -2.051 0.765 -1.049 -1.980 -2.276 -2.439 -2.508
0.001 -1.19029 9.69897 1.0578564405 2.4842691422    1.042  2.763  3.6474  1.234    3  0.000  0.426    12.81     9.24     6.45     4.97     4.04  3  -1.6e-09      0.00 7.322e-01 2.668e-01 1.392e-04 8.804e-05 4.357e-04 -1.000 1.000e-03 -2.138 0.751 -1.106 -2.056 -2.358 -2.526 -2.597
0.001 -1.19029 9.69897 1.0579007864 2.4842772484    1.040  2.805  3.6443  1.179    3  0.000  0.426    14.36    10.20     7.09     5.48     4.45  3 -1.88e-09      0.00 7.322e-01 2.668e-01 1.392e-04 8.804e-05 4.357e-04 -1.000 1.000e-03 -2.243 0.738 -1.173 -2.147 -2.458 -2.631 -2.704
0.001 -1.19029 9.69897 1.0579419136 2.4842848778    1.039  2.847  3.6411  1.124    3  0.000  0.426    16.10    11.27     7.80     6.03     4.90  3 -2.22e-09      0.00 7.322e-01 2.668e-01 1.392e-04 8.805e-05 4.357e-04 -1.000 1.000e-03 -2.348 0.728 -1.238 -2.237 -2.556 -2.735 -2.811
0.001 -1.19029 9.69897 1.0579806566 2.4842920303    1.038  2.889  3.6379  1.068    3  0.000  0.426    18.06    12.46     8.58     6.64     5.40  3 -2.61e-09      0.00 7.322e-01 2.668e-01 1.391e-04 8.805e-05 4.357e-04 -1.000 1.000e-03 -2.453 0.719 -1.302 -2.327 -2.655 -2.839 -2.917
0.001 -1.19029 9.69897 1.0580158234 2.4842984676    1.036  2.930  3.6348  1.015    3  0.000  0.426    20.20    13.72     9.41     7.30     5.93  2 -3.06e-09      0.00 7.322e-01 2.668e-01 1.391e-04 8.805e-05 4.357e-04 -1.000 1.000e-03 -2.555 0.711 -1.364 -2.413 -2.749 -2.940 -3.021
0.001 -1.19029 9.69897 1.0580482483 2.4843044281    1.034  2.970  3.6317  0.962    3  0.000  0.426    22.54    15.10    10.30     8.01     6.51  2 -3.58e-09      0.00 7.322e-01 2.668e-01 1.391e-04 8.806e-05 4.357e-04 -1.000 1.000e-03 -2.655 0.711 -1.419 -2.496 -2.842 -3.038 -3.122
0.001 -1.19029 9.69897 1.0580786467 2.4843099117    1.033  3.010  3.6286  0.908    3  0.000  0.426    25.16    16.61    11.29     8.78     7.14  2 -4.19e-09      0.00 7.322e-01 2.668e-01 1.391e-04 8.806e-05 4.357e-04 -1.000 1.000e-03 -2.755 0.717 -1.469 -2.576 -2.933 -3.136 -3.222
0.001 -1.19029 9.69897 1.0581068993 2.4843151569    1.031  3.049  3.6255  0.856    3  0.000  0.426    28.07    18.26    12.36     9.63     7.83  2 -4.89e-09      0.00 7.322e-01 2.668e-01 1.391e-04 8.806e-05 4.357e-04 -1.000 1.000e-03 -2.853 0.722 -1.517 -2.655 -3.022 -3.232 -3.320
0.001 -1.19029 9.69897 1.0581322908 2.4843196869    1.028  3.087  3.6226  0.806    3  0.000  0.426    31.11    19.97    13.46    10.50     8.54  2 -5.67e-09      0.00 7.322e-01 2.668e-01 1.391e-04 8.807e-05 4.357e-04 -1.000 1.000e-03 -2.946 0.725 -1.563 -2.729 -3.107 -3.322 -3.414
0.001 -1.19029 9.69897 1.0581564903 2.4843242168    1.026  3.124  3.6196  0.755    3  0.000  0.426    34.57    21.88    14.68    11.48     9.33  2 -6.58e-09      0.00 7.322e-01 2.668e-01 1.391e-04 8.807e-05 4.357e-04 -1.000 1.000e-03 -3.041 0.731 -1.609 -2.804 -3.192 -3.414 -3.508
0.001 -1.19029 9.69897 1.0581793785 2.4843285084    1.024  3.162  3.6165  0.704    3  0.000  0.426    38.43    23.99    16.03    12.55    10.20  2 -7.66e-09      0.00 7.322e-01 2.668e-01 1.391e-04 8.807e-05 4.357e-04 -1.000 1.000e-03 -3.135 0.737 -1.651 -2.877 -3.277 -3.505 -3.602
0.001 -1.19029 9.69897 1.0582009554 2.4843323231    1.021  3.200  3.6135  0.653    3  0.000  0.426    42.68    26.27    17.49    13.70    11.15  2  -8.9e-09      0.00 7.322e-01 2.668e-01 1.391e-04 8.807e-05 4.357e-04 -1.000 1.000e-03 -3.229 0.743 -1.693 -2.950 -3.361 -3.596 -3.695
0.001 -1.19029 9.69897 1.0582207441 2.4843361378    1.018  3.235  3.6106  0.605    3  0.000  0.426    47.18    28.66    19.00    14.91    12.13  1 -1.03e-08      0.00 7.322e-01 2.668e-01 1.391e-04 8.808e-05 4.357e-04 -1.000 1.000e-03 -3.319 0.746 -1.734 -3.019 -3.441 -3.682 -3.783
0.001 -1.19029 9.69897 1.0582392216 2.4843394756    1.015  3.270  3.6079  0.558    3  0.000  0.426    52.01    31.18    20.59    16.18    13.17  1 -1.18e-08      0.00 7.322e-01 2.668e-01 1.391e-04 8.808e-05 4.357e-04 -1.000 1.000e-03 -3.405 0.746 -1.770 -3.084 -3.517 -3.764 -3.868
0.001 -1.19029 9.69897 1.0582569838 2.4843428135    1.011  3.302  3.6053  0.513    3  0.000  0.426    56.99    33.74    22.20    17.47    14.22  1 -1.35e-08      0.00 7.322e-01 2.668e-01 1.391e-04 8.808e-05 4.357e-04 -1.000 1.000e-03 -3.486 0.746 -1.801 -3.143 -3.588 -3.841 -3.947
0.001 -1.19029 9.69897 1.0582619905 2.4843435287    1.010  3.312  3.6046  0.501    3  0.000  0.426    58.47    34.50    22.68    17.85    14.53  1 -1.41e-08      0.00 7.322e-01 2.668e-01 1.391e-04 8.808e-05 4.357e-04 -1.000 1.000e-03 -3.509 0.746 -1.810 -3.160 -3.607 -3.862 -3.969
0.001 -1.19029 9.69897 1.0582619905 2.4843435287    1.010  1.834  3.7302  2.481    4  0.000  0.440     0.00     0.00     0.00     0.00     0.00 -1    -1e-30      0.00 7.292e-01 2.698e-01 1.453e-04 8.345e-05 4.404e-04 -1.000 1.000e-03 0.184 1.458 0.602 0.132 -0.019 -0.080 -0.098
0.001 -1.19029 9.69897 1.0584210157 2.4843728542    1.010  1.847  3.7291  2.464    4  0.000  0.440     0.00     0.00     0.00     0.00     0.00 -1    -1e-30      0.00 7.291e-01 2.699e-01 1.453e-04 8.348e-05 4.404e-04 -1.000 9.999e-04 0.152 1.439 0.575 0.101 -0.052 -0.114 -0.133
0.001 -1.19029 9.69897 1.0585827827 2.4844026566    1.010  1.852  3.7287  2.458    4  0.000  0.440     0.00     0.00     0.00     0.00     0.00 -1    -1e-30      0.00 7.291e-01 2.699e-01 1.453e-04 8.350e-05 4.404e-04 -1.000 1.000e-03 0.141 1.431 0.565 0.089 -0.064 -0.126 -0.145
0.001 -1.19029 9.69897 1.0587460995 2.4844324589    1.011  1.855  3.7287  2.454    4  0.000  0.440     0.00     0.00     0.00     0.00     0.00 -1    -1e-30      0.00 7.291e-01 2.699e-01 1.453e-04 8.352e-05 4.404e-04 -1.000 1.000e-03 0.133 1.424 0.557 0.081 -0.072 -0.134 -0.154
0.001 -1.19029 9.69897 1.0589120388 2.4844629765    1.011  1.857  3.7289  2.453    4  0.000  0.440     0.00     0.00     0.00     0.00     0.00 -1    -1e-30      0.00 7.291e-01 2.699e-01 1.453e-04 8.355e-05 4.404e-04 -1.000 1.000e-03 0.127 1.416 0.551 0.076 -0.077 -0.139 -0.158
0.001 -1.19029 9.69897 1.0590790510 2.4844937325    1.011  1.859  3.7292  2.453    4  0.000  0.440     0.00     0.00     0.00     0.00     0.00 -1    -1e-30      0.00 7.291e-01 2.699e-01 1.452e-04 8.357e-05 4.404e-04 -1.000 1.000e-03 0.123 1.409 0.545 0.072 -0.081 -0.143 -0.161
0.001 -1.19029 9.69897 1.0592417717 2.4845235348    1.011  1.860  3.7297  2.454    4  0.000  0.440     0.00     0.00     0.00     0.00     0.00 -1    -1e-30      0.00 7.291e-01 2.699e-01 1.452e-04 8.359e-05 4.404e-04 -1.000 1.000e-03 0.120 1.401 0.541 0.068 -0.083 -0.145 -0.163
0.001 -1.19029 9.69897 1.0593945980 2.4845514297    1.011  1.861  3.7301  2.454    4  0.000  0.440     0.00     0.00     0.00     0.00     0.00 -1    -1e-30      0.00 7.291e-01 2.699e-01 1.452e-04 8.362e-05 4.404e-04 -1.000 1.000e-03 0.118 1.394 0.536 0.065 -0.085 -0.146 -0.165
0.001 -1.19029 9.69897 1.0595623255 2.4845821857    1.012  1.862  3.7306  2.455    4  0.000  0.440     0.00     0.00     0.00     0.00     0.00 -1    -1e-30      0.00 7.291e-01 2.699e-01 1.452e-04 8.364e-05 4.404e-04 -1.000 1.000e-03 0.115 1.387 0.531 0.063 -0.087 -0.148 -0.166
0.001 -1.19029 9.69897 1.0597127676 2.4846098423    1.012  1.863  3.7310  2.456    4  0.000  0.439     0.00     0.00     0.00     0.00     0.00 -1    -1e-30      0.00 7.291e-01 2.699e-01 1.452e-04 8.366e-05 4.404e-04 -1.000 1.000e-03 0.113 1.381 0.527 0.060 -0.090 -0.150 -0.167
0.001 -1.19029 9.69897 1.0598665476 2.4846379757    1.012  1.864  3.7314  2.457    4  0.000  0.439     0.00     0.00     0.00     0.00     0.00 -1    -1e-30      0.00 7.291e-01 2.699e-01 1.451e-04 8.368e-05 4.404e-04 -1.000 1.000e-03 0.110 1.374 0.523 0.057 -0.092 -0.151 -0.169
0.001 -1.19029 9.69897 1.0600348711 2.4846687317    1.012  1.865  3.7318  2.457    4  0.000  0.439     0.00     0.00     0.00     0.00     0.00 -1    -1e-30      0.00 7.291e-01 2.699e-01 1.451e-04 8.371e-05 4.404e-04 -1.000 1.000e-03 0.107 1.367 0.518 0.053 -0.095 -0.154 -0.171
0.001 -1.19029 9.69897 1.0601851940 2.4846963882    1.012  1.866  3.7322  2.457    4  0.000  0.439     0.00     0.00     0.00     0.00     0.00 -1    -1e-30      0.00 7.291e-01 2.699e-01 1.451e-04 8.373e-05 4.404e-04 -1.000 1.000e-03 0.104 1.360 0.513 0.050 -0.097 -0.156 -0.173
0.001 -1.19029 9.69897 1.0603404045 2.4847247601    1.012  1.868  3.7325  2.458    4  0.000  0.439     0.00     0.00     0.00     0.00     0.00 -1    -1e-30      0.00 7.291e-01 2.699e-01 1.451e-04 8.375e-05 4.404e-04 -1.000 1.000e-03 0.101 1.354 0.508 0.047 -0.100 -0.158 -0.175
0.001 -1.19029 9.69897 1.0605049133 2.4847548008    1.013  1.869  3.7328  2.458    4  0.000  0.439     0.00     0.00     0.00     0.00     0.00 -1    -1e-30      0.00 7.291e-01 2.699e-01 1.451e-04 8.378e-05 4.404e-04 -1.000 1.000e-03 0.097 1.347 0.504 0.043 -0.103 -0.161 -0.178
0.001 -1.19029 9.69897 1.0605918169 2.4847707748    1.013  1.870  3.7330  2.458    4  0.000  0.439     0.00     0.00     0.00     0.00     0.00 -1    -1e-30      0.00 7.291e-01 2.699e-01 1.451e-04 8.379e-05 4.404e-04 -1.000 1.000e-03 0.095 1.344 0.501 0.041 -0.105 -0.162 -0.179
0.001 -1.19029 9.69897 1.0606549978 2.4847822189    1.013  1.870  3.7331  2.457    4  0.000  0.439     0.00     0.00     0.00     0.00     0.00 -1    -1e-30      0.00 7.291e-01 2.699e-01 1.450e-04 8.380e-05 4.404e-04 -1.000 1.000e-03 0.094 1.341 0.499 0.040 -0.106 -0.164 -0.180
0.001 -1.19029 9.69897 1.0608018637 2.4848091602    1.013  1.872  3.7333  2.457    4  0.000  0.439     0.00     0.00     0.00     0.00     0.00 -1    -1e-30      0.00 7.291e-01 2.699e-01 1.450e-04 8.382e-05 4.404e-04 -1.000 1.000e-03 0.091 1.335 0.495 0.036 -0.109 -0.166 -0.183
0.001 -1.19029 9.69897 1.0609481335 2.4848358631    1.013  1.873  3.7336  2.457    4  0.000  0.439     0.00     0.00     0.00     0.00     0.00 -1    -1e-30      0.00 7.291e-01 2.699e-01 1.450e-04 8.384e-05 4.404e-04 -1.000 1.000e-03 0.087 1.330 0.490 0.033 -0.112 -0.169 -0.186
0.001 -1.19029 9.69897 1.0610947609 2.4848625660    1.013  1.875  3.7337  2.456    4  0.000  0.439     0.00     0.00     0.00     0.00     0.00 -1    -1e-30      0.00 7.291e-01 2.699e-01 1.450e-04 8.386e-05 4.404e-04 -1.000 1.000e-03 0.084 1.325 0.486 0.029 -0.116 -0.173 -0.189
0.001 -1.19029 9.69897 1.0612527132 2.4848914146    1.013  1.876  3.7339  2.455    4  0.000  0.439     0.00     0.00     0.00     0.00     0.00 -1    -1e-30      0.00 7.291e-01 2.699e-01 1.450e-04 8.388e-05 4.404e-04 -1.000 1.000e-03 0.080 1.319 0.481 0.025 -0.119 -0.176 -0.193
0.001 -1.19029 9.69897 1.0614055395 2.4849193096    1.014  1.878  3.7340  2.454    4  0.000  0.439     0.00     0.00     0.00     0.00     0.00 -1    -1e-30      0.00 7.291e-01 2.699e-01 1.450e-04 8.391e-05 4.404e-04 -1.000 1.000e-03 0.075 1.314 0.477 0.021 -0.123 -0.180 -0.197
0.001 -1.19029 9.69897 1.0615590811 2.4849474430    1.014  1.880  3.7340  2.452    4  0.000  0.439     0.00     0.00     0.00     0.00     0.00 -1    -1e-30      0.00 7.291e-01 2.699e-01 1.449e-04 8.393e-05 4.404e-04 -1.000 1.000e-03 0.071 1.310 0.472 0.016 -0.128 -0.185 -0.201
0.001 -1.19029 9.69897 1.0617103577 2.4849748611    1.014  1.882  3.7340  2.450    4  0.000  0.439     0.00     0.00     0.00     0.00     0.00 -1    -1e-30      0.00 7.291e-01 2.699e-01 1.449e-04 8.395e-05 4.404e-04 -1.000 1.000e-03 0.066 1.305 0.467 0.011 -0.133 -0.190 -0.206
0.001 -1.19029 9.69897 1.0617494583 2.4849820137    1.014  1.882  3.7340  2.450    4  0.000  0.439     0.00     0.00     0.00     0.00     0.00 -1    -1e-30      0.00 7.291e-01 2.699e-01 1.449e-04 8.396e-05 4.404e-04 -1.000 1.000e-03 0.065 1.304 0.466 0.010 -0.134 -0.191 -0.207
0.001 -1.19029 9.69897 1.0618442297 2.4849994183    1.014  1.883  3.7339  2.448    4  0.000  0.439     0.00     0.00     0.00     0.00     0.00 -1    -1e-30      0.00 7.291e-01 2.699e-01 1.449e-04 8.397e-05 4.404e-04 -1.000 1.000e-03 0.061 1.301 0.463 0.007 -0.138 -0.194 -0.211
0.001 -1.19029 9.69897 1.0619935989 2.4850265980    1.014  1.886  3.7338  2.446    4  0.000  0.439     0.00     0.00     0.00     0.00     0.00 -1    -1e-30      0.00 7.291e-01 2.699e-01 1.449e-04 8.399e-05 4.404e-04 -1.000 1.000e-03 0.056 1.297 0.458 0.001 -0.144 -0.200 -0.217
0.001 -1.19029 9.69897 1.0621386766 2.4850530624    1.014  1.888  3.7336  2.442    4  0.000  0.439     0.00     0.00     0.00     0.00     0.00 -1    -1e-30      0.00 7.290e-01 2.700e-01 1.449e-04 8.401e-05 4.404e-04 -1.000 1.000e-03 0.050 1.293 0.452 -0.005 -0.150 -0.207 -0.224
0.001 -1.19029 9.69897 1.0622884035 2.4850802422    1.015  1.891  3.7333  2.438    4  0.000  0.439     0.00     0.00     0.00     0.00     0.00 -1    -1e-30      0.00 7.290e-01 2.700e-01 1.449e-04 8.403e-05 4.404e-04 -1.000 1.000e-03 0.043 1.289 0.446 -0.012 -0.157 -0.215 -0.232
0.001 -1.19029 9.69897 1.0624346733 2.4851069450    1.015  1.894  3.7329  2.434    4  0.000  0.439     0.00     0.00     0.00     0.00     0.00 -1    -1e-30      0.00 7.290e-01 2.700e-01 1.448e-04 8.405e-05 4.404e-04 -1.000 1.000e-03 0.035 1.285 0.440 -0.020 -0.166 -0.224 -0.241
0.001 -1.19029 9.69897 1.0625793934 2.4851334095    1.015  1.898  3.7324  2.428    4  0.000  0.438     0.00     0.00     0.00     0.00     0.00 -1    -1e-30      0.00 7.290e-01 2.700e-01 1.448e-04 8.407e-05 4.404e-04 -1.000 1.000e-03 0.025 1.281 0.433 -0.029 -0.176 -0.234 -0.251
0.001 -1.19029 9.69897 1.0627256632 2.4851598740    1.015  1.902  3.7318  2.422    4  0.000  0.438     0.00     0.00     0.00     0.00     0.00 -1    -1e-30      0.00 7.290e-01 2.700e-01 1.448e-04 8.409e-05 4.404e-04 -1.000 1.000e-03 0.015 1.276 0.425 -0.039 -0.187 -0.246 -0.264
0.001 -1.19029 9.69897 1.0628726482 2.4851865768    1.015  1.907  3.7311  2.414    4  0.000  0.438     0.00     0.00     0.00     0.00     0.00 -1    -1e-30      0.00 7.290e-01 2.700e-01 1.448e-04 8.412e-05 4.404e-04 -1.000 1.000e-03 0.003 1.271 0.416 -0.050 -0.199 -0.259 -0.277
0.001 -1.19029 9.69897 1.0630205870 2.4852135181    1.015  1.912  3.7303  2.406    4  0.000  0.438     0.00     0.00     0.00     0.00     0.00 -1    -1e-30      0.00 7.290e-01 2.700e-01 1.448e-04 8.414e-05 4.404e-04 -1.000 1.000e-03 -0.010 1.266 0.406 -0.063 -0.214 -0.274 -0.293
0.001 -1.19029 9.69897 1.0631655455 2.4852399826    1.016  1.918  3.7293  2.395    4  0.000  0.438     0.00     0.00     0.00     0.00     0.00 -1    -1e-30      0.00 7.290e-01 2.700e-01 1.448e-04 8.416e-05 4.404e-04 -1.000 1.000e-03 -0.026 1.261 0.395 -0.079 -0.231 -0.293 -0.312
0.001 -1.19029 9.69897 1.0633101463 2.4852662086    1.016  1.927  3.7279  2.381    4  0.000  0.438     0.00     0.00     0.00     0.00     0.00 -1    -1e-30      0.00 7.290e-01 2.700e-01 1.447e-04 8.418e-05 4.404e-04 -1.000 1.000e-03 -0.049 1.254 0.378 -0.101 -0.255 -0.319 -0.338
0.001 -1.19029 9.69897 1.0634609461 2.4852936268    1.016  1.946  3.7252  2.352    4  0.000  0.438     0.00     0.00     0.00     0.00     0.00 -1    -1e-30      0.00 7.290e-01 2.700e-01 1.447e-04 8.420e-05 4.404e-04 -1.000 1.000e-03 -0.095 1.237 0.344 -0.146 -0.304 -0.371 -0.392
0.001 -1.19029 9.69897 1.0635790825 2.4853150845    1.016  1.976  3.7211  2.305    4  0.000  0.438     0.00     0.00     0.00     0.00     0.00 -1    -1e-30      0.00 7.290e-01 2.700e-01 1.447e-04 8.422e-05 4.404e-04 -1.000 1.000e-03 -0.170 1.207 0.288 -0.218 -0.384 -0.455 -0.478
0.001 -1.19029 9.69897 1.0636326075 2.4853248596    1.016  2.010  3.7168  2.254    4  0.000  0.438     0.00     0.00     0.00     0.00     0.00 -1    -1e-30      0.00 7.290e-01 2.700e-01 1.447e-04 8.422e-05 4.404e-04 -1.000 1.000e-03 -0.256 1.171 0.221 -0.302 -0.474 -0.550 -0.575
0.001 -1.19029 9.69897 1.0636548996 2.4853289127    1.016  2.043  3.7131  2.206    4  0.000  0.438     0.00     0.00     0.00     0.00     0.00 -1    -1e-30      0.00 7.290e-01 2.700e-01 1.447e-04 8.423e-05 4.404e-04 -1.000 1.000e-03 -0.339 1.133 0.157 -0.381 -0.560 -0.640 -0.667
0.001 -1.19029 9.69897 1.0636652708 2.4853308201    1.016  2.077  3.7097  2.159    4  0.000  0.438     0.00     0.00     0.00     0.00     0.00 -1    -1e-30      0.00 7.290e-01 2.700e-01 1.447e-04 8.423e-05 4.404e-04 -1.000 1.000e-03 -0.422 1.092 0.091 -0.461 -0.646 -0.730 -0.759
0.001 -1.19029 9.69897 1.0636701584 2.4853317738    1.016  2.109  3.7065  2.114    4  0.000  0.438     0.00     0.00     0.00     0.00     0.00 -1    -1e-30      0.00 7.290e-01 2.700e-01 1.447e-04 8.423e-05 4.404e-04 -1.000 1.000e-03 -0.504 1.051 0.027 -0.540 -0.730 -0.818 -0.849
0.001 -1.19029 9.69897 1.0636720657 2.4853320122    1.016  2.127  3.7049  2.089    7  0.000  0.438     0.00     0.00     0.00     0.00     0.00 -1 -6.49e-24      0.00 7.290e-01 2.697e-01 1.447e-04 8.423e-05 4.404e-04 -1.000 1.296e-03 -0.548 1.028 -0.010 -0.583 -0.776 -0.866 -0.897
0.001 -1.19029 9.69897 1.0636734962 2.4853322506    1.016  2.145  3.7034  2.066    7  0.000  0.438     0.00     0.00     0.00     0.00     0.00 -1 -6.72e-24      0.00 7.290e-01 2.697e-01 1.447e-04 8.423e-05 4.404e-04 -1.000 1.296e-03 -0.592 1.004 -0.045 -0.624 -0.820 -0.912 -0.944
0.001 -1.19029 9.69897 1.0636765957 2.4853327274    1.016  2.185  3.7001  2.012    7  0.000  0.438     0.00     0.00     0.00     0.00     0.00 -1 -7.25e-24      0.00 7.290e-01 2.697e-01 1.447e-04 8.423e-05 4.404e-04 -1.000 1.296e-03 -0.693 0.948 -0.127 -0.721 -0.923 -1.019 -1.053
0.001 -1.19029 9.69897 1.0636795759 2.4853334427    1.016  2.223  3.6970  1.962    7  0.000  0.438     0.00     0.00     0.00     0.00     0.00 -1 -7.89e-24      0.00 7.290e-01 2.697e-01 1.447e-04 8.423e-05 4.404e-04 -1.000 1.296e-03 -0.787 0.899 -0.204 -0.811 -1.019 -1.119 -1.154
0.001 -1.19029 9.69897 1.0636881590 2.4853348732    1.016  2.263  3.6939  1.910    7  0.000  0.438     0.00     0.00     0.00     0.00     0.00 -1 -9.28e-24      0.00 7.290e-01 2.697e-01 1.447e-04 8.423e-05 4.404e-04 -1.000 1.296e-03 -0.886 0.849 -0.283 -0.906 -1.119 -1.223 -1.260
0.001 -1.19029 9.69897 1.0637099743 2.4853389263    1.016  2.224  3.6971  1.961    7  0.000  0.438     0.00     0.00     0.00     0.00     0.00 -1 -1.01e-22      0.00 7.290e-01 2.696e-01 1.447e-04 8.424e-05 4.404e-04 -1.000 1.348e-03 -0.791 0.896 -0.207 -0.815 -1.022 -1.122 -1.158
0.001 -1.19029 9.69897 1.0638223886 2.4853594303    1.014  2.246  3.6950  1.930    7  0.000  0.438     0.00     0.00     0.00     0.00     0.00 -1 -5.56e-11      0.00 7.290e-01 2.691e-01 1.447e-04 8.425e-05 4.404e-04 -1.000 1.904e-03 -0.846 0.873 -0.250 -0.867 -1.078 -1.181 -1.217
0.001 -1.19029 9.69897 1.0638803244 2.4853699207    1.013  2.285  3.6918  1.878    7  0.000  0.438     0.00     0.00     0.00     0.00     0.00 -1 -1.46e-09      0.00 7.290e-01 2.690e-01 1.447e-04 8.426e-05 4.404e-04 -1.000 1.967e-03 -0.943 0.826 -0.327 -0.960 -1.176 -1.283 -1.322
0.001 -1.19029 9.69897 1.0639164448 2.4853763580    1.013  2.314  3.6895  1.840    7  0.000  0.438     0.00     0.00     0.00     0.00     0.00 -1 -1.72e-09      0.00 7.290e-01 2.690e-01 1.447e-04 8.427e-05 4.404e-04 -1.000 1.967e-03 -1.014 0.793 -0.383 -1.027 -1.248 -1.358 -1.398
0.001 -1.19029 9.69897 1.0639530420 2.4853830338    1.012  2.345  3.6871  1.798    7  0.000  0.438     0.00     0.00     0.00     0.00     0.00 -1 -2.05e-09      0.00 7.290e-01 2.690e-01 1.447e-04 8.427e-05 4.404e-04 -1.000 1.966e-03 -1.092 0.757 -0.444 -1.099 -1.325 -1.439 -1.480
0.001 -1.19029 9.69897 1.0639932156 2.4853904247    1.010  2.383  3.6840  1.747    7  0.000  0.438     0.00     0.00     0.00     0.00     0.00 -1 -2.54e-09      0.00 7.290e-01 2.690e-01 1.447e-04 8.428e-05 4.404e-04 -1.000 1.966e-03 -1.188 0.722 -0.519 -1.191 -1.422 -1.540 -1.583
0.001 -1.19029 9.69897 1.0640295744 2.4853968620    1.009  2.422  3.6810  1.695    7  0.000  0.438     0.00     0.00     0.00     0.00     0.00 -1 -3.16e-09      0.00 7.290e-01 2.690e-01 1.446e-04 8.428e-05 4.404e-04 -1.000 1.966e-03 -1.286 0.692 -0.594 -1.287 -1.522 -1.644 -1.689
0.001 -1.19029 9.69897 1.0640625954 2.4854028225    1.007  2.462  3.6779  1.642    7  0.000  0.438     0.00     0.00     0.00     0.00     0.00 -1 -3.95e-09      0.00 7.290e-01 2.690e-01 1.446e-04 8.429e-05 4.404e-04 -1.000 1.966e-03 -1.386 0.667 -0.669 -1.384 -1.624 -1.749 -1.797
0.001 -1.19029 9.69897 1.0640927553 2.4854083061    1.005  2.503  3.6747  1.587    7  0.000  0.438     6.06     4.83     3.47     2.66     2.15  4 -4.97e-09      0.00 7.290e-01 2.691e-01 1.446e-04 8.429e-05 4.404e-04 -1.000 1.941e-03 -1.489 0.645 -0.744 -1.482 -1.729 -1.857 -1.907
0.001 -1.19029 9.69897 1.0641200542 2.4854133129    1.003  2.545  3.6714  1.531    7  0.000  0.438     6.80     5.35     3.82     2.93     2.37  4 -6.27e-09      0.00 7.290e-01 2.691e-01 1.446e-04 8.432e-05 4.404e-04 -1.000 1.932e-03 -1.593 0.626 -0.819 -1.582 -1.834 -1.967 -2.019
0.001 -1.19029 9.69897 1.0641448498 2.4854178429    1.000  2.587  3.6665  1.469    7  0.000  0.437     7.74     5.98     4.25     3.26     2.64  3 -7.95e-09      0.00 7.290e-01 2.691e-01 1.443e-04 8.441e-05 4.404e-04 -1.000 1.932e-03 -1.697 0.656 -0.876 -1.678 -1.939 -2.077 -2.133
0.001 -1.19029 9.69897 1.0641615391 2.4854209423    0.998  2.618  3.6624  1.420    7  0.000  0.436     8.56     6.53     4.62     3.55     2.88  3 -9.53e-09      0.00 7.290e-01 2.691e-01 1.439e-04 8.477e-05 4.404e-04 -1.000 1.897e-03 -1.776 0.696 -0.912 -1.749 -2.016 -2.160 -2.219
0.001 -1.19029 9.69897 1.0641821623 2.4854245186    0.994  2.659  3.6579  1.360    7  0.000  0.432     9.71     7.28     5.13     3.95     3.20  3 -1.21e-08      0.00 7.290e-01 2.691e-01 1.428e-04 8.596e-05 4.404e-04 -1.000 1.871e-03 -1.879 0.738 -0.963 -1.841 -2.117 -2.268 -2.330
0.001 -1.19029 9.69897 1.0642014742 2.4854280949    0.990  2.701  3.6543  1.302    7  0.000  0.427    10.93     8.07     5.66     4.36     3.54  3 -1.52e-08      0.00 7.290e-01 2.691e-01 1.412e-04 8.779e-05 4.404e-04 -1.000 1.891e-03 -1.982 0.734 -1.026 -1.930 -2.216 -2.372 -2.437
0.001 -1.19029 9.69897 1.0642199516 2.4854314327    0.986  2.743  3.6509  1.245    7  0.000  0.423    12.30     8.94     6.24     4.82     3.91  3 -1.92e-08      0.00 7.290e-01 2.691e-01 1.396e-04 8.967e-05 4.404e-04 -1.000 1.900e-03 -2.087 0.726 -1.091 -2.021 -2.315 -2.477 -2.545
0.001 -1.19029 9.69897 1.0642377138 2.4854347706    0.980  2.785  3.6474  1.185    7  0.000  0.419    13.90     9.94     6.90     5.34     4.33  3 -2.44e-08      0.00 7.290e-01 2.692e-01 1.383e-04 9.136e-05 4.404e-04 -1.000 1.874e-03 -2.193 0.721 -1.155 -2.112 -2.415 -2.583 -2.654
0.001 -1.19029 9.69897 1.0642539263 2.4854376316    0.973  2.828  3.6437  1.125    7  0.000  0.415    15.72    11.05     7.64     5.92     4.81  3  -3.1e-08      0.00 7.289e-01 2.692e-01 1.370e-04 9.291e-05 4.404e-04 -1.000 1.866e-03 -2.299 0.721 -1.217 -2.201 -2.514 -2.688 -2.762
0.001 -1.19029 9.69897 1.0642700195 2.4854404926    0.964  2.871  3.6399  1.063    7  0.000  0.412    17.86    12.34     8.49     6.59     5.35  2 -3.95e-08      0.00 7.289e-01 2.692e-01 1.360e-04 9.426e-05 4.404e-04 -1.000 1.866e-03 -2.407 0.724 -1.278 -2.292 -2.615 -2.796 -2.873
0.001 -1.19029 9.69897 1.0642862320 2.4854435921    0.953  2.914  3.6360  0.999    7  0.000  0.409    20.34    13.81     9.45     7.35     5.97  2 -5.07e-08      0.00 7.289e-01 2.693e-01 1.349e-04 9.545e-05 4.404e-04 -1.000 1.866e-03 -2.515 0.733 -1.335 -2.379 -2.713 -2.902 -2.982
0.001 -1.19029 9.69897 1.0643017292 2.4854462147    0.939  2.957  3.6320  0.934    7  0.000  0.406    23.23    15.48    10.53     8.22     6.67  2  -6.6e-08      0.00 7.288e-01 2.693e-01 1.341e-04 9.646e-05 4.403e-04 -1.000 1.866e-03 -2.622 0.759 -1.381 -2.463 -2.810 -3.007 -3.090
0.001 -1.19029 9.69897 1.0643143654 2.4854485989    0.925  2.998  3.6279  0.870    7  0.000  0.404    26.43    17.31    11.71     9.15     7.43  2 -8.44e-08      0.00 7.288e-01 2.694e-01 1.335e-04 9.723e-05 4.402e-04 -1.000 1.855e-03 -2.724 0.790 -1.420 -2.541 -2.901 -3.105 -3.192
0.001 -1.19029 9.69897 1.0643230677 2.4854502678    0.913  3.034  3.6244  0.814    7  0.000  0.403    29.63    19.09    12.86    10.07     8.18  2 -1.05e-07      0.00 7.288e-01 2.694e-01 1.330e-04 9.786e-05 4.400e-04 -1.000 1.827e-03 -2.815 0.811 -1.457 -2.610 -2.982 -3.194 -3.284
0.001 -1.19029 9.69897 1.0643303394 2.4854514599    0.900  3.071  3.6208  0.756    7  0.000  0.402    33.35    21.13    14.16    11.11     9.03  2 -1.31e-07      0.00 7.287e-01 2.694e-01 1.325e-04 9.848e-05 4.399e-04 -1.000 1.840e-03 -2.909 0.837 -1.492 -2.680 -3.065 -3.284 -3.377
0.001 -1.19029 9.69897 1.0643372536 2.4854526520    0.884  3.111  3.6167  0.692    7  0.000  0.401    38.01    23.62    15.75    12.39    10.06  1 -1.68e-07      0.00 7.287e-01 2.695e-01 1.322e-04 9.906e-05 4.397e-04 -1.000 1.854e-03 -3.008 0.869 -1.524 -2.751 -3.151 -3.379 -3.476
0.001 -1.19029 9.69897 1.0643427372 2.4854538441    0.869  3.144  3.6132  0.637    7  0.000  0.400    42.43    25.94    17.21    13.57    11.02  1 -2.07e-07      0.00 7.287e-01 2.695e-01 1.319e-04 9.950e-05 4.395e-04 -1.000 1.838e-03 -3.091 0.897 -1.548 -2.809 -3.222 -3.457 -3.557
0.001 -1.19029 9.69897 1.0643485785 2.4854547977    0.847  3.187  3.6088  0.566    7  0.000  0.399    49.03    29.32    19.34    15.28    12.42  1 -2.72e-07      0.00 7.286e-01 2.695e-01 1.316e-04 1.000e-04 4.392e-04 -1.000 1.836e-03 -3.197 0.932 -1.576 -2.882 -3.312 -3.558 -3.661
0.001 -1.19029 9.69897 1.0643535852 2.4854557514    0.823  3.232  3.6041  0.490    7  0.000  0.399    57.20    33.39    21.88    17.34    14.09  1 -3.66e-07      0.00 7.286e-01 2.695e-01 1.315e-04 1.002e-04 4.391e-04 -1.000 1.862e-03 -3.310 0.961 -1.599 -2.956 -3.406 -3.663 -3.770
0.001 -1.19029 9.69897 1.0643548965 2.4854559898    0.816  3.247  3.6025  0.465    7  0.000  0.399    60.28    34.89    22.81    18.10    14.71  1 -4.04e-07      0.00 7.286e-01 2.696e-01 1.313e-04 1.005e-04 4.390e-04 -1.000 1.847e-03 -3.348 0.970 -1.605 -2.981 -3.439 -3.699 -3.808
0.001 -1.19029 9.69897 1.0643550158 2.4854559898    0.815  3.249  3.6023  0.461    7  0.000  0.399    60.67    35.08    22.93    18.20    14.79  1 -4.09e-07      0.00 7.286e-01 2.696e-01 1.313e-04 1.006e-04 4.389e-04 -1.000 1.843e-03 -3.353 0.971 -1.605 -2.984 -3.443 -3.703 -3.813
0.001 -1.19029 9.69897 1.0643551350 2.4854559898    0.815  3.251  3.6022  0.459    7  0.000  0.399    60.94    35.22    23.01    18.26    14.84  1 -4.13e-07      0.00 7.286e-01 2.696e-01 1.313e-04 1.006e-04 4.389e-04 -1.000 1.840e-03 -3.356 0.971 -1.606 -2.986 -3.445 -3.706 -3.816
0.001 -1.19029 9.69897 1.0643552542 2.4854559898    0.814  3.253  3.6020  0.456    7  0.000  0.399    61.36    35.42    23.14    18.37    14.93  1 -4.18e-07      0.00 7.286e-01 2.696e-01 1.313e-04 1.007e-04 4.389e-04 -1.000 1.836e-03 -3.362 0.972 -1.606 -2.990 -3.450 -3.711 -3.821
0.001 -1.19029 9.69897 1.0643553734 2.4854559898    0.813  3.254  3.6019  0.454    7  0.000  0.399    61.56    35.52    23.20    18.42    14.97  1 -4.21e-07      0.00 7.286e-01 2.696e-01 1.313e-04 1.007e-04 4.389e-04 -1.000 1.833e-03 -3.364 0.973 -1.607 -2.991 -3.452 -3.714 -3.823
0.001 -1.19029 9.69897 1.0643556118 2.4854559898    0.812  3.258  3.6015  0.448    7  0.000  0.399    62.39    35.92    23.45    18.62    15.13  1 -4.31e-07      0.00 7.286e-01 2.696e-01 1.312e-04 1.008e-04 4.388e-04 -1.000 1.825e-03 -3.374 0.975 -1.608 -2.997 -3.460 -3.723 -3.833
0.001 -1.19029 9.69897 1.0643559694 2.4854562283    0.809  3.263  3.6009  0.438    7  0.000  0.399    63.61    36.51    23.81    18.92    15.37  1 -4.48e-07      0.00 7.286e-01 2.696e-01 1.311e-04 1.010e-04 4.387e-04 -1.000 1.812e-03 -3.388 0.978 -1.610 -3.006 -3.472 -3.736 -3.847
0.001 -1.19029 9.69897 1.0643563271 2.4854562283    0.806  3.270  3.6002  0.427    7  0.000  0.398    65.07    37.21    24.25    19.27    15.66  1 -4.67e-07      0.00 7.286e-01 2.696e-01 1.311e-04 1.012e-04 4.386e-04 -1.000 1.803e-03 -3.405 0.981 -1.613 -3.017 -3.486 -3.752 -3.863
0.001 -1.19029 9.69897 1.0643568039 2.4854562283    0.803  3.293  3.5980  0.394    7  0.000  0.398    69.74    39.46    25.65    20.40    16.58  1 -5.23e-07      0.00 7.285e-01 2.696e-01 1.309e-04 1.015e-04 4.384e-04 -1.000 1.833e-03 -3.461 0.986 -1.621 -3.052 -3.532 -3.804 -3.917
0.001 -1.19029 9.69897 1.0643572807 2.4854564667    0.797  3.324  3.5949  0.347    7  0.000  0.398    76.92    42.88    27.76    22.11    17.98  1 -6.15e-07      0.00 7.285e-01 2.696e-01 1.307e-04 1.020e-04 4.380e-04 -1.000 1.866e-03 -3.540 0.995 -1.634 -3.102 -3.597 -3.878 -3.993
0.001 -1.19029 9.69897 1.0643579960 2.4854564667    0.789  3.360  3.5914  0.293    7  0.000  0.398    86.20    47.20    30.42    24.28    19.74  1 -7.45e-07      0.00 7.285e-01 2.697e-01 1.305e-04 1.026e-04 4.376e-04 -1.000 1.866e-03 -3.630 1.005 -1.645 -3.156 -3.671 -3.961 -4.080
0.001 -1.19029 9.69897 1.0643590689 2.4854567051    0.772  3.400  3.5873  0.227    7  0.000  0.397    98.76    52.88    33.89    27.11    22.05  1  -9.6e-07      0.00 7.284e-01 2.697e-01 1.303e-04 1.032e-04 4.372e-04 -1.000 1.866e-03 -3.730 1.013 -1.650 -3.213 -3.752 -4.053 -4.177
0.001 -1.19029 9.69897 1.0643604994 2.4854569435    0.745  3.421  3.5851  0.182    7  0.000  0.397   108.08    56.84    36.28    29.10    23.66  1 -1.17e-06      0.00 7.284e-01 2.697e-01 1.302e-04 1.036e-04 4.370e-04 -1.000 1.866e-03 -3.782 1.024 -1.644 -3.239 -3.792 -4.100 -4.226
0.001 -1.19029 9.69897 1.0934826136 2.4905769825    0.546 -9.999  4.4147  7.753    9  0.546  0.000     0.00     0.00     0.00     0.00     0.00 -1    -1e-30      0.00 7.277e-01 2.714e-01 1.348e-04 1.063e-04 4.391e-04 -1.000 9.460e-04 29.767 31.755 32.072 32.580 32.929 33.194 33.339
#isochrone terminated
