# File generated by CMD 3.6 (http://stev.oapd.inaf.it/cmd) on Thu Apr 21 17:52:01 CEST 2022
# isochrones based on PARSEC release v1.2S +  COLIBRI S_37 + S_35 + PR16
# Basic references: Bressan et al. (2012), MNRAS, 427, 127 + Chen et al. (2014, 2015), MNRAS, 444, 2525 + MNRAS, 452, 1068 + Tang et al. (2014), MNRAS, 445, 4287 + Marigo et al. (2017), ApJ, 835, 77 + Pastorelli al. (2019), MNRAS, 485, 5666 + Pastorelli al. (2020), MNRAS, in press
# Thermal pulse cycles included 
# On RGB, assumed Reimers mass loss with efficiency eta=0.2
# LPV periods and growth rates added cf. Trabucchi et al. (2019)
# but fundamental-mode LPV periods are from Trabucchi et al. (2021)
# Photometric system: DECAM (ABmags)
# Using YBC version of bolometric corrections as in Chen et al. (2019)
# O-rich circumstellar dpmod60alox40 dust from Groenewegen (2006)
# C-rich circumstellar AMCSIC15 dust from Groenewegen (2006)
# IMF: Kroupa (2001, 2002) + Kroupa et al. (2013) canonical two-part-power law IMF corrected for unresolved binaries 
# Kind of output: isochrone tables
# Zini     MH   logAge Mini        int_IMF         Mass   logL    logTe  logg  label   McoreTP C_O  period0  period1  period2  period3  period4  pmode  Mloss  tau1m   X   Y   Xc  Xn  Xo  Cexcess  Z 	 mbolmag  umag    gmag    rmag    imag    zmag    Ymag
0.0001 -2.19174 9.95424 0.1000000015 1.1711064577    0.100 -2.783  3.5583  5.406    1  0.000  0.545     0.00     0.00     0.00     0.00     0.00 -1  -1.3e-16      0.00 7.467e-01 2.532e-01 1.798e-05 4.851e-06 4.400e-05 -1.000 1.000e-04 11.729 15.931 13.660 12.105 11.458 11.161 11.063
0.0001 -2.19174 9.95424 0.1098214313 1.2482755184    0.109 -2.635  3.5736  5.358    1  0.000  0.545     0.00     0.00     0.00     0.00     0.00 -1 -1.85e-16      0.00 7.454e-01 2.545e-01 1.798e-05 4.851e-06 4.400e-05 -1.000 1.000e-04 11.357 15.198 13.077 11.642 11.095 10.821 10.727
0.0001 -2.19174 9.95424 0.1294642836 1.3786746264    0.129 -2.394  3.5961  5.279    1  0.000  0.545     0.00     0.00     0.00     0.00     0.00 -1 -3.24e-16      0.00 7.430e-01 2.569e-01 1.798e-05 4.851e-06 4.400e-05 -1.000 9.996e-05 10.755 14.076 12.198 10.955 10.496 10.256 10.172
0.0001 -2.19174 9.95424 0.1491071582 1.4855960608    0.149 -2.234  3.6075  5.226    1  0.000  0.545     0.00     0.00     0.00     0.00     0.00 -1 -4.64e-16      0.00 7.415e-01 2.584e-01 1.798e-05 4.851e-06 4.400e-05 -1.000 1.000e-04 10.354 13.436 11.672 10.520 10.094 9.870 9.792
0.0001 -2.19174 9.95424 0.1687500030 1.5756140947    0.168 -2.109  3.6149  5.183    1  0.000  0.545     0.00     0.00     0.00     0.00     0.00 -1 -6.12e-16      0.00 7.407e-01 2.592e-01 1.798e-05 4.851e-06 4.400e-05 -1.000 9.993e-05 10.042 12.976 11.284 10.187 9.780 9.567 9.493
0.0001 -2.19174 9.95424 0.2080357224 1.7204496861    0.207 -1.905  3.6259  5.115    1  0.000  0.545     0.00     0.00     0.00     0.00     0.00 -1 -9.52e-16      0.00 7.401e-01 2.598e-01 1.798e-05 4.851e-06 4.400e-05 -1.000 9.996e-05 9.532 12.256 10.666 9.646 9.267 9.069 9.001
0.0001 -2.19174 9.95424 0.2571428716 1.8581268787    0.257 -1.714  3.6359  5.057    1  0.000  0.545     0.00     0.00     0.00     0.00     0.00 -1 -1.42e-15      0.00 7.402e-01 2.597e-01 1.798e-05 4.852e-06 4.400e-05 -1.000 1.000e-04 9.054 11.598 10.096 9.142 8.786 8.603 8.540
0.0001 -2.19174 9.95424 0.3062500358 1.9652637243    0.306 -1.566  3.6443  5.018    1  0.000  0.545     0.00     0.00     0.00     0.00     0.00 -1 -1.91e-15      0.00 7.403e-01 2.596e-01 1.797e-05 4.852e-06 4.400e-05 -1.000 9.993e-05 8.685 11.088 9.656 8.751 8.414 8.242 8.185
0.0001 -2.19174 9.95424 0.3553571403 2.0521113873    0.355 -1.443  3.6520  4.991    1  0.000  0.544     0.00     0.00     0.00     0.00     0.00 -1 -2.43e-15      0.00 7.413e-01 2.586e-01 1.796e-05 4.853e-06 4.400e-05 -1.000 9.996e-05 8.377 10.655 9.286 8.424 8.104 7.943 7.889
0.0001 -2.19174 9.95424 0.4044643044 2.1246092319    0.404 -1.326  3.6602  4.963    1  0.000  0.545     0.00     0.00     0.00     0.00     0.00 -1 -3.08e-15      0.00 7.502e-01 2.497e-01 1.798e-05 4.851e-06 4.400e-05 -1.000 1.000e-04 8.085 10.234 8.932 8.114 7.810 7.660 7.611
0.0001 -2.19174 9.95424 0.4535714388 2.1864814758    0.453 -1.184  3.6730  4.922    1  0.000  0.545     0.00     0.00     0.00     0.00     0.00 -1 -4.22e-15      0.00 7.508e-01 2.491e-01 1.798e-05 4.851e-06 4.400e-05 -1.000 9.999e-05 7.730 9.682 8.489 7.734 7.457 7.324 7.281
0.0001 -2.19174 9.95424 0.5026785731 2.2401986122    0.503 -1.027  3.6870  4.866    1  0.000  0.545     0.00     0.00     0.00     0.00     0.00 -1 -6.15e-15      0.00 7.521e-01 2.478e-01 1.789e-05 4.826e-06 4.378e-05 -1.000 1.000e-04 7.337 9.088 8.008 7.320 7.070 6.955 6.920
0.0001 -2.19174 9.95424 0.5517857671 2.2851314545    0.551 -0.841  3.7050  4.792    1  0.000  0.545     0.00     0.00     0.00     0.00     0.00 -1  -9.8e-15      0.00 7.765e-01 2.234e-01 1.624e-05 4.384e-06 3.977e-05 -1.000 9.999e-05 6.872 8.386 7.445 6.837 6.620 6.527 6.501
0.0001 -2.19174 9.95424 0.6008928418 2.3217256069    0.601 -0.651  3.7277  4.730    1  0.000  0.544     0.00     0.00     0.00     0.00     0.00 -1 -1.56e-14      0.00 7.862e-01 2.137e-01 1.561e-05 4.215e-06 3.825e-05 -1.000 9.999e-05 6.397 7.658 6.868 6.351 6.175 6.109 6.094
0.0001 -2.19174 9.95424 0.6037136912 2.3236205578    0.603 -0.639  3.7292  4.726    1  0.000  0.544     0.00     0.00     0.00     0.00     0.00 -1 -1.61e-14      0.00 7.869e-01 2.130e-01 1.556e-05 4.203e-06 3.814e-05 -1.000 1.000e-04 6.368 7.614 6.833 6.323 6.149 6.084 6.070
0.0001 -2.19174 9.95424 0.6181648374 2.3330180645    0.618 -0.581  3.7369  4.709    1  0.000  0.544     0.00     0.00     0.00     0.00     0.00 -1 -1.85e-14      0.00 7.906e-01 2.093e-01 1.533e-05 4.139e-06 3.757e-05 -1.000 1.001e-04 6.222 7.397 6.659 6.177 6.017 5.960 5.949
0.0001 -2.19174 9.95424 0.6310931444 2.3410072327    0.631 -0.529  3.7439  4.694    1  0.000  0.544     0.00     0.00     0.00     0.00     0.00 -1  -2.1e-14      0.00 7.941e-01 2.058e-01 1.510e-05 4.078e-06 3.702e-05 -1.000 9.999e-05 6.092 7.206 6.504 6.049 5.900 5.851 5.843
0.0001 -2.19174 9.95424 0.6461523771 2.3498513699    0.646 -0.468  3.7519  4.676    1  0.000  0.544     0.00     0.00     0.00     0.00     0.00 -1 -2.44e-14      0.00 7.985e-01 2.014e-01 1.481e-05 4.002e-06 3.634e-05 -1.000 9.999e-05 5.939 6.989 6.326 5.901 5.766 5.726 5.722
0.0001 -2.19174 9.95424 0.6499999762 2.3520355225    0.650 -0.452  3.7540  4.671    1  0.000  0.543     0.00     0.00     0.00     0.00     0.00 -1 -2.54e-14      0.00 7.997e-01 2.002e-01 1.473e-05 3.982e-06 3.616e-05 -1.000 8.968e-05 5.900 6.934 6.280 5.864 5.732 5.694 5.691
0.0001 -2.19174 9.95424 0.6635503173 2.3594961166    0.663 -0.396  3.7610  4.652    1  0.000  0.543     0.00     0.00     0.00     0.00     0.00 -1 -2.91e-14      0.00 8.049e-01 1.951e-01 1.440e-05 3.893e-06 3.536e-05 -1.000 2.787e-05 5.761 6.743 6.121 5.731 5.611 5.581 5.580
0.0001 -2.19174 9.95424 0.6778780818 2.3670129776    0.678 -0.337  3.7684  4.632    1  0.000  0.543     0.00     0.00     0.00     0.00     0.00 -1 -3.39e-14      0.00 8.108e-01 1.891e-01 1.402e-05 3.791e-06 3.445e-05 -1.000 9.996e-05 5.613 6.549 5.954 5.590 5.483 5.459 5.461
0.0001 -2.19174 9.95424 0.6908190846 2.3734948635    0.691 -0.283  3.7748  4.612    1  0.000  0.542     0.00     0.00     0.00     0.00     0.00 -1 -3.88e-14      0.00 8.167e-01 1.832e-01 1.364e-05 3.691e-06 3.355e-05 -1.000 1.000e-04 5.478 6.378 5.805 5.463 5.365 5.348 5.352
0.0001 -2.19174 9.95424 0.6999999881 2.3779268265    0.700 -0.245  3.7794  4.597    1  0.000  0.542     0.00     0.00     0.00     0.00     0.00 -1 -4.29e-14      0.00 8.211e-01 1.788e-01 1.336e-05 3.615e-06 3.287e-05 -1.000 1.000e-04 5.381 6.256 5.698 5.372 5.281 5.268 5.273
0.0001 -2.19174 9.95424 0.7068522573 2.3811483383    0.707 -0.215  3.7825  4.585    1  0.000  0.541     0.00     0.00     0.00     0.00     0.00 -1 -4.63e-14      0.00 8.248e-01 1.751e-01 1.311e-05 3.554e-06 3.233e-05 -1.000 8.595e-05 5.309 6.167 5.619 5.303 5.217 5.207 5.214
0.0001 -2.19174 9.95424 0.7209709287 2.3875648975    0.721 -0.154  3.7889  4.558    1  0.000  0.538     0.00     0.00     0.00     0.00     0.00 -1 -5.44e-14      0.00 8.324e-01 1.675e-01 1.261e-05 3.436e-06 3.128e-05 -1.000 8.231e-05 5.155 5.982 5.451 5.158 5.083 5.079 5.088
0.0001 -2.19174 9.95424 0.7339578867 2.3932170868    0.734 -0.096  3.7946  4.530    1  0.000  0.535     0.00     0.00     0.00     0.00     0.00 -1 -6.36e-14      0.00 8.390e-01 1.609e-01 1.221e-05 3.337e-06 3.042e-05 -1.000 3.445e-05 5.011 5.813 5.294 5.021 4.955 4.957 4.968
0.0001 -2.19174 9.95424 0.7464580536 2.3984441757    0.746 -0.039  3.8000  4.502    1  0.000  0.532     0.00     0.00     0.00     0.00     0.00 -1 -7.44e-14      0.00 8.448e-01 1.552e-01 1.186e-05 3.257e-06 2.972e-05 -1.000 6.855e-06 4.867 5.646 5.138 4.883 4.826 4.833 4.846
0.0001 -2.19174 9.95424 0.7500000000 2.3998889923    0.750 -0.022  3.8015  4.493    1  0.000  0.532     0.00     0.00     0.00     0.00     0.00 -1  -7.8e-14      0.00 8.463e-01 1.537e-01 1.178e-05 3.237e-06 2.954e-05 -1.000 2.326e-05 4.825 5.598 5.092 4.843 4.788 4.797 4.810
0.0001 -2.19174 9.95424 0.7592152357 2.4035754204    0.759  0.022  3.8056  4.470    1  0.000  0.531     0.00     0.00     0.00     0.00     0.00 -1  -8.8e-14      0.00 8.468e-01 1.531e-01 1.182e-05 3.249e-06 2.966e-05 -1.000 9.508e-05 4.714 5.473 4.972 4.737 4.688 4.701 4.716
0.0001 -2.19174 9.95424 0.7702212930 2.4078454971    0.770  0.078  3.8104  4.441    1  0.000  0.531     0.00     0.00     0.00     0.00     0.00 -1 -1.03e-13      0.00 8.475e-01 1.525e-01 1.187e-05 3.264e-06 2.982e-05 -1.000 4.125e-05 4.576 5.317 4.822 4.604 4.563 4.581 4.597
0.0001 -2.19174 9.95424 0.7803282738 2.4116449356    0.780  0.131  3.8149  4.411    1  0.000  0.530     0.00     0.00     0.00     0.00     0.00 -1 -1.19e-13      0.00 8.478e-01 1.521e-01 1.192e-05 3.280e-06 2.998e-05 -1.000 6.144e-05 4.443 5.169 4.677 4.474 4.440 4.462 4.480
0.0001 -2.19174 9.95424 0.7891786695 2.4148802757    0.788  0.181  3.8189  4.382    1  0.000  0.530     0.00     0.00     0.00     0.00     0.00 -1 -1.38e-13      0.00 8.481e-01 1.518e-01 1.197e-05 3.294e-06 3.012e-05 -1.000 7.880e-05 4.318 5.033 4.543 4.352 4.325 4.351 4.369
0.0001 -2.19174 9.95424 0.7976552248 2.4179017544    0.797  0.232  3.8227  4.351    1  0.000  0.529     0.00     0.00     0.00     0.00     0.00 -1 -1.59e-13      0.00 8.483e-01 1.516e-01 1.201e-05 3.310e-06 3.026e-05 -1.000 9.999e-05 4.191 4.894 4.406 4.227 4.206 4.236 4.255
0.0001 -2.19174 9.95424 0.8000000119 2.4187245369    0.799  0.246  3.8238  4.342    1  0.000  0.529     0.00     0.00     0.00     0.00     0.00 -1 -1.66e-13      0.00 8.483e-01 1.516e-01 1.203e-05 3.314e-06 3.031e-05 -1.000 1.000e-04 4.155 4.854 4.366 4.191 4.172 4.202 4.223
0.0001 -2.19174 9.95424 0.8018242717 2.4193608761    0.801  0.257  3.8247  4.335    1  0.000  0.529     0.00     0.00     0.00     0.00     0.00 -1 -1.72e-13      0.00 8.483e-01 1.516e-01 1.203e-05 3.315e-06 3.032e-05 -1.000 1.000e-04 4.127 4.823 4.336 4.163 4.145 4.177 4.197
0.0001 -2.19174 9.95424 0.8093525767 2.4219520092    0.808  0.307  3.8283  4.303    1  0.000  0.529     0.00     0.00     0.00     0.00     0.00 -1 -1.99e-13      0.00 8.480e-01 1.519e-01 1.205e-05 3.321e-06 3.038e-05 -1.000 9.525e-05 4.002 4.687 4.200 4.040 4.028 4.063 4.085
0.0001 -2.19174 9.95424 0.8166297674 2.4244043827    0.816  0.359  3.8317  4.269    1  0.000  0.529     0.00     0.00     0.00     0.00     0.00 -1 -2.32e-13      0.00 8.478e-01 1.521e-01 1.208e-05 3.329e-06 3.044e-05 -1.000 8.500e-05 3.872 4.547 4.061 3.911 3.906 3.944 3.966
0.0001 -2.19174 9.95424 0.8256729245 2.4273829460    0.824  0.429  3.8356  4.219    1  0.000  0.529     0.00     0.00     0.00     0.00     0.00 -1 -2.86e-13      0.00 8.473e-01 1.526e-01 1.212e-05 3.338e-06 3.053e-05 -1.000 3.743e-05 3.697 4.361 3.873 3.737 3.739 3.781 3.804
0.0001 -2.19174 9.95424 0.8318526149 2.4293754101    0.830  0.480  3.8379  4.181    1  0.000  0.529     0.00     0.00     0.00     0.00     0.00 -1 -3.35e-13      0.00 8.466e-01 1.533e-01 1.216e-05 3.350e-06 3.064e-05 -1.000 1.001e-04 3.569 4.226 3.737 3.610 3.616 3.660 3.683
0.0001 -2.19174 9.95424 0.8387022614 2.4315445423    0.837  0.541  3.8397  4.130    1  0.000  0.529     0.00     0.00     0.00     0.00     0.00 -1 -4.07e-13      0.00 8.449e-01 1.550e-01 1.227e-05 3.380e-06 3.091e-05 -1.000 9.999e-05 3.417 4.066 3.576 3.456 3.466 3.512 3.535
0.0001 -2.19174 9.95424 0.8400697708 2.4319727421    0.839  0.554  3.8398  4.119    1  0.000  0.529     0.00     0.00     0.00     0.00     0.00 -1 -4.26e-13      0.00 8.445e-01 1.554e-01 1.230e-05 3.387e-06 3.098e-05 -1.000 9.994e-05 3.384 4.033 3.542 3.423 3.434 3.479 3.503
0.0001 -2.19174 9.95424 0.8408379555 2.4322125912    0.839  0.562  3.8398  4.111    1  0.000  0.529     0.00     0.00     0.00     0.00     0.00 -1  -4.4e-13      0.00 8.443e-01 1.556e-01 1.231e-05 3.391e-06 3.101e-05 -1.000 1.000e-04 3.364 4.013 3.522 3.403 3.414 3.459 3.483
0.0001 -2.19174 9.95424 0.8451591134 2.4335525036    0.843  0.610  3.8388  4.061    1  0.000  0.529     0.00     0.00     0.00     0.00     0.00 -1 -5.14e-13      0.00 8.430e-01 1.569e-01 1.239e-05 3.412e-06 3.120e-05 -1.000 9.997e-05 3.246 3.894 3.402 3.282 3.292 3.336 3.359
0.0001 -2.19174 9.95424 0.8492831588 2.4348165989    0.848  0.662  3.8349  3.995    1  0.000  0.530     0.00     0.00     0.00     0.00     0.00 -1 -6.24e-13      0.00 8.418e-01 1.581e-01 1.247e-05 3.432e-06 3.139e-05 -1.000 9.999e-05 3.114 3.770 3.275 3.146 3.150 3.190 3.212
0.0001 -2.19174 9.95424 0.8500000238 2.4350347519    0.848  0.673  3.8337  3.981    1  0.000  0.530     0.00     0.00     0.00     0.00     0.00 -1 -6.56e-13      0.00 8.416e-01 1.583e-01 1.248e-05 3.436e-06 3.142e-05 -1.000 1.000e-04 3.088 3.746 3.252 3.119 3.121 3.161 3.182
0.0001 -2.19174 9.95424 0.8500134945 2.4350388050    0.848  0.673  3.8337  3.980    1  0.000  0.530     0.00     0.00     0.00     0.00     0.00 -1 -6.56e-13      0.00 8.416e-01 1.583e-01 1.248e-05 3.436e-06 3.142e-05 -1.000 1.000e-04 3.088 3.746 3.251 3.118 3.121 3.160 3.182
0.0001 -2.19174 9.95424 0.8507062793 2.4352493286    0.849  0.684  3.8323  3.964    1  0.000  0.530     0.00     0.00     0.00     0.00     0.00 -1 -6.84e-13      0.00 8.414e-01 1.585e-01 1.249e-05 3.439e-06 3.145e-05 -1.000 9.853e-05 3.061 3.722 3.227 3.090 3.090 3.128 3.150
0.0001 -2.19174 9.95424 0.8530294299 2.4359526634    0.851  0.722  3.8257  3.901    2  0.000  0.530     0.00     0.00     0.00     0.00     0.00 -1 -7.97e-13      0.00 8.408e-01 1.591e-01 1.253e-05 3.448e-06 3.153e-05 -1.000 9.377e-05 2.966 3.642 3.144 2.989 2.979 3.011 3.030
0.0001 -2.19174 9.95424 0.8547959924 2.4364843369    0.853  0.755  3.8173  3.835    2  0.000  0.530     0.00     0.00     0.00     0.00     0.00 -1 -9.28e-13      0.00 8.404e-01 1.595e-01 1.255e-05 3.455e-06 3.159e-05 -1.000 9.014e-05 2.882 3.581 3.077 2.898 2.876 2.900 2.917
0.0001 -2.19174 9.95424 0.8558559418 2.4368021488    0.854  0.778  3.8100  3.783    2  0.000  0.530     0.00     0.00     0.00     0.00     0.00 -1 -1.04e-12      0.00 8.401e-01 1.598e-01 1.257e-05 3.460e-06 3.163e-05 -1.000 8.790e-05 2.824 3.546 3.036 2.835 2.801 2.818 2.833
0.0001 -2.19174 9.95424 0.8567444086 2.4370679855    0.855  0.800  3.8022  3.731    2  0.000  0.530     0.00     0.00     0.00     0.00     0.00 -1 -1.16e-12      0.00 8.399e-01 1.600e-01 1.258e-05 3.463e-06 3.166e-05 -1.000 8.616e-05 2.770 3.520 3.001 2.775 2.729 2.738 2.750
0.0001 -2.19174 9.95424 0.8574802876 2.4372875690    0.855  0.820  3.7937  3.677    2  0.000  0.530     0.00     0.00     0.00     0.00     0.00 -1 -1.29e-12      0.00 8.397e-01 1.602e-01 1.259e-05 3.466e-06 3.169e-05 -1.000 8.467e-05 2.720 3.503 2.973 2.719 2.659 2.660 2.669
0.0001 -2.19174 9.95424 0.8580887318 2.4374687672    0.856  0.837  3.7858  3.628    2  0.000  0.530     0.00     0.00     0.00     0.00     0.00 -1 -1.42e-12      0.00 8.395e-01 1.604e-01 1.260e-05 3.469e-06 3.171e-05 -1.000 8.351e-05 2.676 3.493 2.950 2.670 2.597 2.591 2.597
0.0001 -2.19174 9.95424 0.8586301804 2.4376299381    0.857  0.854  3.7781  3.581    2  0.000  0.530     0.00     0.00     0.00     0.00     0.00 -1 -1.56e-12      0.00 8.333e-01 1.667e-01 1.295e-05 3.562e-06 3.255e-05 -1.000 5.329e-05 2.635 3.488 2.930 2.625 2.540 2.526 2.530
0.0001 -2.19174 9.95424 0.8592911363 2.4378261566    0.857  0.875  3.7687  3.523    2  0.000  0.532     0.00     0.00     0.00     0.00     0.00 -1 -1.75e-12      0.00 8.158e-01 1.842e-01 1.394e-05 3.828e-06 3.492e-05 -1.000 3.526e-05 2.583 3.484 2.903 2.568 2.468 2.445 2.445
0.0001 -2.19174 9.95424 0.8599330783 2.4380164146    0.858  0.898  3.7603  3.467    2  0.000  0.535     0.00     0.00     0.00     0.00     0.00 -1 -1.97e-12      0.00 7.905e-01 2.094e-01 1.539e-05 4.215e-06 3.837e-05 -1.000 1.001e-04 2.526 3.473 2.870 2.506 2.394 2.362 2.359
0.0001 -2.19174 9.95424 0.8606031537 2.4382147789    0.858  0.931  3.7528  3.404    2  0.000  0.536     0.00     0.00     0.00     0.00     0.00 -1 -2.28e-12      0.00 7.770e-01 2.229e-01 1.618e-05 4.425e-06 4.025e-05 -1.000 9.997e-05 2.443 3.438 2.810 2.420 2.295 2.256 2.250
0.0001 -2.19174 9.95424 0.8611339927 2.4383714199    0.859  0.967  3.7481  3.349    2  0.000  0.536     0.00     0.00     0.00     0.00     0.00 -1 -2.64e-12      0.00 7.712e-01 2.287e-01 1.651e-05 4.514e-06 4.104e-05 -1.000 1.001e-04 2.352 3.379 2.735 2.329 2.196 2.151 2.143
0.0001 -2.19174 9.95424 0.8614975810 2.4384787083    0.859  0.996  3.7454  3.310    2  0.000  0.537     0.00     0.00     0.00     0.00     0.00 -1 -2.95e-12      0.00 7.686e-01 2.313e-01 1.666e-05 4.553e-06 4.140e-05 -1.000 9.996e-05 2.280 3.325 2.672 2.256 2.119 2.071 2.062
0.0001 -2.19174 9.95424 0.8615809083 2.4385032654    0.859  1.003  3.7449  3.300    3  0.000  0.537     0.00     0.00     0.00     0.00     0.00 -1 -3.05e-12      0.00 7.682e-01 2.318e-01 1.668e-05 4.561e-06 4.146e-05 -1.000 2.372e-05 2.262 3.311 2.655 2.238 2.100 2.052 2.042
0.0001 -2.19174 9.95424 0.8620391488 2.4386384487    0.860  1.045  3.7423  3.248    3  0.000  0.537     0.00     0.00     0.00     0.00     0.00 -1 -3.54e-12      0.00 7.659e-01 2.340e-01 1.680e-05 4.593e-06 4.174e-05 -1.000 1.000e-04 2.156 3.223 2.559 2.132 1.990 1.939 1.929
0.0001 -2.19174 9.95424 0.8625456691 2.4387874603    0.860  1.095  3.7397  3.188    3  0.000  0.537     0.00     0.00     0.00     0.00     0.00 -1 -4.25e-12      0.00 7.636e-01 2.363e-01 1.690e-05 4.621e-06 4.199e-05 -1.000 9.993e-05 2.032 3.116 2.443 2.008 1.862 1.808 1.796
0.0001 -2.19174 9.95424 0.8629733324 2.4389131069    0.860  1.140  3.7379  3.136    3  0.000  0.537     0.00     0.00     0.00     0.00     0.00 -1 -5.01e-12      0.00 7.619e-01 2.380e-01 1.697e-05 4.639e-06 4.215e-05 -1.000 1.000e-04 1.920 3.018 2.337 1.897 1.747 1.691 1.679
0.0001 -2.19174 9.95424 0.8633852601 2.4390342236    0.861  1.186  3.7362  3.084    3  0.000  0.537     0.00     0.00     0.00     0.00     0.00 -1 -5.91e-12      0.00 7.604e-01 2.395e-01 1.702e-05 4.654e-06 4.229e-05 -1.000 1.000e-04 1.806 2.917 2.229 1.783 1.631 1.573 1.559
0.0001 -2.19174 9.95424 0.8637689948 2.4391467571    0.861  1.231  3.7345  3.032    3  0.000  0.537     0.00     0.00     0.00     0.00     0.00 -1 -6.95e-12      0.00 7.589e-01 2.410e-01 1.706e-05 4.667e-06 4.239e-05 -1.000 9.996e-05 1.693 2.816 2.122 1.671 1.516 1.456 1.442
0.0001 -2.19174 9.95424 0.8641305566 2.4392526150    0.861  1.276  3.7330  2.981    3  0.000  0.536     0.00     0.00     0.00     0.00     0.00 -1 -8.19e-12      0.00 7.576e-01 2.423e-01 1.709e-05 4.678e-06 4.247e-05 -1.000 1.000e-04 1.579 2.713 2.013 1.557 1.401 1.339 1.324
0.0001 -2.19174 9.95424 0.8644925356 2.4393587112    0.862  1.325  3.7315  2.926    3  0.000  0.536     0.00     0.00     0.00     0.00     0.00 -1 -9.76e-12      0.00 7.561e-01 2.438e-01 1.709e-05 4.695e-06 4.255e-05 -1.000 9.990e-05 1.457 2.602 1.896 1.436 1.277 1.213 1.197
0.0001 -2.19174 9.95424 0.8648054004 2.4394502640    0.862  1.371  3.7299  2.874    3  0.000  0.534     0.00     0.00     0.00     0.00     0.00 -1 -1.15e-11      0.00 7.550e-01 2.449e-01 1.706e-05 4.719e-06 4.261e-05 -1.000 9.999e-05 1.343 2.499 1.787 1.322 1.161 1.096 1.079
0.0001 -2.19174 9.95424 0.8651131988 2.4395401478    0.862  1.419  3.7284  2.820    3  0.000  0.532     0.00     0.00     0.00     0.00     0.00 -1 -1.37e-11      0.00 7.539e-01 2.460e-01 1.701e-05 4.765e-06 4.265e-05 -1.000 1.000e-04 1.222 2.391 1.672 1.202 1.038 0.971 0.954
0.0001 -2.19174 9.95424 0.8653926253 2.4396216869    0.862  1.467  3.7269  2.767    3  0.000  0.529     0.00     0.00     0.00     0.00     0.00 -1 -1.62e-11      0.00 7.529e-01 2.470e-01 1.693e-05 4.835e-06 4.269e-05 -1.000 1.000e-04 1.104 2.283 1.558 1.084 0.918 0.849 0.831
0.0001 -2.19174 9.95424 0.8656454682 2.4396955967    0.862  1.513  3.7254  2.714    3  0.000  0.525     0.00     0.00     0.00     0.00     0.00 -1 -1.92e-11      0.00 7.520e-01 2.479e-01 1.683e-05 4.927e-06 4.272e-05 -1.000 1.000e-04 0.987 2.179 1.447 0.968 0.800 0.729 0.710
0.0001 -2.19174 9.95424 0.8658760786 2.4397628307    0.862  1.559  3.7238  2.661    3  0.000  0.522     0.00     0.00     0.00     0.00     0.00 -1 -2.27e-11      0.00 7.513e-01 2.486e-01 1.673e-05 5.028e-06 4.275e-05 -1.000 9.999e-05 0.872 2.076 1.338 0.854 0.682 0.610 0.591
0.0001 -2.19174 9.95424 0.8660939336 2.4398262501    0.862  1.607  3.7223  2.608    3  0.000  0.519     0.00     0.00     0.00     0.00     0.00 -1 -2.69e-11      0.00 7.508e-01 2.491e-01 1.665e-05 5.119e-06 4.277e-05 -1.000 9.993e-05 0.753 1.969 1.224 0.736 0.562 0.489 0.468
0.0001 -2.19174 9.95424 0.8662886620 2.4398829937    0.862  1.653  3.7207  2.555    3  0.000  0.516     0.00     0.00     0.00     0.00     0.00 -1 -3.18e-11      0.00 7.503e-01 2.496e-01 1.657e-05 5.210e-06 4.278e-05 -1.000 1.000e-04 0.638 1.866 1.115 0.622 0.445 0.370 0.349
0.0001 -2.19174 9.95424 0.8664632440 2.4399337769    0.862  1.698  3.7191  2.504    3  0.000  0.514     0.00     0.00     0.00     0.00     0.00 -1 -3.74e-11      0.00 7.499e-01 2.500e-01 1.651e-05 5.278e-06 4.279e-05 -1.000 9.996e-05 0.526 1.767 1.009 0.511 0.332 0.255 0.233
0.0001 -2.19174 9.95424 0.8666268587 2.4399814606    0.862  1.744  3.7176  2.452    3  0.000  0.513     0.00     0.00     0.00     0.00     0.00 -1 -4.41e-11      0.00 7.497e-01 2.502e-01 1.647e-05 5.328e-06 4.280e-05 -1.000 9.996e-05 0.411 1.668 0.901 0.396 0.215 0.136 0.113
0.0001 -2.19174 9.95424 0.8667721748 2.4400236607    0.862  1.788  3.7160  2.401    3  0.000  0.512     0.00     0.00     0.00     0.00     0.00 -1 -5.18e-11      0.00 7.496e-01 2.503e-01 1.644e-05 5.359e-06 4.281e-05 -1.000 9.999e-05 0.300 1.573 0.797 0.286 0.102 0.021 -0.002
0.0001 -2.19174 9.95424 0.8669078946 2.4400632381    0.862  1.833  3.7143  2.350    3  0.000  0.512     0.00     0.00     0.00     0.00     0.00 -1  -6.1e-11      0.00 7.495e-01 2.504e-01 1.643e-05 5.374e-06 4.281e-05 -1.000 9.993e-05 0.188 1.478 0.691 0.175 -0.012 -0.095 -0.120
0.0001 -2.19174 9.95424 0.8670340776 2.4400997162    0.862  1.878  3.7127  2.298    3  0.000  0.512     0.00     0.00     0.00     0.00     0.00 -1 -7.18e-11      0.00 7.495e-01 2.504e-01 1.643e-05 5.378e-06 4.281e-05 -1.000 9.996e-05 0.075 1.382 0.585 0.062 -0.127 -0.212 -0.238
0.0001 -2.19174 9.95424 0.8671498299 2.4401333332    0.862  1.923  3.7111  2.246    3  0.000  0.512     0.00     0.00     0.00     0.00     0.00 -1 -8.45e-11      0.00 7.495e-01 2.504e-01 1.642e-05 5.380e-06 4.281e-05 -1.000 1.000e-04 -0.038 1.287 0.480 -0.049 -0.241 -0.328 -0.355
0.0001 -2.19174 9.95424 0.8672550917 2.4401640892    0.861  1.967  3.7094  2.195    3  0.000  0.512     0.00     0.00     0.00     0.00     0.00 -1 -9.93e-11      0.00 7.495e-01 2.504e-01 1.642e-05 5.381e-06 4.281e-05 -1.000 9.999e-05 -0.148 1.195 0.377 -0.159 -0.354 -0.443 -0.470
0.0001 -2.19174 9.95424 0.8673535585 2.4401926994    0.861  2.012  3.7077  2.144    3  0.000  0.511     0.00     0.00     0.00     0.00     0.00 -1 -1.17e-10      0.00 7.495e-01 2.504e-01 1.642e-05 5.383e-06 4.281e-05 -1.000 9.996e-05 -0.261 1.102 0.273 -0.270 -0.468 -0.559 -0.587
0.0001 -2.19174 9.95424 0.8674433827 2.4402186871    0.861  2.057  3.7060  2.092    3  0.000  0.511     0.00     0.00     0.00     0.00     0.00 -1 -1.37e-10      0.00 7.495e-01 2.504e-01 1.642e-05 5.385e-06 4.281e-05 -1.000 1.000e-04 -0.372 1.010 0.170 -0.380 -0.581 -0.674 -0.703
0.0001 -2.19174 9.95424 0.8675230742 2.4402418137    0.860  2.100  3.7043  2.042    3  0.000  0.511     0.00     0.00     0.00     0.00     0.00 -1 -1.61e-10      0.00 7.495e-01 2.504e-01 1.642e-05 5.386e-06 4.281e-05 -1.000 9.999e-05 -0.480 0.923 0.071 -0.486 -0.690 -0.785 -0.815
0.0001 -2.19174 9.95424 0.8675965071 2.4402630329    0.860  2.143  3.7027  1.992    3  0.000  0.511     0.00     0.00     0.00     0.00     0.00 -1 -1.88e-10      0.00 7.495e-01 2.504e-01 1.642e-05 5.387e-06 4.281e-05 -1.000 1.000e-04 -0.587 0.835 -0.029 -0.593 -0.800 -0.897 -0.928
0.0001 -2.19174 9.95424 0.8676654100 2.4402830601    0.860  2.187  3.7009  1.941    3  0.000  0.511     0.00     0.00     0.00     0.00     0.00 -1 -2.21e-10      0.00 7.494e-01 2.505e-01 1.642e-05 5.388e-06 4.281e-05 -1.000 9.999e-05 -0.696 0.748 -0.129 -0.701 -0.911 -1.010 -1.042
0.0001 -2.19174 9.95424 0.8677272201 2.4403011799    0.859  2.228  3.6992  1.893    3  0.000  0.511     0.00     0.00     0.00     0.00     0.00 -1 -2.57e-10      0.00 7.494e-01 2.505e-01 1.642e-05 5.389e-06 4.281e-05 -1.000 1.000e-04 -0.801 0.667 -0.224 -0.804 -1.017 -1.118 -1.151
0.0001 -2.19174 9.95424 0.8677892685 2.4403190613    0.859  2.271  3.6975  1.843    3  0.000  0.511     0.00     0.00     0.00     0.00     0.00 -1 -3.01e-10      0.00 7.494e-01 2.505e-01 1.642e-05 5.390e-06 4.281e-05 -1.000 1.000e-04 -0.908 0.583 -0.322 -0.910 -1.126 -1.230 -1.263
0.0001 -2.19174 9.95424 0.8678543568 2.4403378963    0.858  2.311  3.6959  1.796    3  0.000  0.511     0.00     0.00     0.00     0.00     0.00 -1 -3.48e-10      0.00 7.494e-01 2.505e-01 1.642e-05 5.391e-06 4.281e-05 -1.000 1.001e-04 -1.009 0.506 -0.413 -1.009 -1.228 -1.334 -1.368
0.0001 -2.19174 9.95424 0.8678883910 2.4403479099    0.857  2.324  3.6954  1.781    3  0.000  0.511     0.00     0.00     0.00     0.00     0.00 -1 -3.67e-10      0.00 7.494e-01 2.505e-01 1.642e-05 5.392e-06 4.281e-05 -1.000 1.000e-04 -1.040 0.481 -0.442 -1.040 -1.260 -1.366 -1.401
0.0001 -2.19174 9.95424 0.8679283261 2.4403593540    0.857  2.310  3.6963  1.798    3  0.000  0.511     0.00     0.00     0.00     0.00     0.00 -1 -3.51e-10      0.00 7.494e-01 2.505e-01 1.641e-05 5.393e-06 4.281e-05 -1.000 1.000e-04 -1.005 0.504 -0.412 -1.005 -1.224 -1.329 -1.363
0.0001 -2.19174 9.95424 0.8679478168 2.4403650761    0.857  2.328  3.6955  1.777    3  0.000  0.511     0.00     0.00     0.00     0.00     0.00 -1 -3.72e-10      0.00 7.494e-01 2.505e-01 1.641e-05 5.393e-06 4.281e-05 -1.000 1.001e-04 -1.049 0.471 -0.452 -1.049 -1.269 -1.375 -1.410
0.0001 -2.19174 9.95424 0.8679898977 2.4403772354    0.856  2.368  3.6938  1.730    3  0.000  0.511     0.00     0.00     0.00     0.00     0.00 -1 -4.28e-10      0.00 7.494e-01 2.505e-01 1.641e-05 5.394e-06 4.281e-05 -1.000 1.000e-04 -1.149 0.395 -0.542 -1.147 -1.371 -1.479 -1.514
0.0001 -2.19174 9.95424 0.8680315614 2.4403893948    0.856  2.409  3.6922  1.681    3  0.000  0.511     0.00     0.00     0.00     0.00     0.00 -1 -4.98e-10      0.00 7.494e-01 2.505e-01 1.641e-05 5.394e-06 4.281e-05 -1.000 1.000e-04 -1.253 0.315 -0.636 -1.250 -1.477 -1.587 -1.623
0.0001 -2.19174 9.95424 0.8680683374 2.4403998852    0.855  2.449  3.6904  1.635    3  0.000  0.511     0.00     0.00     0.00     0.00     0.00 -1 -5.76e-10      0.00 7.494e-01 2.505e-01 1.641e-05 5.395e-06 4.281e-05 -1.000 9.999e-05 -1.351 0.242 -0.724 -1.346 -1.576 -1.688 -1.726
0.0001 -2.19174 9.95424 0.8681035042 2.4404101372    0.854  2.489  3.6886  1.587    3  0.000  0.511     0.00     0.00     0.00     0.00     0.00 -1 -6.67e-10      0.00 7.494e-01 2.505e-01 1.641e-05 5.395e-06 4.281e-05 -1.000 9.996e-05 -1.451 0.170 -0.813 -1.444 -1.677 -1.792 -1.831
0.0001 -2.19174 9.95424 0.8681350946 2.4404194355    0.853  2.527  3.6870  1.542    3  0.000  0.511     6.27     5.03     3.59     2.77     2.24  4 -7.68e-10      0.00 7.494e-01 2.505e-01 1.641e-05 5.396e-06 4.281e-05 -1.000 9.996e-05 -1.548 0.100 -0.898 -1.538 -1.774 -1.891 -1.931
0.0001 -2.19174 9.95424 0.8681648970 2.4404280186    0.853  2.566  3.6852  1.496    3  0.000  0.511     6.91     5.47     3.89     3.00     2.43  3 -8.86e-10      0.00 7.494e-01 2.505e-01 1.641e-05 5.396e-06 4.281e-05 -1.000 1.000e-04 -1.644 0.037 -0.982 -1.632 -1.873 -1.992 -2.032
0.0001 -2.19174 9.95424 0.8681937456 2.4404363632    0.852  2.606  3.6835  1.448    3  0.000  0.511     7.64     5.96     4.22     3.26     2.64  3 -1.03e-09      0.00 7.494e-01 2.505e-01 1.641e-05 5.397e-06 4.281e-05 -1.000 1.001e-04 -1.744 -0.015 -1.067 -1.731 -1.976 -2.097 -2.138
0.0001 -2.19174 9.95424 0.8682183027 2.4404435158    0.851  2.642  3.6818  1.405    3  0.000  0.511     8.36     6.44     4.55     3.51     2.84  3 -1.17e-09      0.00 7.494e-01 2.505e-01 1.641e-05 5.397e-06 4.281e-05 -1.000 1.001e-04 -1.834 -0.059 -1.143 -1.821 -2.069 -2.193 -2.235
0.0001 -2.19174 9.95424 0.8682422638 2.4404504299    0.850  2.679  3.6801  1.360    3  0.000  0.511     9.19     6.98     4.91     3.80     3.08  3 -1.35e-09      0.00 7.494e-01 2.505e-01 1.641e-05 5.398e-06 4.281e-05 -1.000 1.000e-04 -1.928 -0.099 -1.219 -1.914 -2.166 -2.292 -2.335
0.0001 -2.19174 9.95424 0.8682641387 2.4404566288    0.848  2.716  3.6784  1.317    3  0.000  0.511    10.07     7.55     5.29     4.10     3.32  3 -1.54e-09      0.00 7.494e-01 2.505e-01 1.641e-05 5.398e-06 4.281e-05 -1.000 9.999e-05 -2.019 -0.135 -1.293 -2.004 -2.260 -2.388 -2.432
0.0001 -2.19174 9.95424 0.8682841659 2.4404625893    0.847  2.751  3.6769  1.275    3  0.000  0.511    11.00     8.14     5.69     4.41     3.57  3 -1.76e-09      0.00 7.494e-01 2.505e-01 1.641e-05 5.398e-06 4.281e-05 -1.000 1.000e-04 -2.108 -0.170 -1.364 -2.090 -2.351 -2.481 -2.526
0.0001 -2.19174 9.95424 0.8683040142 2.4404683113    0.846  2.788  3.6750  1.229    3  0.000  0.511    12.11     8.84     6.16     4.78     3.87  3 -2.02e-09      0.00 7.494e-01 2.505e-01 1.641e-05 5.399e-06 4.281e-05 -1.000 1.000e-04 -2.201 -0.191 -1.433 -2.181 -2.447 -2.580 -2.626
0.0001 -2.19174 9.95424 0.8683249354 2.4404742718    0.844  2.830  3.6730  1.178    3  0.000  0.511    13.47     9.69     6.71     5.22     4.23  3 -2.36e-09      0.00 7.494e-01 2.505e-01 1.641e-05 5.399e-06 4.281e-05 -1.000 1.000e-04 -2.306 -0.218 -1.513 -2.284 -2.556 -2.692 -2.739
0.0001 -2.19174 9.95424 0.8683417439 2.4404792786    0.843  2.866  3.6712  1.134    3  0.000  0.511    14.77    10.48     7.24     5.64     4.57  2  -2.7e-09      0.00 7.494e-01 2.505e-01 1.641e-05 5.399e-06 4.281e-05 -1.000 1.000e-04 -2.396 -0.231 -1.577 -2.371 -2.649 -2.787 -2.836
0.0001 -2.19174 9.95424 0.8683593273 2.4404842854    0.841  2.906  3.6691  1.085    3  0.000  0.511    16.38    11.45     7.88     6.14     4.98  2 -3.14e-09      0.00 7.494e-01 2.505e-01 1.641e-05 5.400e-06 4.281e-05 -1.000 1.000e-04 -2.496 -0.241 -1.647 -2.468 -2.752 -2.894 -2.944
0.0001 -2.19174 9.95424 0.8683741093 2.4404885769    0.839  2.942  3.6675  1.041    3  0.000  0.511    17.94    12.38     8.49     6.63     5.37  2 -3.59e-09      0.00 7.494e-01 2.505e-01 1.641e-05 5.400e-06 4.281e-05 -1.000 1.000e-04 -2.586 -0.251 -1.710 -2.555 -2.844 -2.989 -3.040
0.0001 -2.19174 9.95424 0.8683890104 2.4404928684    0.837  2.981  3.6655  0.994    3  0.000  0.511    19.82    13.49     9.21     7.20     5.84  2 -4.14e-09      0.00 7.494e-01 2.505e-01 1.641e-05 5.400e-06 4.281e-05 -1.000 1.000e-04 -2.682 -0.247 -1.771 -2.647 -2.943 -3.092 -3.144
0.0001 -2.19174 9.95424 0.8684015274 2.4404964447    0.835  3.015  3.6637  0.952    3  0.000  0.511    21.65    14.55     9.90     7.75     6.28  2 -4.71e-09      0.00 7.494e-01 2.505e-01 1.641e-05 5.400e-06 4.281e-05 -1.000 9.996e-05 -2.767 -0.234 -1.821 -2.727 -3.031 -3.183 -3.236
0.0001 -2.19174 9.95424 0.8684144020 2.4405002594    0.833  3.052  3.6618  0.906    3  0.000  0.511    23.83    15.79    10.70     8.39     6.81  2 -5.41e-09      0.00 7.494e-01 2.505e-01 1.641e-05 5.400e-06 4.281e-05 -1.000 9.996e-05 -2.860 -0.216 -1.873 -2.814 -3.127 -3.282 -3.337
0.0001 -2.19174 9.95424 0.8684253097 2.4405033588    0.831  3.085  3.6600  0.865    3  0.000  0.511    25.98    17.00    11.49     9.01     7.31  2 -6.12e-09      0.00 7.494e-01 2.505e-01 1.641e-05 5.401e-06 4.281e-05 -1.000 9.996e-05 -2.942 -0.186 -1.913 -2.890 -3.211 -3.371 -3.427
0.0001 -2.19174 9.95424 0.8684363365 2.4405066967    0.828  3.120  3.6581  0.821    3  0.000  0.511    28.48    18.39    12.38     9.73     7.89  1    -7e-09      0.00 7.494e-01 2.505e-01 1.641e-05 5.401e-06 4.281e-05 -1.000 1.000e-04 -3.030 -0.157 -1.956 -2.970 -3.301 -3.465 -3.522
0.0001 -2.19174 9.95424 0.8684477210 2.4405097961    0.825  3.158  3.6559  0.772    3  0.000  0.511    31.54    20.06    13.45    10.58     8.59  1  -8.1e-09      0.00 7.494e-01 2.505e-01 1.641e-05 5.401e-06 4.281e-05 -1.000 9.996e-05 -3.125 -0.161 -2.011 -3.056 -3.396 -3.564 -3.623
0.0001 -2.19174 9.95424 0.8684576154 2.4405126572    0.822  3.193  3.6541  0.729    3  0.000  0.511    34.54    21.68    14.49    11.41     9.26  1 -9.24e-09      0.00 7.494e-01 2.505e-01 1.641e-05 5.401e-06 4.281e-05 -1.000 1.000e-04 -3.212 -0.171 -2.063 -3.134 -3.482 -3.654 -3.714
0.0001 -2.19174 9.95424 0.8684676290 2.4405157566    0.819  3.227  3.6523  0.685    3  0.000  0.511    37.83    23.43    15.60    12.30     9.99  1 -1.06e-08      0.00 7.494e-01 2.505e-01 1.641e-05 5.401e-06 4.281e-05 -1.000 9.999e-05 -3.298 -0.179 -2.114 -3.211 -3.567 -3.743 -3.805
0.0001 -2.19174 9.95424 0.8684709668 2.4405167103    0.818  3.238  3.6517  0.671    3  0.000  0.511    38.97    24.03    15.98    12.61    10.24  1  -1.1e-08      0.00 7.494e-01 2.505e-01 1.641e-05 5.401e-06 4.281e-05 -1.000 1.000e-04 -3.326 -0.181 -2.130 -3.236 -3.595 -3.772 -3.834
0.0001 -2.19174 9.95424 0.8684709668 2.4405167103    0.817  1.727  3.8605  3.017    4  0.000  0.527     0.00     0.00     0.00     0.00     0.00 -1    -1e-30      0.00 7.531e-01 2.468e-01 1.679e-05 4.870e-06 4.251e-05 -1.000 1.001e-04 0.451 0.953 0.454 0.460 0.534 0.576 0.603
0.0001 -2.19174 9.95424 0.8685075641 2.4405272007    0.818  1.747  3.8493  2.953    4  0.000  0.527     0.00     0.00     0.00     0.00     0.00 -1    -1e-30      0.00 7.531e-01 2.468e-01 1.679e-05 4.870e-06 4.251e-05 -1.000 9.999e-05 0.403 0.934 0.431 0.400 0.454 0.490 0.514
0.0001 -2.19174 9.95424 0.8685729504 2.4405460358    0.818  1.753  3.8458  2.932    4  0.000  0.527     0.00     0.00     0.00     0.00     0.00 -1    -1e-30      0.00 7.531e-01 2.468e-01 1.679e-05 4.871e-06 4.251e-05 -1.000 9.999e-05 0.386 0.927 0.424 0.381 0.429 0.462 0.486
0.0001 -2.19174 9.95424 0.8686360717 2.4405643940    0.818  1.754  3.8463  2.933    4  0.000  0.527     0.00     0.00     0.00     0.00     0.00 -1    -1e-30      0.00 7.531e-01 2.468e-01 1.679e-05 4.871e-06 4.251e-05 -1.000 1.000e-04 0.384 0.924 0.421 0.380 0.428 0.462 0.486
0.0001 -2.19174 9.95424 0.8687003851 2.4405829906    0.818  1.755  3.8469  2.936    4  0.000  0.527     0.00     0.00     0.00     0.00     0.00 -1    -1e-30      0.00 7.531e-01 2.468e-01 1.679e-05 4.872e-06 4.251e-05 -1.000 1.001e-04 0.383 0.920 0.417 0.379 0.428 0.462 0.486
0.0001 -2.19174 9.95424 0.8687670827 2.4406023026    0.818  1.755  3.8478  2.939    4  0.000  0.527     0.00     0.00     0.00     0.00     0.00 -1    -1e-30      0.00 7.531e-01 2.468e-01 1.679e-05 4.873e-06 4.251e-05 -1.000 1.000e-04 0.382 0.917 0.414 0.378 0.429 0.464 0.488
0.0001 -2.19174 9.95424 0.8688301444 2.4406206608    0.818  1.756  3.8486  2.942    4  0.000  0.527     0.00     0.00     0.00     0.00     0.00 -1    -1e-30      0.00 7.531e-01 2.468e-01 1.679e-05 4.873e-06 4.251e-05 -1.000 9.997e-05 0.381 0.913 0.411 0.378 0.431 0.466 0.490
0.0001 -2.19174 9.95424 0.8688965440 2.4406397343    0.818  1.756  3.8496  2.945    4  0.000  0.527     0.00     0.00     0.00     0.00     0.00 -1    -1e-30      0.00 7.531e-01 2.468e-01 1.679e-05 4.874e-06 4.251e-05 -1.000 1.000e-04 0.380 0.909 0.408 0.378 0.432 0.468 0.493
0.0001 -2.19174 9.95424 0.8689622283 2.4406588078    0.818  1.756  3.8505  2.949    4  0.000  0.527     0.00     0.00     0.00     0.00     0.00 -1    -1e-30      0.00 7.531e-01 2.468e-01 1.679e-05 4.874e-06 4.251e-05 -1.000 9.999e-05 0.380 0.906 0.405 0.378 0.434 0.470 0.495
0.0001 -2.19174 9.95424 0.8690283298 2.4406778812    0.818  1.756  3.8513  2.951    4  0.000  0.527     0.00     0.00     0.00     0.00     0.00 -1    -1e-30      0.00 7.531e-01 2.468e-01 1.679e-05 4.875e-06 4.251e-05 -1.000 9.999e-05 0.379 0.903 0.402 0.378 0.436 0.472 0.497
0.0001 -2.19174 9.95424 0.8690905571 2.4406957626    0.818  1.757  3.8519  2.954    4  0.000  0.527     0.00     0.00     0.00     0.00     0.00 -1    -1e-30      0.00 7.530e-01 2.469e-01 1.679e-05 4.875e-06 4.251e-05 -1.000 1.000e-04 0.378 0.901 0.400 0.378 0.437 0.473 0.499
0.0001 -2.19174 9.95424 0.8691586256 2.4407155514    0.818  1.757  3.8522  2.954    4  0.000  0.527     0.00     0.00     0.00     0.00     0.00 -1    -1e-30      0.00 7.530e-01 2.469e-01 1.679e-05 4.876e-06 4.251e-05 -1.000 1.001e-04 0.377 0.899 0.398 0.377 0.436 0.473 0.498
0.0001 -2.19174 9.95424 0.8692251444 2.4407348633    0.818  1.758  3.8521  2.954    4  0.000  0.527     0.00     0.00     0.00     0.00     0.00 -1    -1e-30      0.00 7.530e-01 2.469e-01 1.679e-05 4.877e-06 4.251e-05 -1.000 1.001e-04 0.375 0.897 0.396 0.375 0.435 0.471 0.497
0.0001 -2.19174 9.95424 0.8692923188 2.4407541752    0.818  1.759  3.8518  2.951    4  0.000  0.527     0.00     0.00     0.00     0.00     0.00 -1    -1e-30      0.00 7.530e-01 2.469e-01 1.679e-05 4.877e-06 4.251e-05 -1.000 1.000e-04 0.373 0.896 0.395 0.373 0.432 0.468 0.493
0.0001 -2.19174 9.95424 0.8693608642 2.4407739639    0.818  1.760  3.8509  2.947    4  0.000  0.527     0.00     0.00     0.00     0.00     0.00 -1    -1e-30      0.00 7.530e-01 2.469e-01 1.679e-05 4.878e-06 4.251e-05 -1.000 1.000e-04 0.371 0.896 0.395 0.370 0.427 0.463 0.488
0.0001 -2.19174 9.95424 0.8693884611 2.4407818317    0.818  1.760  3.8505  2.945    4  0.000  0.527     0.00     0.00     0.00     0.00     0.00 -1    -1e-30      0.00 7.530e-01 2.469e-01 1.679e-05 4.878e-06 4.251e-05 -1.000 1.000e-04 0.370 0.896 0.394 0.368 0.424 0.460 0.485
0.0001 -2.19174 9.95424 0.8694549799 2.4408011436    0.819  1.762  3.8488  2.937    4  0.000  0.527     0.00     0.00     0.00     0.00     0.00 -1    -1e-30      0.00 7.530e-01 2.469e-01 1.679e-05 4.879e-06 4.251e-05 -1.000 1.000e-04 0.366 0.897 0.395 0.363 0.416 0.451 0.476
0.0001 -2.19174 9.95424 0.8695194125 2.4408197403    0.819  1.763  3.8467  2.927    4  0.000  0.526     0.00     0.00     0.00     0.00     0.00 -1    -1e-30      0.00 7.530e-01 2.469e-01 1.679e-05 4.879e-06 4.252e-05 -1.000 1.000e-04 0.362 0.900 0.397 0.358 0.407 0.441 0.465
0.0001 -2.19174 9.95424 0.8695850372 2.4408388138    0.819  1.765  3.8441  2.914    4  0.000  0.526     0.00     0.00     0.00     0.00     0.00 -1    -1e-30      0.00 7.530e-01 2.469e-01 1.679e-05 4.880e-06 4.252e-05 -1.000 9.999e-05 0.358 0.903 0.399 0.351 0.395 0.428 0.451
0.0001 -2.19174 9.95424 0.8696522117 2.4408581257    0.819  1.767  3.8407  2.899    4  0.000  0.526     0.00     0.00     0.00     0.00     0.00 -1    -1e-30      0.00 7.530e-01 2.469e-01 1.679e-05 4.881e-06 4.252e-05 -1.000 1.000e-04 0.352 0.908 0.402 0.342 0.381 0.411 0.434
0.0001 -2.19174 9.95424 0.8697161078 2.4408764839    0.819  1.770  3.8369  2.881    4  0.000  0.526     0.00     0.00     0.00     0.00     0.00 -1    -1e-30      0.00 7.530e-01 2.469e-01 1.679e-05 4.881e-06 4.252e-05 -1.000 1.001e-04 0.346 0.914 0.406 0.333 0.365 0.393 0.415
0.0001 -2.19174 9.95424 0.8697826266 2.4408957958    0.819  1.773  3.8323  2.860    4  0.000  0.526     0.00     0.00     0.00     0.00     0.00 -1    -1e-30      0.00 7.530e-01 2.469e-01 1.679e-05 4.882e-06 4.252e-05 -1.000 1.001e-04 0.339 0.921 0.411 0.323 0.345 0.371 0.392
0.0001 -2.19174 9.95424 0.8698483109 2.4409146309    0.819  1.776  3.8271  2.836    4  0.000  0.526     0.00     0.00     0.00     0.00     0.00 -1    -1e-30      0.00 7.530e-01 2.469e-01 1.679e-05 4.882e-06 4.252e-05 -1.000 9.996e-05 0.330 0.931 0.417 0.312 0.325 0.348 0.367
0.0001 -2.19174 9.95424 0.8698661327 2.4409198761    0.819  1.777  3.8256  2.829    4  0.000  0.526     0.00     0.00     0.00     0.00     0.00 -1    -1e-30      0.00 7.530e-01 2.469e-01 1.678e-05 4.883e-06 4.252e-05 -1.000 1.000e-04 0.328 0.934 0.419 0.309 0.319 0.341 0.360
0.0001 -2.19174 9.95424 0.8699172735 2.4409346581    0.819  1.780  3.8211  2.808    4  0.000  0.526     0.00     0.00     0.00     0.00     0.00 -1    -1e-30      0.00 7.530e-01 2.469e-01 1.678e-05 4.883e-06 4.252e-05 -1.000 1.001e-04 0.321 0.943 0.425 0.299 0.301 0.320 0.338
0.0001 -2.19174 9.95424 0.8699866533 2.4409546852    0.819  1.784  3.8146  2.778    4  0.000  0.526     0.00     0.00     0.00     0.00     0.00 -1    -1e-30      0.00 7.530e-01 2.469e-01 1.678e-05 4.884e-06 4.252e-05 -1.000 9.997e-05 0.311 0.958 0.434 0.286 0.276 0.291 0.306
0.0001 -2.19174 9.95424 0.8700545430 2.4409742355    0.819  1.788  3.8079  2.747    4  0.000  0.526     0.00     0.00     0.00     0.00     0.00 -1    -1e-30      0.00 7.530e-01 2.469e-01 1.678e-05 4.884e-06 4.252e-05 -1.000 9.999e-05 0.300 0.975 0.444 0.272 0.251 0.260 0.273
0.0001 -2.19174 9.95424 0.8701245189 2.4409942627    0.819  1.793  3.8005  2.713    4  0.000  0.526     0.00     0.00     0.00     0.00     0.00 -1    -1e-30      0.00 7.530e-01 2.469e-01 1.678e-05 4.885e-06 4.252e-05 -1.000 1.000e-04 0.287 0.995 0.457 0.258 0.223 0.227 0.238
0.0001 -2.19174 9.95424 0.8701925874 2.4410140514    0.819  1.798  3.7932  2.678    4  0.000  0.526     0.00     0.00     0.00     0.00     0.00 -1    -1e-30      0.00 7.530e-01 2.469e-01 1.678e-05 4.885e-06 4.252e-05 -1.000 1.000e-04 0.274 1.017 0.469 0.243 0.196 0.193 0.201
0.0001 -2.19174 9.95424 0.8702586889 2.4410328865    0.819  1.804  3.7865  2.645    4  0.000  0.526     0.00     0.00     0.00     0.00     0.00 -1    -1e-30      0.00 7.529e-01 2.470e-01 1.678e-05 4.886e-06 4.252e-05 -1.000 9.996e-05 0.260 1.036 0.478 0.229 0.169 0.160 0.166
0.0001 -2.19174 9.95424 0.8703235388 2.4410517216    0.819  1.810  3.7809  2.617    4  0.000  0.526     0.00     0.00     0.00     0.00     0.00 -1    -1e-30      0.00 7.529e-01 2.470e-01 1.678e-05 4.887e-06 4.252e-05 -1.000 9.996e-05 0.245 1.050 0.484 0.214 0.144 0.131 0.135
0.0001 -2.19174 9.95424 0.8703898191 2.4410707951    0.820  1.816  3.7761  2.592    4  0.000  0.526     0.00     0.00     0.00     0.00     0.00 -1    -1e-30      0.00 7.529e-01 2.470e-01 1.678e-05 4.887e-06 4.252e-05 -1.000 1.001e-04 0.230 1.062 0.485 0.199 0.121 0.103 0.105
0.0001 -2.19174 9.95424 0.8704550862 2.4410896301    0.820  1.822  3.7723  2.571    4  0.000  0.526     0.00     0.00     0.00     0.00     0.00 -1    -1e-30      0.00 7.529e-01 2.470e-01 1.678e-05 4.888e-06 4.252e-05 -1.000 1.001e-04 0.215 1.068 0.484 0.184 0.099 0.078 0.078
0.0001 -2.19174 9.95424 0.8705157638 2.4411070347    0.820  1.822  3.7724  2.571    4  0.000  0.526     0.00     0.00     0.00     0.00     0.00 -1    -1e-30      0.00 7.529e-01 2.470e-01 1.678e-05 4.888e-06 4.252e-05 -1.000 9.999e-05 0.214 1.067 0.482 0.183 0.098 0.076 0.077
0.0001 -2.19174 9.95424 0.8705812693 2.4411258698    0.820  1.831  3.7676  2.543    4  0.000  0.526     0.00     0.00     0.00     0.00     0.00 -1    -1e-30      0.00 7.529e-01 2.470e-01 1.678e-05 4.889e-06 4.252e-05 -1.000 1.000e-04 0.192 1.073 0.478 0.162 0.068 0.042 0.041
0.0001 -2.19174 9.95424 0.8706467152 2.4411447048    0.820  1.848  3.7607  2.499    4  0.000  0.526     0.00     0.00     0.00     0.00     0.00 -1    -1e-30      0.00 7.529e-01 2.470e-01 1.678e-05 4.890e-06 4.252e-05 -1.000 9.999e-05 0.151 1.072 0.462 0.121 0.016 -0.017 -0.022
0.0001 -2.19174 9.95424 0.8707123399 2.4411635399    0.820  1.875  3.7525  2.439    4  0.000  0.526     0.00     0.00     0.00     0.00     0.00 -1    -1e-30      0.00 7.529e-01 2.470e-01 1.678e-05 4.890e-06 4.252e-05 -1.000 1.000e-04 0.083 1.058 0.425 0.055 -0.064 -0.106 -0.113
0.0001 -2.19174 9.95424 0.8707490563 2.4411742687    0.820  1.904  3.7451  2.380    4  0.000  0.526     0.00     0.00     0.00     0.00     0.00 -1    -1e-30      0.00 7.529e-01 2.470e-01 1.678e-05 4.891e-06 4.252e-05 -1.000 1.000e-04 0.011 1.035 0.380 -0.016 -0.148 -0.197 -0.207
0.0001 -2.19174 9.95424 0.8707679510 2.4411797523    0.820  1.937  3.7379  2.318    4  0.000  0.526     0.00     0.00     0.00     0.00     0.00 -1    -1e-30      0.00 7.529e-01 2.470e-01 1.678e-05 4.891e-06 4.252e-05 -1.000 1.000e-04 -0.073 1.004 0.324 -0.098 -0.241 -0.298 -0.312
0.0001 -2.19174 9.95424 0.8707761765 2.4411818981    0.820  1.974  3.7315  2.256    4  0.000  0.526     0.00     0.00     0.00     0.00     0.00 -1    -1e-30      0.00 7.529e-01 2.470e-01 1.678e-05 4.891e-06 4.252e-05 -1.000 1.000e-04 -0.164 0.966 0.259 -0.187 -0.342 -0.406 -0.423
0.0001 -2.19174 9.95424 0.8707795143 2.4411828518    0.820  2.010  3.7265  2.200    4  0.000  0.526     0.00     0.00     0.00     0.00     0.00 -1    -1e-30      0.00 7.529e-01 2.470e-01 1.678e-05 4.891e-06 4.252e-05 -1.000 1.000e-04 -0.255 0.920 0.189 -0.276 -0.440 -0.509 -0.528
0.0001 -2.19174 9.95424 0.8707802892 2.4411830902    0.820  2.024  3.7248  2.179    7  0.000  0.526     0.00     0.00     0.00     0.00     0.00 -1    -1e-30      0.00 7.529e-01 2.470e-01 1.678e-05 4.891e-06 4.252e-05 -1.000 1.000e-04 -0.291 0.899 0.160 -0.311 -0.478 -0.549 -0.569
0.0001 -2.19174 9.95424 0.8707812428 2.4411835670    0.820  2.049  3.7225  2.145    7  0.000  0.526     0.00     0.00     0.00     0.00     0.00 -1    -1e-30      0.00 7.529e-01 2.470e-01 1.678e-05 4.891e-06 4.252e-05 -1.000 1.000e-04 -0.352 0.858 0.108 -0.372 -0.542 -0.616 -0.637
0.0001 -2.19174 9.95424 0.8707824349 2.4411838055    0.820  2.088  3.7192  2.093    7  0.000  0.526     0.00     0.00     0.00     0.00     0.00 -1    -1e-30      0.00 7.529e-01 2.470e-01 1.678e-05 4.891e-06 4.252e-05 -1.000 1.001e-04 -0.450 0.791 0.024 -0.469 -0.645 -0.722 -0.745
0.0001 -2.19174 9.95424 0.8707836866 2.4411842823    0.820  2.125  3.7165  2.044    7  0.000  0.526     0.00     0.00     0.00     0.00     0.00 -1    -1e-30      0.00 7.529e-01 2.470e-01 1.678e-05 4.891e-06 4.252e-05 -1.000 1.000e-04 -0.543 0.727 -0.056 -0.560 -0.741 -0.821 -0.845
0.0001 -2.19174 9.95424 0.8707853556 2.4411847591    0.820  2.163  3.7139  1.996    7  0.000  0.526     0.00     0.00     0.00     0.00     0.00 -1    -1e-30      0.00 7.529e-01 2.470e-01 1.678e-05 4.891e-06 4.252e-05 -1.000 1.001e-04 -0.638 0.659 -0.139 -0.653 -0.839 -0.922 -0.948
0.0001 -2.19174 9.95424 0.8707891107 2.4411857128    0.820  2.153  3.7149  2.010    7  0.000  0.526     0.00     0.00     0.00     0.00     0.00 -1    -1e-30      0.00 7.529e-01 2.470e-01 1.678e-05 4.891e-06 4.252e-05 -1.000 9.999e-05 -0.614 0.673 -0.119 -0.629 -0.813 -0.896 -0.920
0.0001 -2.19174 9.95424 0.8708100915 2.4411916733    0.820  2.143  3.7154  2.022    7  0.000  0.526     0.00     0.00     0.00     0.00     0.00 -1    -1e-30      0.00 7.529e-01 2.470e-01 1.678e-05 4.891e-06 4.252e-05 -1.000 1.000e-04 -0.587 0.695 -0.095 -0.603 -0.786 -0.868 -0.893
0.0001 -2.19174 9.95424 0.8708360791 2.4411993027    0.820  2.175  3.7130  1.981    7  0.000  0.526     0.00     0.00     0.00     0.00     0.00 -1    -1e-30      0.00 7.529e-01 2.470e-01 1.678e-05 4.891e-06 4.252e-05 -1.000 1.000e-04 -0.667 0.641 -0.163 -0.681 -0.869 -0.953 -0.979
0.0001 -2.19174 9.95424 0.8708590269 2.4412057400    0.820  2.217  3.7102  1.927    7  0.000  0.526     0.00     0.00     0.00     0.00     0.00 -1    -1e-30      0.00 7.529e-01 2.470e-01 1.678e-05 4.892e-06 4.252e-05 -1.000 1.000e-04 -0.773 0.566 -0.256 -0.787 -0.979 -1.067 -1.094
0.0001 -2.19174 9.95424 0.8708751202 2.4412105083    0.820  2.258  3.7076  1.877    7  0.000  0.526     0.00     0.00     0.00     0.00     0.00 -1    -1e-30      0.00 7.529e-01 2.470e-01 1.678e-05 4.892e-06 4.252e-05 -1.000 1.000e-04 -0.874 0.496 -0.344 -0.886 -1.083 -1.174 -1.203
0.0001 -2.19174 9.95424 0.8708956242 2.4412164688    0.820  2.307  3.7046  1.816    7  0.000  0.526     0.00     0.00     0.00     0.00     0.00 -1    -1e-30      0.00 7.529e-01 2.470e-01 1.678e-05 4.892e-06 4.253e-05 -1.000 1.000e-04 -0.997 0.410 -0.452 -1.007 -1.210 -1.305 -1.335
0.0001 -2.19174 9.95424 0.8709148169 2.4412219524    0.820  2.349  3.7022  1.764    7  0.000  0.526     0.00     0.00     0.00     0.00     0.00 -1    -1e-30      0.00 7.529e-01 2.470e-01 1.678e-05 4.892e-06 4.253e-05 -1.000 1.000e-04 -1.103 0.335 -0.545 -1.111 -1.318 -1.416 -1.447
0.0001 -2.19174 9.95424 0.8709324598 2.4412269592    0.820  2.391  3.6999  1.713    7  0.000  0.526     0.00     0.00     0.00     0.00     0.00 -1    -1e-30      0.00 7.529e-01 2.470e-01 1.678e-05 4.894e-06 4.253e-05 -1.000 1.000e-04 -1.207 0.261 -0.636 -1.213 -1.425 -1.525 -1.557
0.0001 -2.19174 9.95424 0.8709484339 2.4412314892    0.820  2.432  3.6977  1.663    7  0.000  0.525     0.00     0.00     0.00     0.00     0.00 -1    -1e-30      0.00 7.528e-01 2.471e-01 1.674e-05 4.913e-06 4.253e-05 -1.000 9.996e-05 -1.310 0.189 -0.726 -1.314 -1.529 -1.633 -1.666
0.0001 -2.19174 9.95424 0.8709629178 2.4412357807    0.820  2.473  3.6955  1.613    7  0.000  0.521     0.00     0.00     0.00     0.00     0.00 -1    -1e-30      0.00 7.527e-01 2.472e-01 1.662e-05 4.994e-06 4.254e-05 -1.000 9.999e-05 -1.412 0.117 -0.816 -1.414 -1.634 -1.740 -1.775
0.0001 -2.19174 9.95424 0.8709760904 2.4412395954    0.820  2.514  3.6933  1.563    7  0.000  0.511     5.91     4.79     3.43     2.64     2.14  4    -1e-30      0.00 7.525e-01 2.474e-01 1.632e-05 5.285e-06 4.256e-05 -1.000 9.999e-05 -1.514 0.046 -0.905 -1.514 -1.738 -1.847 -1.883
0.0001 -2.19174 9.95424 0.8709880114 2.4412429333    0.820  2.555  3.6912  1.514    7  0.000  0.497     6.56     5.24     3.73     2.88     2.33  3    -1e-30      0.00 7.524e-01 2.475e-01 1.587e-05 5.822e-06 4.257e-05 -1.000 9.994e-05 -1.617 -0.026 -0.994 -1.614 -1.842 -1.954 -1.991
0.0001 -2.19174 9.95424 0.8709986806 2.4412460327    0.820  2.595  3.6890  1.465    7  0.000  0.483     7.28     5.73     4.06     3.14     2.54  3    -1e-30      0.00 7.522e-01 2.477e-01 1.541e-05 6.379e-06 4.258e-05 -1.000 9.997e-05 -1.718 -0.094 -1.082 -1.712 -1.945 -2.060 -2.098
0.0001 -2.19174 9.95424 0.8710085750 2.4412488937    0.820  2.636  3.6869  1.415    7  0.000  0.470     8.09     6.27     4.43     3.42     2.77  3    -1e-30      0.00 7.520e-01 2.479e-01 1.502e-05 6.866e-06 4.259e-05 -1.000 9.993e-05 -1.821 -0.160 -1.169 -1.812 -2.049 -2.166 -2.206
0.0001 -2.19174 9.95424 0.8710177541 2.4412515163    0.820  2.677  3.6847  1.366    7  0.000  0.460     8.97     6.84     4.82     3.73     3.02  3    -1e-30      0.00 7.518e-01 2.481e-01 1.469e-05 7.281e-06 4.259e-05 -1.000 9.994e-05 -1.921 -0.214 -1.253 -1.910 -2.152 -2.273 -2.313
0.0001 -2.19174 9.95424 0.8710265756 2.4412541389    0.820  2.717  3.6826  1.317    7  0.000  0.451     9.94     7.48     5.24     4.06     3.29  3    -1e-30      0.00 7.516e-01 2.483e-01 1.441e-05 7.628e-06 4.259e-05 -1.000 9.999e-05 -2.022 -0.254 -1.335 -2.010 -2.257 -2.380 -2.422
0.0001 -2.19174 9.95424 0.8710350394 2.4412565231    0.820  2.757  3.6804  1.269    7  0.000  0.443    11.02     8.16     5.70     4.43     3.58  3    -1e-30      0.00 7.514e-01 2.485e-01 1.416e-05 7.943e-06 4.259e-05 -1.000 9.856e-05 -2.122 -0.288 -1.414 -2.109 -2.361 -2.487 -2.530
0.0001 -2.19174 9.95424 0.8710432053 2.4412589073    0.820  2.797  3.6782  1.220    7  0.000  0.437    12.23     8.92     6.20     4.82     3.91  3    -1e-30      0.00 7.512e-01 2.487e-01 1.394e-05 8.209e-06 4.257e-05 -1.000 8.892e-05 -2.223 -0.316 -1.491 -2.208 -2.466 -2.595 -2.639
0.0001 -2.19174 9.95424 0.8710507154 2.4412610531    0.820  2.839  3.6760  1.169    7  0.000  0.431    13.60     9.77     6.77     5.27     4.27  2    -1e-30      0.00 7.509e-01 2.490e-01 1.375e-05 8.451e-06 4.253e-05 -1.000 8.143e-05 -2.327 -0.337 -1.568 -2.309 -2.573 -2.705 -2.750
0.0001 -2.19174 9.95424 0.8710571527 2.4412627220    0.820  2.879  3.6738  1.120    7  0.000  0.427    15.08    10.68     7.36     5.74     4.65  2    -1e-30      0.00 7.506e-01 2.493e-01 1.359e-05 8.685e-06 4.245e-05 -1.000 9.406e-05 -2.427 -0.350 -1.639 -2.407 -2.677 -2.812 -2.859
0.0001 -2.19174 9.95424 0.8710628748 2.4412643909    0.820  2.919  3.6715  1.071    7  0.000  0.424    16.75    11.68     8.02     6.26     5.08  2    -1e-30      0.00 7.504e-01 2.495e-01 1.345e-05 8.907e-06 4.234e-05 -1.000 1.000e-04 -2.528 -0.357 -1.709 -2.505 -2.782 -2.921 -2.969
0.0001 -2.19174 9.95424 0.8710676432 2.4412658215    0.820  2.959  3.6693  1.022    7  0.000  0.421    18.57    12.75     8.72     6.82     5.53  2    -1e-30      0.00 7.501e-01 2.498e-01 1.333e-05 9.147e-06 4.220e-05 -1.000 9.999e-05 -2.628 -0.357 -1.775 -2.601 -2.885 -3.028 -3.077
0.0001 -2.19174 9.95424 0.8710720539 2.4412670135    0.820  2.998  3.6670  0.974    7  0.000  0.420    20.57    13.92     9.48     7.42     6.02  2    -1e-30      0.00 7.499e-01 2.500e-01 1.323e-05 9.396e-06 4.204e-05 -1.000 1.000e-04 -2.726 -0.343 -1.834 -2.694 -2.987 -3.133 -3.184
0.0001 -2.19174 9.95424 0.8710766435 2.4412684441    0.820  3.039  3.6647  0.924    7  0.000  0.419    22.85    15.23    10.33     8.10     6.57  2    -1e-30      0.00 7.497e-01 2.502e-01 1.315e-05 9.628e-06 4.188e-05 -1.000 9.993e-05 -2.827 -0.319 -1.890 -2.789 -3.091 -3.241 -3.294
0.0001 -2.19174 9.95424 0.8710805178 2.4412696362    0.820  3.080  3.6622  0.873    7  0.000  0.418    25.46    16.70    11.29     8.86     7.19  2    -1e-30      0.00 7.495e-01 2.504e-01 1.309e-05 9.842e-06 4.172e-05 -1.000 3.913e-05 -2.931 -0.285 -1.944 -2.886 -3.198 -3.354 -3.408
0.0001 -2.19174 9.95424 0.8710828424 2.4412701130    0.820  3.130  3.6591  0.810    7  0.000  0.418    29.05    18.70    12.57     9.88     8.02  1    -1e-30      0.00 7.494e-01 2.505e-01 1.306e-05 9.960e-06 4.164e-05 -1.000 9.987e-05 -3.055 -0.224 -1.998 -2.999 -3.327 -3.489 -3.545
0.0001 -2.19174 9.95424 0.8710832596 2.4412703514    0.820  3.073  3.6627  0.882    7  0.000  0.418    24.96    16.42    11.11     8.72     7.07  2    -1e-30      0.00 7.492e-01 2.507e-01 1.299e-05 1.021e-05 4.145e-05 -1.000 9.996e-05 -2.912 -0.294 -1.935 -2.868 -3.179 -3.333 -3.387
0.0001 -2.19174 9.95424 0.8710833788 2.4412703514    0.820  3.070  3.6629  0.885    7  0.000  0.418    24.79    16.33    11.05     8.67     7.03  2    -1e-30      0.00 7.492e-01 2.507e-01 1.299e-05 1.021e-05 4.145e-05 -1.000 9.996e-05 -2.905 -0.296 -1.932 -2.862 -3.172 -3.326 -3.380
0.0001 -2.19174 9.95424 0.8710835576 2.4412703514    0.820  3.095  3.6613  0.854    7  0.000  0.418    26.50    17.29    11.67     9.16     7.43  1    -1e-30      0.00 7.492e-01 2.507e-01 1.298e-05 1.022e-05 4.144e-05 -1.000 9.996e-05 -2.969 -0.270 -1.962 -2.921 -3.238 -3.395 -3.450
0.0001 -2.19174 9.95424 0.8710837960 2.4412705898    0.820  3.122  3.6597  0.821    7  0.000  0.418    28.41    18.34    12.35     9.70     7.87  1    -1e-30      0.00 7.492e-01 2.507e-01 1.298e-05 1.022e-05 4.144e-05 -1.000 9.999e-05 -3.035 -0.236 -1.990 -2.981 -3.306 -3.466 -3.523
0.0001 -2.19174 9.95424 0.8710839152 2.4412705898    0.820  3.147  3.6581  0.789    7  0.000  0.418    30.39    19.43    13.05    10.26     8.33  1    -1e-30      0.00 7.492e-01 2.507e-01 1.298e-05 1.023e-05 4.144e-05 -1.000 9.999e-05 -3.098 -0.201 -2.016 -3.038 -3.371 -3.535 -3.592
0.0001 -2.19174 9.95424 0.8710842133 2.4412705898    0.820  3.178  3.6561  0.750    7  0.000  0.418    32.99    20.85    13.95    10.98     8.92  1    -1e-30      0.00 7.489e-01 2.510e-01 1.293e-05 1.045e-05 4.127e-05 -1.000 1.000e-04 -3.175 -0.200 -2.058 -3.106 -3.447 -3.615 -3.674
0.0001 -2.19174 9.95424 0.8710846305 2.4412708282    0.820  3.209  3.6541  0.711    7  0.000  0.417    35.82    22.37    14.92    11.76     9.55  1    -1e-30      0.00 7.487e-01 2.512e-01 1.287e-05 1.068e-05 4.110e-05 -1.000 9.999e-05 -3.253 -0.200 -2.100 -3.174 -3.523 -3.696 -3.756
0.0001 -2.19174 9.95424 0.8710852861 2.4412708282    0.820  3.253  3.6512  0.655    7  0.527  0.417    40.30    24.74    16.43    12.97    10.53  1    -1e-30      0.00 7.483e-01 2.516e-01 1.278e-05 1.100e-05 4.085e-05 -1.000 9.993e-05 -3.363 -0.196 -2.157 -3.271 -3.632 -3.810 -3.873
0.0001 -2.19174 9.95424 0.8710859418 2.4412710667    0.820  3.279  3.6479  0.617    8  0.527  0.434    43.76    26.54    17.57    13.88    11.28  1 -4.42e-07      0.00 7.481e-01 2.518e-01 1.337e-05 1.122e-05 4.107e-05 -1.000 1.375e-04 -3.427 -0.147 -2.166 -3.318 -3.691 -3.876 -3.942
0.0001 -2.19174 9.95424 0.8710860610 2.4412710667    0.818  3.084  3.6600  0.859    8  0.527  0.434    26.21    17.12    11.56     9.08     7.36  1 -2.03e-07      0.00 7.481e-01 2.518e-01 1.337e-05 1.122e-05 4.107e-05 -1.000 1.374e-04 -2.941 -0.182 -1.911 -2.889 -3.211 -3.370 -3.426
0.0001 -2.19174 9.95424 0.8710861802 2.4412710667    0.816  2.938  3.6688  1.039    8  0.527  0.434    17.89    12.35     8.46     6.61     5.36  2 -1.19e-07      0.00 7.481e-01 2.518e-01 1.337e-05 1.122e-05 4.107e-05 -1.000 1.375e-04 -2.575 -0.292 -1.717 -2.547 -2.833 -2.975 -3.025
0.0001 -2.19174 9.95424 0.8710864782 2.4412713051    0.812  2.707  3.6827  1.323    8  0.527  0.434     9.80     7.38     5.17     4.01     3.25  3 -5.51e-08      0.00 7.481e-01 2.518e-01 1.337e-05 1.122e-05 4.107e-05 -1.000 1.375e-04 -1.998 -0.233 -1.311 -1.986 -2.233 -2.355 -2.397
0.0001 -2.19174 9.95424 0.8710868955 2.4412713051    0.805  2.710  3.6823  1.315    8  0.527  0.434     9.94     7.47     5.24     4.06     3.29  3  -5.6e-08      0.00 7.481e-01 2.518e-01 1.337e-05 1.122e-05 4.107e-05 -1.000 1.375e-04 -2.005 -0.228 -1.315 -1.993 -2.241 -2.364 -2.406
0.0001 -2.19174 9.95424 0.8710873723 2.4412715435    0.797  2.773  3.6781  1.231    8  0.527  0.434    11.83     8.67     6.03     4.69     3.80  3 -6.91e-08      0.00 7.481e-01 2.518e-01 1.337e-05 1.122e-05 4.107e-05 -1.000 1.375e-04 -2.162 -0.253 -1.429 -2.147 -2.405 -2.533 -2.578
0.0001 -2.19174 9.95424 0.8710880280 2.4412717819    0.787  2.948  3.6671  1.006    8  0.528  0.434    18.99    12.99     8.87     6.95     5.63  2 -1.28e-07      0.00 7.481e-01 2.518e-01 1.337e-05 1.122e-05 4.107e-05 -1.000 1.376e-04 -2.601 -0.238 -1.716 -2.569 -2.861 -3.006 -3.057
0.0001 -2.19174 9.95424 0.8710887432 2.4412720203    0.776  3.112  3.6567  0.794    8  0.528  0.434    29.66    18.98    12.74    10.04     8.14  1 -2.41e-07      0.00 7.481e-01 2.518e-01 1.337e-05 1.122e-05 4.107e-05 -1.000 1.375e-04 -3.011 -0.081 -1.912 -2.945 -3.282 -3.448 -3.507
0.0001 -2.19174 9.95424 0.8710895777 2.4412722588    0.763  3.222  3.6496  0.649    8  0.528  0.434    40.17    24.56    16.29    12.89    10.46  1 -3.83e-07      0.00 7.481e-01 2.518e-01 1.337e-05 1.122e-05 4.107e-05 -1.000 1.376e-04 -3.284 -0.070 -2.054 -3.184 -3.550 -3.732 -3.796
0.0001 -2.19174 9.95424 0.8710905313 2.4412724972    0.749  3.279  3.6455  0.568    8  0.529  0.434    47.60    28.33    18.66    14.81    12.02  1 -5.01e-07      0.00 7.481e-01 2.518e-01 1.337e-05 1.122e-05 4.107e-05 -1.000 1.375e-04 -3.427 -0.053 -2.120 -3.305 -3.689 -3.879 -3.947
0.0001 -2.19174 9.95424 0.8710916042 2.4412727356    0.733  3.304  3.6434  0.525    8  0.529  0.434    51.88    30.43    19.97    15.88    12.89  1 -5.74e-07      0.00 7.481e-01 2.518e-01 1.337e-05 1.122e-05 4.107e-05 -1.000 1.376e-04 -3.490 -0.030 -2.139 -3.355 -3.749 -3.944 -4.013
0.0001 -2.19174 9.95424 0.8710927963 2.4412729740    0.717  3.315  3.6421  0.499    8  0.530  0.434    54.64    31.73    20.77    16.54    13.42  1 -6.23e-07      0.00 7.481e-01 2.518e-01 1.337e-05 1.122e-05 4.107e-05 -1.000 1.376e-04 -3.518 -0.004 -2.139 -3.374 -3.775 -3.973 -4.044
0.0001 -2.19174 9.95424 0.8711006641 2.4412753582    0.534 -9.999  4.0000  1.833    9  0.534  0.000     0.00     0.00     0.00     0.00     0.00 -1    -1e-30      0.00 7.481e-01 2.518e-01 1.337e-05 1.122e-05 4.107e-05 -1.000 1.375e-04 29.767 30.114 29.975 30.253 30.481 30.559 30.648
#isochrone terminated
