# File generated by CMD 3.6 (http://stev.oapd.inaf.it/cmd) on Thu Apr 21 17:50:13 CEST 2022
# isochrones based on PARSEC release v1.2S +  COLIBRI S_37 + S_35 + PR16
# Basic references: Bressan et al. (2012), MNRAS, 427, 127 + Chen et al. (2014, 2015), MNRAS, 444, 2525 + MNRAS, 452, 1068 + Tang et al. (2014), MNRAS, 445, 4287 + Marigo et al. (2017), ApJ, 835, 77 + Pastorelli al. (2019), MNRAS, 485, 5666 + Pastorelli al. (2020), MNRAS, in press
# Thermal pulse cycles included 
# On RGB, assumed Reimers mass loss with efficiency eta=0.2
# LPV periods and growth rates added cf. Trabucchi et al. (2019)
# but fundamental-mode LPV periods are from Trabucchi et al. (2021)
# Photometric system: DECAM (ABmags)
# Using YBC version of bolometric corrections as in Chen et al. (2019)
# O-rich circumstellar dpmod60alox40 dust from Groenewegen (2006)
# C-rich circumstellar AMCSIC15 dust from Groenewegen (2006)
# IMF: Kroupa (2001, 2002) + Kroupa et al. (2013) canonical two-part-power law IMF corrected for unresolved binaries 
# Kind of output: isochrone tables
# Zini     MH   logAge Mini        int_IMF         Mass   logL    logTe  logg  label   McoreTP C_O  period0  period1  period2  period3  period4  pmode  Mloss  tau1m   X   Y   Xc  Xn  Xo  Cexcess  Z 	 mbolmag  umag    gmag    rmag    imag    zmag    Ymag
0.0001 -2.19174 9.69897 0.1000000015 1.1711064577    0.100 -2.787  3.5576  5.408    1  0.000  0.545     0.00     0.00     0.00     0.00     0.00 -1 -1.28e-16      0.00 7.486e-01 2.513e-01 1.798e-05 4.851e-06 4.400e-05 -1.000 1.000e-04 11.739 15.955 13.680 12.119 11.468 11.170 11.071
0.0001 -2.19174 9.69897 0.1098214313 1.2482755184    0.109 -2.639  3.5730  5.359    1  0.000  0.545     0.00     0.00     0.00     0.00     0.00 -1 -1.83e-16      0.00 7.479e-01 2.520e-01 1.798e-05 4.851e-06 4.400e-05 -1.000 9.996e-05 11.367 15.221 13.095 11.655 11.104 10.830 10.736
0.0001 -2.19174 9.69897 0.1294642836 1.3786746264    0.129 -2.399  3.5956  5.282    1  0.000  0.545     0.00     0.00     0.00     0.00     0.00 -1 -3.19e-16      0.00 7.465e-01 2.534e-01 1.798e-05 4.851e-06 4.400e-05 -1.000 1.001e-04 10.768 14.101 12.217 10.970 10.509 10.268 10.184
0.0001 -2.19174 9.69897 0.1491071582 1.4855960608    0.149 -2.243  3.6070  5.233    1  0.000  0.545     0.00     0.00     0.00     0.00     0.00 -1 -4.51e-16      0.00 7.456e-01 2.543e-01 1.798e-05 4.851e-06 4.400e-05 -1.000 9.996e-05 10.377 13.470 11.701 10.544 10.116 9.891 9.813
0.0001 -2.19174 9.69897 0.1687500030 1.5756140947    0.168 -2.122  3.6144  5.194    1  0.000  0.545     0.00     0.00     0.00     0.00     0.00 -1 -5.86e-16      0.00 7.449e-01 2.550e-01 1.798e-05 4.851e-06 4.400e-05 -1.000 9.999e-05 10.074 13.019 11.321 10.220 9.812 9.598 9.524
0.0001 -2.19174 9.69897 0.2080357224 1.7204496861    0.207 -1.921  3.6255  5.129    1  0.000  0.545     0.00     0.00     0.00     0.00     0.00 -1 -9.02e-16      0.00 7.441e-01 2.558e-01 1.798e-05 4.851e-06 4.400e-05 -1.000 9.999e-05 9.572 12.305 10.710 9.687 9.307 9.109 9.041
0.0001 -2.19174 9.69897 0.2571428716 1.8581268787    0.257 -1.727  3.6356  5.069    1  0.000  0.545     0.00     0.00     0.00     0.00     0.00 -1 -1.36e-15      0.00 7.440e-01 2.559e-01 1.798e-05 4.851e-06 4.400e-05 -1.000 1.000e-04 9.088 11.638 10.132 9.176 8.819 8.636 8.573
0.0001 -2.19174 9.69897 0.3062500358 1.9652637243    0.306 -1.575  3.6438  5.025    1  0.000  0.545     0.00     0.00     0.00     0.00     0.00 -1 -1.86e-15      0.00 7.441e-01 2.558e-01 1.798e-05 4.852e-06 4.400e-05 -1.000 9.999e-05 8.707 11.117 9.681 8.774 8.436 8.264 8.206
0.0001 -2.19174 9.69897 0.3553571403 2.0521113873    0.355 -1.449  3.6514  4.995    1  0.000  0.545     0.00     0.00     0.00     0.00     0.00 -1 -2.39e-15      0.00 7.448e-01 2.551e-01 1.797e-05 4.852e-06 4.400e-05 -1.000 1.000e-04 8.392 10.679 9.306 8.441 8.119 7.957 7.903
0.0001 -2.19174 9.69897 0.4044643044 2.1246092319    0.404 -1.336  3.6594  4.970    1  0.000  0.545     0.00     0.00     0.00     0.00     0.00 -1 -2.98e-15      0.00 7.505e-01 2.494e-01 1.798e-05 4.851e-06 4.400e-05 -1.000 9.991e-05 8.110 10.272 8.963 8.140 7.835 7.684 7.635
0.0001 -2.19174 9.69897 0.4535714388 2.1864814758    0.453 -1.199  3.6714  4.931    1  0.000  0.545     0.00     0.00     0.00     0.00     0.00 -1 -4.04e-15      0.00 7.508e-01 2.491e-01 1.798e-05 4.851e-06 4.400e-05 -1.000 9.999e-05 7.769 9.743 8.537 7.775 7.494 7.359 7.316
0.0001 -2.19174 9.69897 0.5026785731 2.2401986122    0.503 -1.050  3.6848  4.880    1  0.000  0.545     0.00     0.00     0.00     0.00     0.00 -1 -5.74e-15      0.00 7.515e-01 2.484e-01 1.793e-05 4.837e-06 4.388e-05 -1.000 1.000e-04 7.394 9.174 8.077 7.379 7.125 7.007 6.971
0.0001 -2.19174 9.69897 0.5517857671 2.2851314545    0.551 -0.880  3.7014  4.817    1  0.000  0.545     0.00     0.00     0.00     0.00     0.00 -1  -8.7e-15      0.00 7.651e-01 2.348e-01 1.701e-05 4.591e-06 4.164e-05 -1.000 9.996e-05 6.970 8.528 7.560 6.937 6.714 6.616 6.589
0.0001 -2.19174 9.69897 0.6008928418 2.3217256069    0.601 -0.706  3.7222  4.763    1  0.000  0.544     0.00     0.00     0.00     0.00     0.00 -1 -1.32e-14      0.00 7.705e-01 2.294e-01 1.666e-05 4.496e-06 4.079e-05 -1.000 8.260e-05 6.535 7.853 7.028 6.490 6.305 6.232 6.215
0.0001 -2.19174 9.69897 0.6262345910 2.3380494118    0.626 -0.615  3.7344  4.739    1  0.000  0.544     0.00     0.00     0.00     0.00     0.00 -1 -1.64e-14      0.00 7.742e-01 2.257e-01 1.642e-05 4.432e-06 4.022e-05 -1.000 5.341e-05 6.307 7.506 6.753 6.261 6.097 6.037 6.025
0.0001 -2.19174 9.69897 0.6499999762 2.3520355225    0.650 -0.531  3.7457  4.716    1  0.000  0.544     0.00     0.00     0.00     0.00     0.00 -1 -2.01e-14      0.00 7.781e-01 2.218e-01 1.617e-05 4.365e-06 3.962e-05 -1.000 1.000e-04 6.097 7.198 6.504 6.055 5.909 5.862 5.855
0.0001 -2.19174 9.69897 0.6714786291 2.3637011051    0.671 -0.455  3.7560  4.696    1  0.000  0.544     0.00     0.00     0.00     0.00     0.00 -1 -2.41e-14      0.00 7.825e-01 2.174e-01 1.588e-05 4.288e-06 3.892e-05 -1.000 9.994e-05 5.907 6.927 6.282 5.872 5.744 5.708 5.706
0.0001 -2.19174 9.69897 0.6993898749 2.3776364326    0.699 -0.358  3.7690  4.668    1  0.000  0.544     0.00     0.00     0.00     0.00     0.00 -1 -3.05e-14      0.00 7.893e-01 2.106e-01 1.545e-05 4.173e-06 3.789e-05 -1.000 1.000e-04 5.664 6.597 6.004 5.642 5.535 5.512 5.515
0.0001 -2.19174 9.69897 0.6999999881 2.3779268265    0.700 -0.356  3.7693  4.668    1  0.000  0.544     0.00     0.00     0.00     0.00     0.00 -1 -3.06e-14      0.00 7.894e-01 2.105e-01 1.544e-05 4.170e-06 3.787e-05 -1.000 9.997e-05 5.659 6.590 5.998 5.637 5.530 5.508 5.510
0.0001 -2.19174 9.69897 0.7100482583 2.3826265335    0.710 -0.321  3.7737  4.657    1  0.000  0.542     0.00     0.00     0.00     0.00     0.00 -1 -3.34e-14      0.00 7.929e-01 2.070e-01 1.517e-05 4.109e-06 3.733e-05 -1.000 1.000e-04 5.573 6.479 5.902 5.555 5.456 5.437 5.441
0.0001 -2.19174 9.69897 0.7299042940 2.3914775848    0.730 -0.253  3.7823  4.635    1  0.000  0.538     0.00     0.00     0.00     0.00     0.00 -1 -3.95e-14      0.00 8.006e-01 1.993e-01 1.460e-05 3.976e-06 3.615e-05 -1.000 1.000e-04 5.403 6.263 5.714 5.396 5.309 5.299 5.306
0.0001 -2.19174 9.69897 0.7484639287 2.3992643356    0.748 -0.190  3.7900  4.614    1  0.000  0.535     0.00     0.00     0.00     0.00     0.00 -1 -4.62e-14      0.00 8.086e-01 1.913e-01 1.403e-05 3.838e-06 3.494e-05 -1.000 1.000e-04 5.244 6.067 5.538 5.248 5.174 5.171 5.181
0.0001 -2.19174 9.69897 0.7500000000 2.3998889923    0.750 -0.185  3.7906  4.612    1  0.000  0.535     0.00     0.00     0.00     0.00     0.00 -1 -4.68e-14      0.00 8.093e-01 1.906e-01 1.398e-05 3.826e-06 3.483e-05 -1.000 1.000e-04 5.231 6.052 5.524 5.236 5.163 5.161 5.171
0.0001 -2.19174 9.69897 0.7537276149 2.4013926983    0.754 -0.172  3.7921  4.607    1  0.000  0.535     0.00     0.00     0.00     0.00     0.00 -1 -4.83e-14      0.00 8.099e-01 1.900e-01 1.396e-05 3.823e-06 3.481e-05 -1.000 1.000e-04 5.200 6.014 5.489 5.206 5.135 5.135 5.145
0.0001 -2.19174 9.69897 0.7714111805 2.4082987309    0.771 -0.112  3.7990  4.585    1  0.000  0.534     0.00     0.00     0.00     0.00     0.00 -1 -5.63e-14      0.00 8.119e-01 1.880e-01 1.395e-05 3.824e-06 3.483e-05 -1.000 1.001e-04 5.049 5.834 5.324 5.064 5.005 5.011 5.024
0.0001 -2.19174 9.69897 0.7881055474 2.4144926071    0.788 -0.055  3.8054  4.563    1  0.000  0.533     0.00     0.00     0.00     0.00     0.00 -1 -6.52e-14      0.00 8.132e-01 1.867e-01 1.399e-05 3.837e-06 3.497e-05 -1.000 1.000e-04 4.906 5.667 5.168 4.930 4.880 4.893 4.908
0.0001 -2.19174 9.69897 0.8000000119 2.4187245369    0.800 -0.014  3.8100  4.546    1  0.000  0.533     0.00     0.00     0.00     0.00     0.00 -1 -7.24e-14      0.00 8.139e-01 1.860e-01 1.404e-05 3.851e-06 3.511e-05 -1.000 1.000e-04 4.804 5.549 5.056 4.833 4.790 4.808 4.824
0.0001 -2.19174 9.69897 0.8058894873 2.4207668304    0.805  0.006  3.8122  4.539    1  0.000  0.533     0.00     0.00     0.00     0.00     0.00 -1 -7.62e-14      0.00 8.140e-01 1.859e-01 1.404e-05 3.852e-06 3.512e-05 -1.000 1.000e-04 4.754 5.492 5.001 4.785 4.746 4.766 4.783
0.0001 -2.19174 9.69897 0.8218520880 2.4261336327    0.821  0.061  3.8184  4.517    1  0.000  0.533     0.00     0.00     0.00     0.00     0.00 -1 -8.78e-14      0.00 8.143e-01 1.856e-01 1.405e-05 3.855e-06 3.515e-05 -1.000 9.997e-05 4.617 5.337 4.850 4.653 4.624 4.649 4.668
0.0001 -2.19174 9.69897 0.8362945914 2.4307868481    0.836  0.111  3.8238  4.496    1  0.000  0.533     0.00     0.00     0.00     0.00     0.00 -1    -1e-13      0.00 8.144e-01 1.856e-01 1.406e-05 3.859e-06 3.520e-05 -1.000 7.311e-05 4.492 5.196 4.713 4.532 4.511 4.542 4.563
0.0001 -2.19174 9.69897 0.8500000238 2.4350347519    0.849  0.159  3.8290  4.476    1  0.000  0.533     0.00     0.00     0.00     0.00     0.00 -1 -1.14e-13      0.00 8.144e-01 1.855e-01 1.408e-05 3.866e-06 3.526e-05 -1.000 1.000e-04 4.371 5.061 4.580 4.415 4.403 4.439 4.461
0.0001 -2.19174 9.69897 0.8514645696 2.4354794025    0.851  0.165  3.8296  4.474    1  0.000  0.533     0.00     0.00     0.00     0.00     0.00 -1 -1.15e-13      0.00 8.144e-01 1.855e-01 1.408e-05 3.866e-06 3.526e-05 -1.000 9.923e-05 4.359 5.047 4.566 4.403 4.391 4.428 4.450
0.0001 -2.19174 9.69897 0.8646430969 2.4394025803    0.864  0.212  3.8349  4.454    1  0.000  0.533     0.00     0.00     0.00     0.00     0.00 -1  -1.3e-13      0.00 8.142e-01 1.857e-01 1.409e-05 3.867e-06 3.527e-05 -1.000 8.383e-05 4.241 4.917 4.436 4.289 4.286 4.328 4.351
0.0001 -2.19174 9.69897 0.8767920136 2.4428994656    0.876  0.256  3.8399  4.436    1  0.000  0.533     0.00     0.00     0.00     0.00     0.00 -1 -1.46e-13      0.00 8.140e-01 1.859e-01 1.410e-05 3.870e-06 3.530e-05 -1.000 8.348e-05 4.130 4.793 4.312 4.181 4.186 4.232 4.257
0.0001 -2.19174 9.69897 0.8928954005 2.4473664761    0.892  0.318  3.8467  4.409    1  0.000  0.533     0.00     0.00     0.00     0.00     0.00 -1 -1.72e-13      0.00 8.136e-01 1.863e-01 1.412e-05 3.875e-06 3.534e-05 -1.000 1.000e-04 3.976 4.623 4.141 4.031 4.048 4.100 4.127
0.0001 -2.19174 9.69897 0.8999999762 2.4492788315    0.899  0.345  3.8498  4.398    1  0.000  0.533     0.00     0.00     0.00     0.00     0.00 -1 -1.85e-13      0.00 8.134e-01 1.865e-01 1.412e-05 3.877e-06 3.536e-05 -1.000 9.996e-05 3.907 4.547 4.064 3.964 3.986 4.041 4.068
0.0001 -2.19174 9.69897 0.9000963569 2.4493043423    0.899  0.346  3.8498  4.397    1  0.000  0.533     0.00     0.00     0.00     0.00     0.00 -1 -1.85e-13      0.00 8.134e-01 1.865e-01 1.412e-05 3.877e-06 3.536e-05 -1.000 9.999e-05 3.906 4.546 4.063 3.963 3.985 4.040 4.067
0.0001 -2.19174 9.69897 0.9115421176 2.4523124695    0.910  0.392  3.8557  4.380    1  0.000  0.533     0.00     0.00     0.00     0.00     0.00 -1 -2.09e-13      0.00 8.135e-01 1.864e-01 1.412e-05 3.875e-06 3.534e-05 -1.000 1.000e-04 3.790 4.418 3.933 3.851 3.883 3.944 3.972
0.0001 -2.19174 9.69897 0.9223920703 2.4550850391    0.921  0.437  3.8615  4.363    1  0.000  0.533     0.00     0.00     0.00     0.00     0.00 -1 -2.35e-13      0.00 8.136e-01 1.863e-01 1.411e-05 3.874e-06 3.533e-05 -1.000 9.999e-05 3.677 4.292 3.804 3.742 3.784 3.850 3.879
0.0001 -2.19174 9.69897 0.9320204854 2.4574832916    0.931  0.479  3.8671  4.348    1  0.000  0.533     0.00     0.00     0.00     0.00     0.00 -1 -2.62e-13      0.00 8.136e-01 1.863e-01 1.411e-05 3.873e-06 3.533e-05 -1.000 8.418e-05 3.572 4.176 3.685 3.640 3.693 3.763 3.793
0.0001 -2.19174 9.69897 0.9416436553 2.4598238468    0.940  0.523  3.8729  4.332    1  0.000  0.533     0.00     0.00     0.00     0.00     0.00 -1 -2.94e-13      0.00 8.136e-01 1.863e-01 1.411e-05 3.874e-06 3.533e-05 -1.000 6.524e-05 3.462 4.055 3.561 3.535 3.598 3.673 3.703
0.0001 -2.19174 9.69897 0.9499999881 2.4618122578    0.949  0.563  3.8783  4.317    1  0.000  0.533     0.00     0.00     0.00     0.00     0.00 -1 -3.26e-13      0.00 8.135e-01 1.864e-01 1.412e-05 3.874e-06 3.533e-05 -1.000 5.484e-05 3.363 3.947 3.449 3.440 3.513 3.592 3.623
0.0001 -2.19174 9.69897 0.9593395591 2.4639875889    0.958  0.609  3.8847  4.302    1  0.000  0.533     0.00     0.00     0.00     0.00     0.00 -1 -3.66e-13      0.00 8.138e-01 1.861e-01 1.410e-05 3.871e-06 3.530e-05 -1.000 4.888e-05 3.249 3.821 3.320 3.332 3.417 3.500 3.532
0.0001 -2.19174 9.69897 0.9705538154 2.4665358067    0.969  0.666  3.8921  4.279    1  0.000  0.532     0.00     0.00     0.00     0.00     0.00 -1 -4.27e-13      0.00 8.141e-01 1.858e-01 1.408e-05 3.867e-06 3.527e-05 -1.000 7.972e-05 3.104 3.663 3.157 3.194 3.293 3.381 3.414
0.0001 -2.19174 9.69897 0.9815022945 2.4689593315    0.980  0.728  3.8988  4.249    1  0.000  0.532     0.00     0.00     0.00     0.00     0.00 -1 -5.05e-13      0.00 8.138e-01 1.862e-01 1.410e-05 3.872e-06 3.532e-05 -1.000 4.935e-05 2.951 3.498 2.989 3.049 3.161 3.252 3.285
0.0001 -2.19174 9.69897 0.9911689758 2.4710481167    0.990  0.787  3.9037  4.214    1  0.000  0.532     0.00     0.00     0.00     0.00     0.00 -1 -6.01e-13      0.00 8.126e-01 1.874e-01 1.417e-05 3.891e-06 3.549e-05 -1.000 1.730e-05 2.803 3.341 2.830 2.908 3.030 3.123 3.156
0.0001 -2.19174 9.69897 0.9936937094 2.4715857506    0.993  0.803  3.9048  4.203    1  0.000  0.532     0.00     0.00     0.00     0.00     0.00 -1 -6.34e-13      0.00 8.122e-01 1.878e-01 1.419e-05 3.897e-06 3.554e-05 -1.000 1.234e-05 2.762 3.298 2.786 2.869 2.993 3.086 3.119
0.0001 -2.19174 9.69897 0.9939539433 2.4716410637    0.993  0.805  3.9048  4.201    1  0.000  0.532     0.00     0.00     0.00     0.00     0.00 -1 -6.38e-13      0.00 8.122e-01 1.878e-01 1.420e-05 3.898e-06 3.555e-05 -1.000 1.185e-05 2.757 3.293 2.781 2.864 2.988 3.081 3.114
0.0001 -2.19174 9.69897 0.9945921302 2.4717764854    0.993  0.810  3.9049  4.197    1  0.000  0.532     0.00     0.00     0.00     0.00     0.00 -1 -6.48e-13      0.00 8.121e-01 1.879e-01 1.420e-05 3.899e-06 3.556e-05 -1.000 1.056e-05 2.745 3.280 2.769 2.852 2.977 3.069 3.103
0.0001 -2.19174 9.69897 0.9950399399 2.4718713760    0.994  0.814  3.9049  4.193    1  0.000  0.532     0.00     0.00     0.00     0.00     0.00 -1 -6.57e-13      0.00 8.120e-01 1.880e-01 1.421e-05 3.900e-06 3.557e-05 -1.000 9.686e-06 2.736 3.270 2.759 2.843 2.967 3.060 3.093
0.0001 -2.19174 9.69897 0.9951174855 2.4718878269    0.994  0.814  3.9049  4.193    1  0.000  0.532     0.00     0.00     0.00     0.00     0.00 -1 -6.58e-13      0.00 8.120e-01 1.880e-01 1.421e-05 3.900e-06 3.558e-05 -1.000 9.552e-06 2.735 3.269 2.758 2.841 2.966 3.058 3.091
0.0001 -2.19174 9.69897 0.9990397096 2.4727144241    0.998  0.842  3.9054  4.169    2  0.000  0.533     0.00     0.00     0.00     0.00     0.00 -1 -7.17e-13      0.00 8.114e-01 1.886e-01 1.424e-05 3.910e-06 3.566e-05 -1.000 1.892e-06 2.664 3.195 2.684 2.771 2.897 2.989 3.023
0.0001 -2.19174 9.69897 1.0000000000 2.4729156494    0.999  0.850  3.9053  4.161    2  0.000  0.533     0.00     0.00     0.00     0.00     0.00 -1 -7.34e-13      0.00 8.113e-01 1.887e-01 1.425e-05 3.912e-06 3.568e-05 -1.000 -5.960e-08 2.646 3.177 2.665 2.752 2.879 2.971 3.004
0.0001 -2.19174 9.69897 1.0040946007 2.4737687111    1.003  0.882  3.9046  4.128    2  0.000  0.533     0.00     0.00     0.00     0.00     0.00 -1 -8.12e-13      0.00 8.107e-01 1.893e-01 1.428e-05 3.921e-06 3.576e-05 -1.000 8.374e-06 2.566 3.094 2.583 2.670 2.796 2.887 2.920
0.0001 -2.19174 9.69897 1.0086945295 2.4747176170    1.007  0.923  3.9009  4.074    2  0.000  0.533     0.00     0.00     0.00     0.00     0.00 -1 -9.43e-13      0.00 8.101e-01 1.899e-01 1.432e-05 3.931e-06 3.585e-05 -1.000 1.782e-05 2.463 2.989 2.479 2.557 2.678 2.766 2.799
0.0001 -2.19174 9.69897 1.0121375322 2.4754214287    1.011  0.959  3.8941  4.012    2  0.000  0.533     0.00     0.00     0.00     0.00     0.00 -1 -1.09e-12      0.00 8.096e-01 1.904e-01 1.435e-05 3.939e-06 3.592e-05 -1.000 2.474e-05 2.372 2.903 2.394 2.454 2.564 2.648 2.679
0.0001 -2.19174 9.69897 1.0147047043 2.4759423733    1.013  0.991  3.8840  3.940    2  0.000  0.533     0.00     0.00     0.00     0.00     0.00 -1 -1.27e-12      0.00 8.092e-01 1.907e-01 1.437e-05 3.945e-06 3.597e-05 -1.000 2.992e-05 2.292 2.833 2.328 2.359 2.453 2.529 2.559
0.0001 -2.19174 9.69897 1.0162123442 2.4762470722    1.015  1.013  3.8742  3.880    2  0.000  0.533     0.00     0.00     0.00     0.00     0.00 -1 -1.43e-12      0.00 8.090e-01 1.909e-01 1.439e-05 3.948e-06 3.600e-05 -1.000 3.296e-05 2.239 2.793 2.291 2.293 2.370 2.439 2.468
0.0001 -2.19174 9.69897 1.0172944069 2.4764652252    1.016  1.030  3.8640  3.823    2  0.000  0.533     0.00     0.00     0.00     0.00     0.00 -1 -1.59e-12      0.00 8.089e-01 1.911e-01 1.439e-05 3.950e-06 3.602e-05 -1.000 3.517e-05 2.196 2.767 2.267 2.239 2.299 2.360 2.388
0.0001 -2.19174 9.69897 1.0180836916 2.4766237736    1.016  1.043  3.8541  3.770    2  0.000  0.533     0.00     0.00     0.00     0.00     0.00 -1 -1.74e-12      0.00 8.088e-01 1.912e-01 1.440e-05 3.952e-06 3.604e-05 -1.000 3.672e-05 2.161 2.752 2.253 2.195 2.238 2.292 2.317
0.0001 -2.19174 9.69897 1.0186921358 2.4767458439    1.017  1.055  3.8448  3.722    2  0.000  0.533     0.00     0.00     0.00     0.00     0.00 -1 -1.88e-12      0.00 8.087e-01 1.913e-01 1.441e-05 3.953e-06 3.605e-05 -1.000 3.797e-05 2.133 2.745 2.245 2.160 2.187 2.233 2.257
0.0001 -2.19174 9.69897 1.0193264484 2.4768731594    1.018  1.067  3.8335  3.665    2  0.000  0.533     0.00     0.00     0.00     0.00     0.00 -1 -2.07e-12      0.00 8.086e-01 1.914e-01 1.441e-05 3.955e-06 3.606e-05 -1.000 3.926e-05 2.103 2.742 2.241 2.120 2.128 2.165 2.186
0.0001 -2.19174 9.69897 1.0198398829 2.4769759178    1.018  1.077  3.8233  3.614    2  0.000  0.533     0.00     0.00     0.00     0.00     0.00 -1 -2.24e-12      0.00 8.085e-01 1.914e-01 1.442e-05 3.956e-06 3.607e-05 -1.000 4.023e-05 2.077 2.745 2.239 2.088 2.079 2.107 2.125
0.0001 -2.19174 9.69897 1.0203046799 2.4770689011    1.019  1.087  3.8136  3.565    2  0.000  0.533     0.00     0.00     0.00     0.00     0.00 -1 -2.42e-12      0.00 8.085e-01 1.915e-01 1.442e-05 3.957e-06 3.608e-05 -1.000 4.117e-05 2.053 2.752 2.240 2.058 2.033 2.053 2.068
0.0001 -2.19174 9.69897 1.0207748413 2.4771628380    1.019  1.096  3.8036  3.516    2  0.000  0.533     0.00     0.00     0.00     0.00     0.00 -1 -2.62e-12      0.00 8.084e-01 1.916e-01 1.442e-05 3.958e-06 3.609e-05 -1.000 4.217e-05 2.029 2.766 2.244 2.028 1.987 1.997 2.010
0.0001 -2.19174 9.69897 1.0212622881 2.4772601128    1.019  1.106  3.7932  3.465    2  0.000  0.533     0.00     0.00     0.00     0.00     0.00 -1 -2.84e-12      0.00 8.083e-01 1.916e-01 1.443e-05 3.959e-06 3.610e-05 -1.000 4.309e-05 2.005 2.784 2.249 1.999 1.940 1.941 1.950
0.0001 -2.19174 9.69897 1.0217572451 2.4773588181    1.020  1.114  3.7828  3.415    2  0.000  0.533     0.00     0.00     0.00     0.00     0.00 -1 -3.06e-12      0.00 8.083e-01 1.917e-01 1.443e-05 3.960e-06 3.611e-05 -1.000 4.411e-05 1.984 2.808 2.257 1.973 1.898 1.888 1.893
0.0001 -2.19174 9.69897 1.0222725868 2.4774613380    1.020  1.122  3.7730  3.369    2  0.000  0.534     0.00     0.00     0.00     0.00     0.00 -1 -3.28e-12      0.00 7.999e-01 2.000e-01 1.490e-05 4.086e-06 3.723e-05 -1.000 4.512e-05 1.966 2.839 2.267 1.950 1.859 1.840 1.841
0.0001 -2.19174 9.69897 1.0228240490 2.4775710106    1.021  1.130  3.7640  3.325    2  0.000  0.535     0.00     0.00     0.00     0.00     0.00 -1 -3.52e-12      0.00 7.857e-01 2.142e-01 1.570e-05 4.300e-06 3.914e-05 -1.000 6.416e-05 1.944 2.867 2.273 1.926 1.820 1.792 1.790
0.0001 -2.19174 9.69897 1.0235133171 2.4777078629    1.022  1.147  3.7548  3.272    2  0.000  0.536     0.00     0.00     0.00     0.00     0.00 -1 -3.87e-12      0.00 7.708e-01 2.291e-01 1.656e-05 4.530e-06 4.118e-05 -1.000 1.000e-04 1.904 2.883 2.262 1.882 1.762 1.724 1.718
0.0001 -2.19174 9.69897 1.0239210129 2.4777886868    1.022  1.160  3.7502  3.240    2  0.000  0.537     0.00     0.00     0.00     0.00     0.00 -1 -4.15e-12      0.00 7.652e-01 2.347e-01 1.689e-05 4.615e-06 4.195e-05 -1.000 9.997e-05 1.869 2.877 2.242 1.847 1.718 1.676 1.668
0.0001 -2.19174 9.69897 1.0242997408 2.4778637886    1.022  1.181  3.7473  3.208    3  0.000  0.537     0.00     0.00     0.00     0.00     0.00 -1 -4.51e-12      0.00 7.630e-01 2.369e-01 1.701e-05 4.649e-06 4.225e-05 -1.000 9.999e-05 1.818 2.847 2.201 1.795 1.662 1.616 1.608
0.0001 -2.19174 9.69897 1.0249464512 2.4779918194    1.023  1.223  3.7432  3.150    3  0.000  0.537     0.00     0.00     0.00     0.00     0.00 -1 -5.27e-12      0.00 7.603e-01 2.396e-01 1.715e-05 4.687e-06 4.259e-05 -1.000 1.000e-04 1.714 2.771 2.111 1.690 1.550 1.500 1.490
0.0001 -2.19174 9.69897 1.0254777670 2.4780967236    1.023  1.263  3.7406  3.100    3  0.000  0.537     0.00     0.00     0.00     0.00     0.00 -1 -6.12e-12      0.00 7.585e-01 2.414e-01 1.723e-05 4.707e-06 4.277e-05 -1.000 1.000e-04 1.614 2.689 2.020 1.591 1.446 1.393 1.382
0.0001 -2.19174 9.69897 1.0259989500 2.4781997204    1.024  1.305  3.7384  3.049    3  0.000  0.537     0.00     0.00     0.00     0.00     0.00 -1 -7.14e-12      0.00 7.569e-01 2.430e-01 1.728e-05 4.722e-06 4.290e-05 -1.000 9.999e-05 1.508 2.600 1.922 1.486 1.338 1.282 1.269
0.0001 -2.19174 9.69897 1.0265109539 2.4783005714    1.024  1.349  3.7365  2.998    3  0.000  0.537     0.00     0.00     0.00     0.00     0.00 -1 -8.37e-12      0.00 7.553e-01 2.446e-01 1.731e-05 4.736e-06 4.300e-05 -1.000 1.000e-04 1.399 2.505 1.820 1.377 1.226 1.168 1.154
0.0001 -2.19174 9.69897 1.0269933939 2.4783957005    1.025  1.392  3.7347  2.947    3  0.000  0.535     0.00     0.00     0.00     0.00     0.00 -1  -9.8e-12      0.00 7.537e-01 2.462e-01 1.728e-05 4.760e-06 4.308e-05 -1.000 1.000e-04 1.290 2.409 1.717 1.269 1.115 1.055 1.041
0.0001 -2.19174 9.69897 1.0274611712 2.4784877300    1.025  1.436  3.7331  2.897    3  0.000  0.529     0.00     0.00     0.00     0.00     0.00 -1 -1.15e-11      0.00 7.519e-01 2.480e-01 1.712e-05 4.869e-06 4.315e-05 -1.000 1.000e-04 1.179 2.310 1.611 1.158 1.002 0.940 0.925
0.0001 -2.19174 9.69897 1.0278966427 2.4785733223    1.025  1.480  3.7315  2.847    3  0.000  0.518     0.00     0.00     0.00     0.00     0.00 -1 -1.34e-11      0.00 7.503e-01 2.496e-01 1.680e-05 5.159e-06 4.320e-05 -1.000 9.999e-05 1.071 2.213 1.508 1.050 0.891 0.828 0.812
0.0001 -2.19174 9.69897 1.0283027887 2.4786531925    1.026  1.523  3.7300  2.798    3  0.000  0.505     0.00     0.00     0.00     0.00     0.00 -1 -1.57e-11      0.00 7.487e-01 2.512e-01 1.637e-05 5.644e-06 4.324e-05 -1.000 9.999e-05 0.964 2.117 1.406 0.943 0.782 0.717 0.700
0.0001 -2.19174 9.69897 1.0287081003 2.4787325859    1.026  1.568  3.7284  2.747    3  0.000  0.489     0.00     0.00     0.00     0.00     0.00 -1 -1.85e-11      0.00 7.471e-01 2.528e-01 1.589e-05 6.234e-06 4.328e-05 -1.000 9.999e-05 0.850 2.016 1.298 0.830 0.667 0.600 0.582
0.0001 -2.19174 9.69897 1.0290780067 2.4788053036    1.026  1.612  3.7270  2.697    3  0.000  0.477     0.00     0.00     0.00     0.00     0.00 -1 -2.16e-11      0.00 7.457e-01 2.542e-01 1.549e-05 6.732e-06 4.330e-05 -1.000 1.000e-04 0.739 1.917 1.193 0.720 0.554 0.486 0.468
0.0001 -2.19174 9.69897 1.0294224024 2.4788727760    1.026  1.656  3.7254  2.646    3  0.000  0.468     0.00     0.00     0.00     0.00     0.00 -1 -2.54e-11      0.00 7.445e-01 2.554e-01 1.519e-05 7.102e-06 4.333e-05 -1.000 9.999e-05 0.629 1.819 1.088 0.611 0.443 0.372 0.353
0.0001 -2.19174 9.69897 1.0297421217 2.4789352417    1.027  1.700  3.7238  2.597    3  0.000  0.460     0.00     0.00     0.00     0.00     0.00 -1 -2.97e-11      0.00 7.434e-01 2.565e-01 1.496e-05 7.393e-06 4.335e-05 -1.000 1.000e-04 0.520 1.722 0.985 0.502 0.331 0.259 0.240
0.0001 -2.19174 9.69897 1.0300440788 2.4789943695    1.027  1.744  3.7223  2.546    3  0.000  0.454     0.00     0.00     0.00     0.00     0.00 -1 -3.48e-11      0.00 7.425e-01 2.574e-01 1.478e-05 7.628e-06 4.336e-05 -1.000 9.999e-05 0.409 1.622 0.879 0.392 0.219 0.145 0.125
0.0001 -2.19174 9.69897 1.0303257704 2.4790494442    1.027  1.789  3.7207  2.495    3  0.000  0.450     0.00     0.00     0.00     0.00     0.00 -1  -4.1e-11      0.00 7.419e-01 2.580e-01 1.465e-05 7.785e-06 4.337e-05 -1.000 9.999e-05 0.298 1.523 0.774 0.282 0.106 0.031 0.009
0.0001 -2.19174 9.69897 1.0305881500 2.4791007042    1.027  1.834  3.7190  2.444    3  0.000  0.447     0.00     0.00     0.00     0.00     0.00 -1 -4.81e-11      0.00 7.413e-01 2.586e-01 1.455e-05 7.913e-06 4.337e-05 -1.000 1.000e-04 0.186 1.428 0.669 0.171 -0.008 -0.085 -0.107
0.0001 -2.19174 9.69897 1.0308258533 2.4791471958    1.027  1.877  3.7175  2.395    3  0.000  0.445     0.00     0.00     0.00     0.00     0.00 -1 -5.63e-11      0.00 7.409e-01 2.590e-01 1.449e-05 7.996e-06 4.338e-05 -1.000 9.999e-05 0.077 1.335 0.566 0.062 -0.119 -0.198 -0.221
0.0001 -2.19174 9.69897 1.0310498476 2.4791908264    1.027  1.921  3.7158  2.344    3  0.000  0.444     0.00     0.00     0.00     0.00     0.00 -1  -6.6e-11      0.00 7.406e-01 2.593e-01 1.444e-05 8.051e-06 4.339e-05 -1.000 9.996e-05 -0.033 1.242 0.463 -0.047 -0.231 -0.312 -0.336
0.0001 -2.19174 9.69897 1.0312560797 2.4792311192    1.027  1.965  3.7141  2.293    3  0.000  0.443     0.00     0.00     0.00     0.00     0.00 -1 -7.75e-11      0.00 7.405e-01 2.594e-01 1.443e-05 8.080e-06 4.339e-05 -1.000 9.999e-05 -0.142 1.150 0.361 -0.156 -0.343 -0.426 -0.450
0.0001 -2.19174 9.69897 1.0314490795 2.4792685509    1.027  2.009  3.7125  2.242    3  0.000  0.443     0.00     0.00     0.00     0.00     0.00 -1  -9.1e-11      0.00 7.405e-01 2.594e-01 1.442e-05 8.094e-06 4.339e-05 -1.000 1.000e-04 -0.254 1.056 0.257 -0.267 -0.456 -0.541 -0.567
0.0001 -2.19174 9.69897 1.0316200256 2.4793019295    1.027  2.052  3.7109  2.193    3  0.000  0.443     0.00     0.00     0.00     0.00     0.00 -1 -1.06e-10      0.00 7.405e-01 2.594e-01 1.441e-05 8.097e-06 4.339e-05 -1.000 1.000e-04 -0.360 0.967 0.158 -0.372 -0.564 -0.651 -0.678
0.0001 -2.19174 9.69897 1.0317865610 2.4793343544    1.027  2.097  3.7091  2.141    3  0.000  0.443     0.00     0.00     0.00     0.00     0.00 -1 -1.25e-10      0.00 7.405e-01 2.594e-01 1.441e-05 8.099e-06 4.339e-05 -1.000 9.996e-05 -0.471 0.876 0.055 -0.482 -0.678 -0.767 -0.794
0.0001 -2.19174 9.69897 1.0319368839 2.4793636799    1.026  2.140  3.7075  2.091    3  0.000  0.443     0.00     0.00     0.00     0.00     0.00 -1 -1.46e-10      0.00 7.405e-01 2.594e-01 1.441e-05 8.102e-06 4.339e-05 -1.000 1.000e-04 -0.581 0.785 -0.047 -0.590 -0.788 -0.880 -0.908
0.0001 -2.19174 9.69897 1.0320799351 2.4793915749    1.026  2.185  3.7056  2.039    3  0.000  0.443     0.00     0.00     0.00     0.00     0.00 -1 -1.73e-10      0.00 7.405e-01 2.594e-01 1.441e-05 8.104e-06 4.339e-05 -1.000 1.000e-04 -0.693 0.695 -0.150 -0.701 -0.902 -0.996 -1.025
0.0001 -2.19174 9.69897 1.0322071314 2.4794163704    1.026  2.228  3.7039  1.988    3  0.000  0.443     0.00     0.00     0.00     0.00     0.00 -1 -2.02e-10      0.00 7.405e-01 2.594e-01 1.441e-05 8.106e-06 4.339e-05 -1.000 1.000e-04 -0.800 0.609 -0.248 -0.807 -1.011 -1.107 -1.137
0.0001 -2.19174 9.69897 1.0323303938 2.4794402122    1.026  2.273  3.7021  1.937    3  0.000  0.443     0.00     0.00     0.00     0.00     0.00 -1 -2.38e-10      0.00 7.405e-01 2.594e-01 1.441e-05 8.108e-06 4.339e-05 -1.000 1.000e-04 -0.912 0.519 -0.351 -0.918 -1.125 -1.223 -1.254
0.0001 -2.19174 9.69897 1.0324425697 2.4794621468    1.025  2.316  3.7003  1.886    3  0.000  0.443     0.00     0.00     0.00     0.00     0.00 -1 -2.78e-10      0.00 7.405e-01 2.594e-01 1.440e-05 8.109e-06 4.339e-05 -1.000 1.000e-04 -1.020 0.434 -0.450 -1.025 -1.236 -1.336 -1.368
0.0001 -2.19174 9.69897 1.0325515270 2.4794833660    1.025  2.360  3.6984  1.834    3  0.000  0.443     0.00     0.00     0.00     0.00     0.00 -1 -3.28e-10      0.00 7.405e-01 2.594e-01 1.440e-05 8.111e-06 4.339e-05 -1.000 1.000e-04 -1.131 0.349 -0.550 -1.134 -1.349 -1.451 -1.484
0.0001 -2.19174 9.69897 1.0326663256 2.4795055389    1.024  2.404  3.6968  1.784    3  0.000  0.443     0.00     0.00     0.00     0.00     0.00 -1 -3.84e-10      0.00 7.405e-01 2.594e-01 1.440e-05 8.113e-06 4.339e-05 -1.000 9.999e-05 -1.239 0.265 -0.649 -1.241 -1.458 -1.563 -1.597
0.0001 -2.19174 9.69897 1.0327432156 2.4795205593    1.024  2.422  3.6960  1.762    3  0.000  0.443     0.00     0.00     0.00     0.00     0.00 -1 -4.12e-10      0.00 7.404e-01 2.595e-01 1.440e-05 8.114e-06 4.339e-05 -1.000 9.999e-05 -1.285 0.230 -0.691 -1.286 -1.505 -1.610 -1.645
0.0001 -2.19174 9.69897 1.0328274965 2.4795370102    1.023  2.386  3.6977  1.804    3  0.000  0.442     0.00     0.00     0.00     0.00     0.00 -1 -3.66e-10      0.00 7.404e-01 2.595e-01 1.440e-05 8.115e-06 4.339e-05 -1.000 9.990e-05 -1.196 0.295 -0.612 -1.199 -1.414 -1.518 -1.551
0.0001 -2.19174 9.69897 1.0328376293 2.4795389175    1.023  2.381  3.6980  1.811    3  0.000  0.442     0.00     0.00     0.00     0.00     0.00 -1  -3.6e-10      0.00 7.404e-01 2.595e-01 1.440e-05 8.116e-06 4.339e-05 -1.000 1.000e-04 -1.183 0.304 -0.600 -1.186 -1.401 -1.504 -1.538
0.0001 -2.19174 9.69897 1.0329015255 2.4795513153    1.023  2.415  3.6965  1.770    3  0.000  0.442     0.00     0.00     0.00     0.00     0.00 -1 -4.03e-10      0.00 7.404e-01 2.595e-01 1.440e-05 8.117e-06 4.339e-05 -1.000 1.000e-04 -1.269 0.239 -0.677 -1.270 -1.488 -1.593 -1.627
0.0001 -2.19174 9.69897 1.0329761505 2.4795658588    1.022  2.456  3.6948  1.723    3  0.000  0.442     0.00     0.00     0.00     0.00     0.00 -1 -4.65e-10      0.00 7.404e-01 2.595e-01 1.440e-05 8.118e-06 4.339e-05 -1.000 9.999e-05 -1.369 0.163 -0.768 -1.369 -1.590 -1.697 -1.733
0.0001 -2.19174 9.69897 1.0330464840 2.4795794487    1.022  2.495  3.6931  1.677    3  0.000  0.442     0.00     0.00     0.00     0.00     0.00 -1 -5.38e-10      0.00 7.404e-01 2.595e-01 1.440e-05 8.119e-06 4.339e-05 -1.000 1.000e-04 -1.468 0.089 -0.857 -1.466 -1.691 -1.800 -1.836
0.0001 -2.19174 9.69897 1.0331143141 2.4795925617    1.021  2.536  3.6913  1.629    3  0.000  0.442     5.59     4.50     3.24     2.48     2.01  4 -6.24e-10      0.00 7.404e-01 2.595e-01 1.440e-05 8.120e-06 4.339e-05 -1.000 9.999e-05 -1.569 0.013 -0.947 -1.565 -1.793 -1.904 -1.941
0.0001 -2.19174 9.69897 1.0331749916 2.4796044827    1.021  2.574  3.6896  1.584    3  0.000  0.442     6.14     4.89     3.51     2.68     2.17  4 -7.18e-10      0.00 7.404e-01 2.595e-01 1.440e-05 8.121e-06 4.339e-05 -1.000 1.000e-04 -1.664 -0.057 -1.032 -1.658 -1.890 -2.003 -2.041
0.0001 -2.19174 9.69897 1.0332334042 2.4796156883    1.020  2.613  3.6879  1.538    3  0.000  0.442     6.76     5.31     3.80     2.91     2.36  4 -8.29e-10      0.00 7.404e-01 2.595e-01 1.439e-05 8.122e-06 4.339e-05 -1.000 9.999e-05 -1.762 -0.127 -1.118 -1.753 -1.988 -2.104 -2.143
0.0001 -2.19174 9.69897 1.0332869291 2.4796261787    1.019  2.651  3.6862  1.493    3  0.000  0.442     7.42     5.76     4.10     3.14     2.55  4 -9.53e-10      0.00 7.404e-01 2.595e-01 1.439e-05 8.122e-06 4.339e-05 -1.000 1.000e-04 -1.856 -0.194 -1.201 -1.845 -2.084 -2.202 -2.242
0.0001 -2.19174 9.69897 1.0333373547 2.4796359539    1.019  2.688  3.6845  1.447    3  0.000  0.442     8.15     6.25     4.44     3.40     2.76  4  -1.1e-09      0.00 7.404e-01 2.595e-01 1.439e-05 8.123e-06 4.339e-05 -1.000 1.000e-04 -1.951 -0.247 -1.282 -1.939 -2.181 -2.302 -2.342
0.0001 -2.19174 9.69897 1.0333848000 2.4796452522    1.018  2.727  3.6828  1.402    3  0.000  0.442     8.96     6.78     4.79     3.68     2.99  3 -1.26e-09      0.00 7.404e-01 2.595e-01 1.439e-05 8.124e-06 4.339e-05 -1.000 9.999e-05 -2.046 -0.295 -1.363 -2.034 -2.280 -2.402 -2.444
0.0001 -2.19174 9.69897 1.0334271193 2.4796533585    1.017  2.763  3.6810  1.359    3  0.000  0.442     9.80     7.33     5.17     3.97     3.22  3 -1.45e-09      0.00 7.404e-01 2.595e-01 1.439e-05 8.125e-06 4.339e-05 -1.000 9.999e-05 -2.137 -0.334 -1.437 -2.123 -2.373 -2.498 -2.541
0.0001 -2.19174 9.69897 1.0334689617 2.4796614647    1.016  2.801  3.6792  1.313    3  0.000  0.442    10.78     7.96     5.59     4.31     3.49  3 -1.67e-09      0.00 7.404e-01 2.595e-01 1.439e-05 8.125e-06 4.339e-05 -1.000 1.000e-04 -2.232 -0.371 -1.514 -2.217 -2.472 -2.599 -2.642
0.0001 -2.19174 9.69897 1.0335057974 2.4796686172    1.015  2.836  3.6776  1.270    3  0.000  0.442    11.77     8.59     6.01     4.64     3.76  3  -1.9e-09      0.00 7.404e-01 2.595e-01 1.439e-05 8.126e-06 4.339e-05 -1.000 9.996e-05 -2.321 -0.403 -1.584 -2.304 -2.563 -2.692 -2.737
0.0001 -2.19174 9.69897 1.0335410833 2.4796755314    1.014  2.872  3.6758  1.227    3  0.000  0.442    12.89     9.30     6.48     5.00     4.06  3 -2.18e-09      0.00 7.404e-01 2.595e-01 1.439e-05 8.126e-06 4.339e-05 -1.000 9.999e-05 -2.411 -0.428 -1.653 -2.392 -2.656 -2.788 -2.833
0.0001 -2.19174 9.69897 1.0335733891 2.4796817303    1.012  2.907  3.6741  1.185    3  0.000  0.442    14.07    10.03     6.97     5.39     4.37  3 -2.48e-09      0.00 7.404e-01 2.595e-01 1.439e-05 8.127e-06 4.339e-05 -1.000 9.999e-05 -2.498 -0.448 -1.718 -2.478 -2.746 -2.881 -2.927
0.0001 -2.19174 9.69897 1.0336039066 2.4796876907    1.011  2.942  3.6724  1.143    3  0.000  0.442    15.36    10.82     7.49     5.80     4.71  3 -2.83e-09      0.00 7.404e-01 2.595e-01 1.439e-05 8.127e-06 4.339e-05 -1.000 9.996e-05 -2.585 -0.466 -1.782 -2.562 -2.836 -2.973 -3.021
0.0001 -2.19174 9.69897 1.0336327553 2.4796934128    1.010  2.976  3.6706  1.100    3  0.000  0.442    16.77    11.68     8.06     6.24     5.07  3 -3.22e-09      0.00 7.404e-01 2.595e-01 1.439e-05 8.128e-06 4.339e-05 -1.000 9.996e-05 -2.671 -0.476 -1.843 -2.646 -2.926 -3.065 -3.114
0.0001 -2.19174 9.69897 1.0336591005 2.4796984196    1.008  3.010  3.6689  1.059    3  0.000  0.442    18.25    12.57     8.64     6.70     5.44  2 -3.65e-09      0.00 7.404e-01 2.595e-01 1.439e-05 8.128e-06 4.339e-05 -1.000 9.999e-05 -2.755 -0.483 -1.901 -2.727 -3.012 -3.154 -3.204
0.0001 -2.19174 9.69897 1.0336843729 2.4797034264    1.007  3.044  3.6672  1.018    3  0.000  0.442    19.89    13.54     9.28     7.21     5.85  2 -4.15e-09      0.00 7.404e-01 2.595e-01 1.439e-05 8.129e-06 4.339e-05 -1.000 9.999e-05 -2.840 -0.486 -1.957 -2.808 -3.099 -3.244 -3.295
0.0001 -2.19174 9.69897 1.0337128639 2.4797089100    1.005  3.084  3.6651  0.968    3  0.000  0.442    22.06    14.81    10.11     7.86     6.39  2 -4.84e-09      0.00 7.404e-01 2.595e-01 1.439e-05 8.129e-06 4.339e-05 -1.000 1.000e-04 -2.941 -0.476 -2.020 -2.904 -3.204 -3.353 -3.405
0.0001 -2.19174 9.69897 1.0337349176 2.4797132015    1.003  3.117  3.6634  0.928    3  0.000  0.442    23.96    15.92    10.83     8.43     6.85  2 -5.48e-09      0.00 7.404e-01 2.595e-01 1.439e-05 8.129e-06 4.339e-05 -1.000 1.000e-04 -3.023 -0.463 -2.067 -2.981 -3.288 -3.440 -3.493
0.0001 -2.19174 9.69897 1.0337599516 2.4797179699    1.000  3.156  3.6613  0.880    3  0.000  0.442    26.47    17.35    11.76     9.17     7.45  2 -6.34e-09      0.00 7.404e-01 2.595e-01 1.439e-05 8.130e-06 4.339e-05 -1.000 9.999e-05 -3.119 -0.435 -2.117 -3.071 -3.387 -3.544 -3.599
0.0001 -2.19174 9.69897 1.0337834358 2.4797224998    0.998  3.192  3.6593  0.834    3  0.000  0.442    29.10    18.84    12.72     9.93     8.07  2  -7.3e-09      0.00 7.404e-01 2.595e-01 1.439e-05 8.130e-06 4.339e-05 -1.000 9.996e-05 -3.211 -0.402 -2.162 -3.156 -3.481 -3.642 -3.699
0.0001 -2.19174 9.69897 1.0337957144 2.4797248840    0.996  3.211  3.6582  0.810    3  0.000  0.442    30.56    19.65    13.24    10.34     8.41  2 -7.86e-09      0.00 7.404e-01 2.595e-01 1.439e-05 8.130e-06 4.339e-05 -1.000 1.000e-04 -3.257 -0.382 -2.183 -3.198 -3.529 -3.693 -3.750
0.0001 -2.19174 9.69897 1.0337957144 2.4797248840    0.997  1.839  3.7797  2.668    4  0.000  0.457     0.00     0.00     0.00     0.00     0.00 -1    -1e-30      0.00 7.422e-01 2.577e-01 1.483e-05 7.551e-06 4.330e-05 -1.000 1.000e-04 0.172 0.984 0.417 0.142 0.069 0.055 0.058
0.0001 -2.19174 9.69897 1.0339434147 2.4797534943    0.997  1.855  3.7730  2.625    4  0.000  0.456     0.00     0.00     0.00     0.00     0.00 -1    -1e-30      0.00 7.422e-01 2.577e-01 1.482e-05 7.554e-06 4.330e-05 -1.000 1.000e-04 0.131 0.982 0.400 0.101 0.017 -0.003 -0.003
0.0001 -2.19174 9.69897 1.0340875387 2.4797813892    0.997  1.860  3.7716  2.615    4  0.000  0.456     0.00     0.00     0.00     0.00     0.00 -1    -1e-30      0.00 7.422e-01 2.577e-01 1.482e-05 7.556e-06 4.330e-05 -1.000 9.999e-05 0.120 0.979 0.394 0.090 0.004 -0.018 -0.018
0.0001 -2.19174 9.69897 1.0342346430 2.4798099995    0.997  1.863  3.7712  2.611    4  0.000  0.456     0.00     0.00     0.00     0.00     0.00 -1    -1e-30      0.00 7.422e-01 2.577e-01 1.482e-05 7.559e-06 4.330e-05 -1.000 9.999e-05 0.114 0.975 0.388 0.084 -0.004 -0.026 -0.026
0.0001 -2.19174 9.69897 1.0343816280 2.4798383713    0.997  1.865  3.7712  2.609    4  0.000  0.456     0.00     0.00     0.00     0.00     0.00 -1    -1e-30      0.00 7.422e-01 2.577e-01 1.482e-05 7.561e-06 4.330e-05 -1.000 1.000e-04 0.108 0.968 0.382 0.078 -0.009 -0.032 -0.032
0.0001 -2.19174 9.69897 1.0345306396 2.4798672199    0.997  1.867  3.7717  2.609    4  0.000  0.456     0.00     0.00     0.00     0.00     0.00 -1    -1e-30      0.00 7.422e-01 2.577e-01 1.482e-05 7.564e-06 4.330e-05 -1.000 9.999e-05 0.103 0.961 0.376 0.073 -0.013 -0.035 -0.035
0.0001 -2.19174 9.69897 1.0346772671 2.4798955917    0.998  1.868  3.7727  2.611    4  0.000  0.456     0.00     0.00     0.00     0.00     0.00 -1    -1e-30      0.00 7.422e-01 2.577e-01 1.481e-05 7.566e-06 4.330e-05 -1.000 9.999e-05 0.099 0.952 0.369 0.069 -0.015 -0.037 -0.036
0.0001 -2.19174 9.69897 1.0348243713 2.4799242020    0.998  1.869  3.7740  2.615    4  0.000  0.456     0.00     0.00     0.00     0.00     0.00 -1    -1e-30      0.00 7.422e-01 2.577e-01 1.481e-05 7.569e-06 4.330e-05 -1.000 1.000e-04 0.096 0.941 0.361 0.066 -0.016 -0.036 -0.035
0.0001 -2.19174 9.69897 1.0349748135 2.4799532890    0.998  1.870  3.7756  2.621    4  0.000  0.456     0.00     0.00     0.00     0.00     0.00 -1    -1e-30      0.00 7.422e-01 2.577e-01 1.481e-05 7.571e-06 4.330e-05 -1.000 1.000e-04 0.094 0.929 0.352 0.063 -0.016 -0.034 -0.032
0.0001 -2.19174 9.69897 1.0351228714 2.4799818993    0.998  1.871  3.7775  2.628    4  0.000  0.456     0.00     0.00     0.00     0.00     0.00 -1    -1e-30      0.00 7.422e-01 2.577e-01 1.481e-05 7.574e-06 4.330e-05 -1.000 1.000e-04 0.092 0.916 0.343 0.061 -0.015 -0.031 -0.029
0.0001 -2.19174 9.69897 1.0352672338 2.4800097942    0.998  1.872  3.7796  2.635    4  0.000  0.456     0.00     0.00     0.00     0.00     0.00 -1    -1e-30      0.00 7.422e-01 2.577e-01 1.481e-05 7.576e-06 4.330e-05 -1.000 1.000e-04 0.090 0.902 0.334 0.059 -0.013 -0.028 -0.025
0.0001 -2.19174 9.69897 1.0354061127 2.4800367355    0.998  1.873  3.7816  2.643    4  0.000  0.456     0.00     0.00     0.00     0.00     0.00 -1    -1e-30      0.00 7.422e-01 2.577e-01 1.481e-05 7.578e-06 4.330e-05 -1.000 1.000e-04 0.088 0.890 0.325 0.057 -0.012 -0.024 -0.020
0.0001 -2.19174 9.69897 1.0355610847 2.4800665379    0.999  1.874  3.7839  2.651    4  0.000  0.456     0.00     0.00     0.00     0.00     0.00 -1    -1e-30      0.00 7.422e-01 2.577e-01 1.480e-05 7.581e-06 4.331e-05 -1.000 1.000e-04 0.086 0.876 0.314 0.055 -0.010 -0.021 -0.016
0.0001 -2.19174 9.69897 1.0357081890 2.4800949097    0.999  1.875  3.7859  2.658    4  0.000  0.456     0.00     0.00     0.00     0.00     0.00 -1    -1e-30      0.00 7.421e-01 2.578e-01 1.480e-05 7.583e-06 4.331e-05 -1.000 1.000e-04 0.084 0.863 0.305 0.053 -0.008 -0.017 -0.012
0.0001 -2.19174 9.69897 1.0358523130 2.4801228046    0.999  1.876  3.7877  2.665    4  0.000  0.456     0.00     0.00     0.00     0.00     0.00 -1    -1e-30      0.00 7.421e-01 2.578e-01 1.480e-05 7.586e-06 4.331e-05 -1.000 9.999e-05 0.081 0.852 0.296 0.050 -0.007 -0.015 -0.008
0.0001 -2.19174 9.69897 1.0358872414 2.4801294804    0.999  1.876  3.7881  2.666    4  0.000  0.456     0.00     0.00     0.00     0.00     0.00 -1    -1e-30      0.00 7.421e-01 2.578e-01 1.480e-05 7.586e-06 4.331e-05 -1.000 1.000e-04 0.081 0.849 0.294 0.050 -0.007 -0.014 -0.008
0.0001 -2.19174 9.69897 1.0360027552 2.4801518917    0.999  1.877  3.7893  2.670    4  0.000  0.456     0.00     0.00     0.00     0.00     0.00 -1    -1e-30      0.00 7.421e-01 2.578e-01 1.480e-05 7.588e-06 4.331e-05 -1.000 1.000e-04 0.079 0.841 0.288 0.048 -0.007 -0.013 -0.006
0.0001 -2.19174 9.69897 1.0361528397 2.4801807404    0.999  1.878  3.7906  2.674    4  0.000  0.456     0.00     0.00     0.00     0.00     0.00 -1    -1e-30      0.00 7.421e-01 2.578e-01 1.480e-05 7.591e-06 4.331e-05 -1.000 1.000e-04 0.076 0.831 0.280 0.045 -0.008 -0.012 -0.005
0.0001 -2.19174 9.69897 1.0363073349 2.4802105427    0.999  1.879  3.7916  2.677    4  0.000  0.456     0.00     0.00     0.00     0.00     0.00 -1    -1e-30      0.00 7.421e-01 2.578e-01 1.479e-05 7.593e-06 4.331e-05 -1.000 1.001e-04 0.072 0.823 0.273 0.042 -0.009 -0.013 -0.005
0.0001 -2.19174 9.69897 1.0364584923 2.4802398682    1.000  1.881  3.7920  2.677    4  0.000  0.455     0.00     0.00     0.00     0.00     0.00 -1    -1e-30      0.00 7.421e-01 2.578e-01 1.479e-05 7.596e-06 4.331e-05 -1.000 1.001e-04 0.068 0.817 0.268 0.038 -0.012 -0.016 -0.008
0.0001 -2.19174 9.69897 1.0366052389 2.4802680016    1.000  1.882  3.7917  2.675    4  0.000  0.455     0.00     0.00     0.00     0.00     0.00 -1    -1e-30      0.00 7.421e-01 2.578e-01 1.479e-05 7.598e-06 4.331e-05 -1.000 1.001e-04 0.064 0.814 0.264 0.034 -0.017 -0.021 -0.013
0.0001 -2.19174 9.69897 1.0367523432 2.4802963734    1.000  1.884  3.7910  2.670    4  0.000  0.455     0.00     0.00     0.00     0.00     0.00 -1    -1e-30      0.00 7.421e-01 2.578e-01 1.479e-05 7.601e-06 4.331e-05 -1.000 9.999e-05 0.059 0.813 0.262 0.029 -0.023 -0.028 -0.020
0.0001 -2.19174 9.69897 1.0368973017 2.4803242683    1.000  1.886  3.7897  2.662    4  0.000  0.455     0.00     0.00     0.00     0.00     0.00 -1    -1e-30      0.00 7.421e-01 2.578e-01 1.479e-05 7.603e-06 4.331e-05 -1.000 1.000e-04 0.054 0.814 0.261 0.023 -0.031 -0.037 -0.030
0.0001 -2.19174 9.69897 1.0369234085 2.4803292751    1.000  1.887  3.7894  2.661    4  0.000  0.455     0.00     0.00     0.00     0.00     0.00 -1    -1e-30      0.00 7.421e-01 2.578e-01 1.479e-05 7.604e-06 4.331e-05 -1.000 1.000e-04 0.053 0.814 0.261 0.022 -0.033 -0.039 -0.032
0.0001 -2.19174 9.69897 1.0370380878 2.4803514481    1.000  1.889  3.7879  2.653    4  0.000  0.455     0.00     0.00     0.00     0.00     0.00 -1    -1e-30      0.00 7.421e-01 2.578e-01 1.479e-05 7.606e-06 4.331e-05 -1.000 1.000e-04 0.048 0.817 0.261 0.017 -0.041 -0.048 -0.042
0.0001 -2.19174 9.69897 1.0371813774 2.4803791046    1.000  1.892  3.7856  2.641    4  0.000  0.455     0.00     0.00     0.00     0.00     0.00 -1    -1e-30      0.00 7.421e-01 2.578e-01 1.478e-05 7.608e-06 4.331e-05 -1.000 1.000e-04 0.041 0.821 0.262 0.009 -0.052 -0.061 -0.056
0.0001 -2.19174 9.69897 1.0373225212 2.4804062843    1.001  1.895  3.7831  2.628    4  0.000  0.455     0.00     0.00     0.00     0.00     0.00 -1    -1e-30      0.00 7.421e-01 2.578e-01 1.478e-05 7.610e-06 4.331e-05 -1.000 1.000e-04 0.033 0.827 0.263 0.002 -0.064 -0.076 -0.071
0.0001 -2.19174 9.69897 1.0374679565 2.4804341793    1.001  1.898  3.7801  2.613    4  0.000  0.455     0.00     0.00     0.00     0.00     0.00 -1    -1e-30      0.00 7.421e-01 2.578e-01 1.478e-05 7.613e-06 4.331e-05 -1.000 1.000e-04 0.025 0.833 0.265 -0.007 -0.078 -0.092 -0.089
0.0001 -2.19174 9.69897 1.0376116037 2.4804618359    1.001  1.902  3.7768  2.596    4  0.000  0.455     0.00     0.00     0.00     0.00     0.00 -1    -1e-30      0.00 7.420e-01 2.579e-01 1.478e-05 7.615e-06 4.331e-05 -1.000 1.000e-04 0.015 0.842 0.267 -0.017 -0.094 -0.111 -0.109
0.0001 -2.19174 9.69897 1.0377540588 2.4804892540    1.001  1.907  3.7735  2.578    4  0.000  0.455     0.00     0.00     0.00     0.00     0.00 -1    -1e-30      0.00 7.420e-01 2.579e-01 1.478e-05 7.618e-06 4.331e-05 -1.000 1.000e-04 0.004 0.850 0.268 -0.028 -0.110 -0.131 -0.130
0.0001 -2.19174 9.69897 1.0378943682 2.4805161953    1.001  1.911  3.7704  2.561    4  0.000  0.455     0.00     0.00     0.00     0.00     0.00 -1    -1e-30      0.00 7.420e-01 2.579e-01 1.477e-05 7.620e-06 4.331e-05 -1.000 1.000e-04 -0.008 0.856 0.267 -0.039 -0.127 -0.151 -0.151
0.0001 -2.19174 9.69897 1.0380357504 2.4805433750    1.001  1.916  3.7676  2.545    4  0.000  0.455     0.00     0.00     0.00     0.00     0.00 -1    -1e-30      0.00 7.420e-01 2.579e-01 1.477e-05 7.622e-06 4.331e-05 -1.000 9.999e-05 -0.021 0.860 0.265 -0.052 -0.145 -0.171 -0.172
0.0001 -2.19174 9.69897 1.0381810665 2.4805712700    1.001  1.922  3.7649  2.528    4  0.000  0.455     0.00     0.00     0.00     0.00     0.00 -1    -1e-30      0.00 7.420e-01 2.579e-01 1.477e-05 7.625e-06 4.331e-05 -1.000 1.001e-04 -0.034 0.862 0.261 -0.065 -0.163 -0.191 -0.194
0.0001 -2.19174 9.69897 1.0383242369 2.4805986881    1.002  1.928  3.7619  2.510    4  0.000  0.455     0.00     0.00     0.00     0.00     0.00 -1    -1e-30      0.00 7.420e-01 2.579e-01 1.477e-05 7.627e-06 4.331e-05 -1.000 1.000e-04 -0.051 0.864 0.257 -0.080 -0.184 -0.215 -0.219
0.0001 -2.19174 9.69897 1.0384678841 2.4806263447    1.002  1.939  3.7568  2.479    4  0.000  0.455     0.00     0.00     0.00     0.00     0.00 -1    -1e-30      0.00 7.420e-01 2.579e-01 1.477e-05 7.630e-06 4.331e-05 -1.000 1.000e-04 -0.078 0.868 0.248 -0.107 -0.219 -0.256 -0.262
0.0001 -2.19174 9.69897 1.0386085510 2.4806532860    1.002  1.958  3.7496  2.431    4  0.000  0.455     0.00     0.00     0.00     0.00     0.00 -1    -1e-30      0.00 7.420e-01 2.579e-01 1.477e-05 7.632e-06 4.331e-05 -1.000 9.999e-05 -0.125 0.868 0.228 -0.153 -0.277 -0.321 -0.330
0.0001 -2.19174 9.69897 1.0387184620 2.4806742668    1.002  1.987  3.7406  2.366    4  0.000  0.455     0.00     0.00     0.00     0.00     0.00 -1    -1e-30      0.00 7.420e-01 2.579e-01 1.476e-05 7.634e-06 4.331e-05 -1.000 1.000e-04 -0.199 0.858 0.189 -0.224 -0.363 -0.417 -0.429
0.0001 -2.19174 9.69897 1.0387662649 2.4806835651    1.002  2.019  3.7332  2.305    4  0.000  0.454     0.00     0.00     0.00     0.00     0.00 -1    -1e-30      0.00 7.420e-01 2.579e-01 1.476e-05 7.635e-06 4.331e-05 -1.000 1.000e-04 -0.278 0.838 0.139 -0.301 -0.453 -0.515 -0.531
0.0001 -2.19174 9.69897 1.0387829542 2.4806866646    1.002  2.049  3.7279  2.253    4  0.000  0.454     0.00     0.00     0.00     0.00     0.00 -1    -1e-30      0.00 7.420e-01 2.579e-01 1.476e-05 7.635e-06 4.331e-05 -1.000 1.000e-04 -0.353 0.808 0.085 -0.375 -0.536 -0.604 -0.623
0.0001 -2.19174 9.69897 1.0387891531 2.4806878567    1.002  2.074  3.7244  2.215    4  0.000  0.454     0.00     0.00     0.00     0.00     0.00 -1    -1e-30      0.00 7.420e-01 2.579e-01 1.476e-05 7.635e-06 4.331e-05 -1.000 1.000e-04 -0.414 0.779 0.039 -0.435 -0.602 -0.674 -0.694
0.0001 -2.19174 9.69897 1.0387895107 2.4806878567    1.002  2.076  3.7242  2.211    7  0.000  0.454     0.00     0.00     0.00     0.00     0.00 -1    -1e-30      0.00 7.420e-01 2.579e-01 1.476e-05 7.635e-06 4.331e-05 -1.000 9.999e-05 -0.420 0.775 0.034 -0.441 -0.608 -0.680 -0.701
0.0001 -2.19174 9.69897 1.0387921333 2.4806885719    1.002  2.106  3.7214  2.170    7  0.000  0.454     0.00     0.00     0.00     0.00     0.00 -1    -1e-30      0.00 7.420e-01 2.579e-01 1.476e-05 7.635e-06 4.331e-05 -1.000 1.000e-04 -0.496 0.724 -0.030 -0.515 -0.688 -0.762 -0.784
0.0001 -2.19174 9.69897 1.0387949944 2.4806890488    1.002  2.150  3.7182  2.114    7  0.000  0.454     0.00     0.00     0.00     0.00     0.00 -1    -1e-30      0.00 7.420e-01 2.579e-01 1.476e-05 7.635e-06 4.331e-05 -1.000 9.996e-05 -0.604 0.649 -0.124 -0.621 -0.800 -0.878 -0.901
0.0001 -2.19174 9.69897 1.0387974977 2.4806895256    1.002  2.188  3.7156  2.065    7  0.000  0.454     0.00     0.00     0.00     0.00     0.00 -1    -1e-30      0.00 7.420e-01 2.579e-01 1.476e-05 7.635e-06 4.331e-05 -1.000 9.999e-05 -0.701 0.579 -0.209 -0.717 -0.900 -0.981 -1.006
0.0001 -2.19174 9.69897 1.0388008356 2.4806902409    1.002  2.217  3.7138  2.029    7  0.000  0.454     0.00     0.00     0.00     0.00     0.00 -1    -1e-30      0.00 7.420e-01 2.579e-01 1.476e-05 7.635e-06 4.331e-05 -1.000 9.999e-05 -0.773 0.525 -0.272 -0.787 -0.973 -1.057 -1.082
0.0001 -2.19174 9.69897 1.0388072729 2.4806914330    1.002  2.250  3.7119  1.989    7  0.000  0.454     0.00     0.00     0.00     0.00     0.00 -1    -1e-30      0.00 7.420e-01 2.579e-01 1.476e-05 7.635e-06 4.331e-05 -1.000 1.000e-04 -0.854 0.464 -0.345 -0.868 -1.058 -1.144 -1.170
0.0001 -2.19174 9.69897 1.0388143063 2.4806926250    1.002  2.245  3.7122  1.995    7  0.000  0.454     0.00     0.00     0.00     0.00     0.00 -1    -1e-30      0.00 7.420e-01 2.579e-01 1.476e-05 7.635e-06 4.331e-05 -1.000 1.000e-04 -0.842 0.473 -0.334 -0.856 -1.044 -1.130 -1.156
0.0001 -2.19174 9.69897 1.0388766527 2.4807047844    1.002  2.226  3.7132  2.017    7  0.000  0.454     0.00     0.00     0.00     0.00     0.00 -1    -1e-30      0.00 7.420e-01 2.579e-01 1.476e-05 7.636e-06 4.331e-05 -1.000 1.000e-04 -0.796 0.509 -0.293 -0.811 -0.998 -1.082 -1.108
0.0001 -2.19174 9.69897 1.0389289856 2.4807147980    1.002  2.267  3.7106  1.967    7  0.000  0.454     0.00     0.00     0.00     0.00     0.00 -1    -1e-30      0.00 7.420e-01 2.579e-01 1.476e-05 7.637e-06 4.332e-05 -1.000 1.000e-04 -0.896 0.437 -0.381 -0.910 -1.101 -1.189 -1.216
0.0001 -2.19174 9.69897 1.0389661789 2.4807219505    1.002  2.301  3.7085  1.925    7  0.000  0.454     0.00     0.00     0.00     0.00     0.00 -1    -1e-30      0.00 7.420e-01 2.579e-01 1.476e-05 7.638e-06 4.332e-05 -1.000 1.001e-04 -0.982 0.376 -0.456 -0.994 -1.189 -1.279 -1.307
0.0001 -2.19174 9.69897 1.0390090942 2.4807300568    1.002  2.341  3.7063  1.876    7  0.000  0.454     0.00     0.00     0.00     0.00     0.00 -1    -1e-30      0.00 7.420e-01 2.579e-01 1.476e-05 7.639e-06 4.332e-05 -1.000 1.000e-04 -1.081 0.304 -0.544 -1.092 -1.292 -1.384 -1.414
0.0001 -2.19174 9.69897 1.0390511751 2.4807381630    1.002  2.382  3.7040  1.825    7  0.000  0.454     0.00     0.00     0.00     0.00     0.00 -1    -1e-30      0.00 7.420e-01 2.579e-01 1.476e-05 7.639e-06 4.332e-05 -1.000 1.001e-04 -1.185 0.229 -0.636 -1.194 -1.398 -1.494 -1.524
0.0001 -2.19174 9.69897 1.0390884876 2.4807453156    1.002  2.423  3.7018  1.775    7  0.000  0.454     0.00     0.00     0.00     0.00     0.00 -1    -1e-30      0.00 7.420e-01 2.579e-01 1.476e-05 7.641e-06 4.332e-05 -1.000 1.000e-04 -1.288 0.154 -0.727 -1.295 -1.503 -1.602 -1.633
0.0001 -2.19174 9.69897 1.0391217470 2.4807517529    1.003  2.464  3.6997  1.726    7  0.000  0.454     0.00     0.00     0.00     0.00     0.00 -1    -1e-30      0.00 7.420e-01 2.579e-01 1.474e-05 7.647e-06 4.332e-05 -1.000 1.001e-04 -1.390 0.080 -0.818 -1.396 -1.608 -1.709 -1.741
0.0001 -2.19174 9.69897 1.0391515493 2.4807574749    1.003  2.505  3.6976  1.676    7  0.000  0.452     5.03     4.11     2.98     2.27     1.84  4    -1e-30      0.00 7.419e-01 2.580e-01 1.467e-05 7.692e-06 4.332e-05 -1.000 1.001e-04 -1.493 0.006 -0.908 -1.497 -1.713 -1.816 -1.850
0.0001 -2.19174 9.69897 1.0391784906 2.4807624817    1.003  2.547  3.6954  1.626    7  0.000  0.446     5.58     4.50     3.24     2.48     2.01  4    -1e-30      0.00 7.419e-01 2.580e-01 1.448e-05 7.882e-06 4.332e-05 -1.000 1.000e-04 -1.597 -0.068 -1.000 -1.598 -1.819 -1.925 -1.960
0.0001 -2.19174 9.69897 1.0392025709 2.4807672501    1.003  2.588  3.6933  1.576    7  0.000  0.436     6.20     4.93     3.54     2.71     2.19  4    -1e-30      0.00 7.418e-01 2.581e-01 1.417e-05 8.233e-06 4.332e-05 -1.000 9.999e-05 -1.701 -0.141 -1.091 -1.700 -1.924 -2.033 -2.069
0.0001 -2.19174 9.69897 1.0392246246 2.4807713032    1.003  2.630  3.6912  1.526    7  0.000  0.426     6.89     5.40     3.86     2.96     2.40  4    -1e-30      0.00 7.417e-01 2.582e-01 1.385e-05 8.626e-06 4.333e-05 -1.000 1.001e-04 -1.806 -0.216 -1.183 -1.803 -2.031 -2.143 -2.180
0.0001 -2.19174 9.69897 1.0392444134 2.4807751179    1.003  2.671  3.6891  1.476    7  0.000  0.418     7.63     5.90     4.20     3.22     2.61  4    -1e-30      0.00 7.416e-01 2.583e-01 1.357e-05 8.972e-06 4.333e-05 -1.000 1.000e-04 -1.908 -0.286 -1.272 -1.902 -2.135 -2.249 -2.287
0.0001 -2.19174 9.69897 1.0392628908 2.4807786942    1.003  2.712  3.6870  1.427    7  0.000  0.410     8.45     6.45     4.57     3.51     2.85  3    -1e-30      0.00 7.414e-01 2.585e-01 1.334e-05 9.269e-06 4.333e-05 -1.000 1.000e-04 -2.009 -0.352 -1.359 -2.001 -2.238 -2.355 -2.394
0.0001 -2.19174 9.69897 1.0392804146 2.4807820320    1.003  2.752  3.6849  1.379    7  0.000  0.404     9.36     7.05     4.98     3.83     3.10  3    -1e-30      0.00 7.413e-01 2.586e-01 1.313e-05 9.519e-06 4.332e-05 -1.000 9.996e-05 -2.110 -0.409 -1.444 -2.099 -2.341 -2.461 -2.502
0.0001 -2.19174 9.69897 1.0392973423 2.4807853699    1.003  2.793  3.6827  1.329    7  0.000  0.399    10.38     7.71     5.42     4.17     3.38  3    -1e-30      0.00 7.412e-01 2.587e-01 1.296e-05 9.736e-06 4.331e-05 -1.000 1.000e-04 -2.213 -0.451 -1.527 -2.201 -2.448 -2.570 -2.612
0.0001 -2.19174 9.69897 1.0393133163 2.4807884693    1.003  2.835  3.6806  1.278    7  0.000  0.395    11.53     8.45     5.91     4.56     3.70  3    -1e-30      0.00 7.410e-01 2.589e-01 1.281e-05 9.930e-06 4.328e-05 -1.000 9.999e-05 -2.317 -0.488 -1.611 -2.304 -2.556 -2.682 -2.725
0.0001 -2.19174 9.69897 1.0393277407 2.4807910919    1.003  2.875  3.6784  1.230    7  0.000  0.391    12.75     9.22     6.43     4.96     4.03  3    -1e-30      0.00 7.409e-01 2.590e-01 1.268e-05 1.011e-05 4.322e-05 -1.000 9.999e-05 -2.417 -0.517 -1.687 -2.402 -2.659 -2.788 -2.832
0.0001 -2.19174 9.69897 1.0393421650 2.4807939529    1.003  2.916  3.6763  1.180    7  0.000  0.388    14.15    10.08     7.00     5.42     4.39  3    -1e-30      0.00 7.407e-01 2.592e-01 1.256e-05 1.031e-05 4.312e-05 -1.000 1.001e-04 -2.519 -0.541 -1.764 -2.502 -2.765 -2.897 -2.942
0.0001 -2.19174 9.69897 1.0393556356 2.4807965755    1.003  2.958  3.6740  1.130    7  0.000  0.387    15.73    11.05     7.65     5.92     4.81  3    -1e-30      0.00 7.405e-01 2.594e-01 1.246e-05 1.053e-05 4.299e-05 -1.000 1.001e-04 -2.624 -0.557 -1.839 -2.604 -2.874 -3.008 -3.055
0.0001 -2.19174 9.69897 1.0393670797 2.4807987213    1.003  2.999  3.6717  1.079    7  0.000  0.386    17.47    12.10     8.34     6.47     5.25  2    -1e-30      0.00 7.403e-01 2.596e-01 1.238e-05 1.077e-05 4.283e-05 -1.000 9.999e-05 -2.727 -0.565 -1.911 -2.704 -2.980 -3.119 -3.167
0.0001 -2.19174 9.69897 1.0393761396 2.4808003902    1.003  3.038  3.6695  1.032    7  0.000  0.385    19.30    13.20     9.06     7.03     5.71  2    -1e-30      0.00 7.402e-01 2.597e-01 1.231e-05 1.100e-05 4.266e-05 -1.000 9.999e-05 -2.824 -0.566 -1.976 -2.798 -3.082 -3.223 -3.273
0.0001 -2.19174 9.69897 1.0393843651 2.4808020592    1.003  3.074  3.6674  0.987    7  0.000  0.385    21.20    14.31     9.79     7.61     6.18  2    -1e-30      0.00 7.401e-01 2.598e-01 1.226e-05 1.119e-05 4.251e-05 -1.000 9.999e-05 -2.916 -0.557 -2.033 -2.885 -3.176 -3.321 -3.372
0.0001 -2.19174 9.69897 1.0393928289 2.4808034897    1.003  3.117  3.6650  0.934    7  0.000  0.384    23.66    15.74    10.72     8.34     6.78  2    -1e-30      0.00 7.399e-01 2.600e-01 1.221e-05 1.140e-05 4.235e-05 -1.000 9.996e-05 -3.023 -0.534 -2.093 -2.986 -3.286 -3.436 -3.489
0.0001 -2.19174 9.69897 1.0393997431 2.4808049202    1.003  3.168  3.6619  0.871    7  0.000  0.384    26.98    17.64    11.95     9.32     7.57  2    -1e-30      0.00 7.398e-01 2.601e-01 1.217e-05 1.156e-05 4.222e-05 -1.000 9.495e-05 -3.150 -0.490 -2.158 -3.104 -3.418 -3.574 -3.628
0.0001 -2.19174 9.69897 1.0394037962 2.4808056355    1.003  3.204  3.6597  0.826    7  0.000  0.384    29.65    19.14    12.92    10.08     8.20  2    -1e-30      0.00 7.397e-01 2.602e-01 1.215e-05 1.166e-05 4.214e-05 -1.000 9.999e-05 -3.241 -0.448 -2.199 -3.187 -3.512 -3.672 -3.729
0.0001 -2.19174 9.69897 1.0394042730 2.4808058739    1.003  3.211  3.6593  0.818    7  0.000  0.384    30.16    19.43    13.10    10.23     8.32  2    -1e-30      0.00 7.397e-01 2.602e-01 1.214e-05 1.168e-05 4.212e-05 -1.000 1.001e-04 -3.257 -0.440 -2.206 -3.202 -3.529 -3.690 -3.747
0.0001 -2.19174 9.69897 1.0394051075 2.4808058739    1.003  3.222  3.6586  0.804    7  0.535  0.384    31.05    19.92    13.42    10.48     8.52  2    -1e-30      0.00 7.396e-01 2.603e-01 1.213e-05 1.173e-05 4.209e-05 -1.000 9.999e-05 -3.285 -0.425 -2.217 -3.227 -3.557 -3.720 -3.777
0.0001 -2.19174 9.69897 1.0394055843 2.4808061123    1.003  3.234  3.6579  0.789    7  0.535  0.384    32.01    20.46    13.76    10.75     8.74  2    -1e-30      0.00 7.394e-01 2.605e-01 1.210e-05 1.188e-05 4.196e-05 -1.000 9.996e-05 -3.315 -0.412 -2.229 -3.254 -3.587 -3.751 -3.809
0.0001 -2.19174 9.69897 1.0394059420 2.4808061123    1.003  3.241  3.6562  0.775    8  0.535  0.404    32.93    20.97    14.09    11.02     8.96  2 -2.95e-07      0.00 7.393e-01 2.605e-01 1.276e-05 1.199e-05 4.215e-05 -1.000 1.242e-04 -3.332 -0.377 -2.222 -3.264 -3.603 -3.770 -3.829
0.0001 -2.19174 9.69897 1.0394061804 2.4808061123    1.002  3.077  3.6660  0.978    8  0.535  0.404    21.60    14.55     9.94     7.73     6.28  2 -1.58e-07      0.00 7.393e-01 2.605e-01 1.276e-05 1.199e-05 4.215e-05 -1.000 1.242e-04 -2.923 -0.500 -2.017 -2.888 -3.184 -3.332 -3.383
0.0001 -2.19174 9.69897 1.0394064188 2.4808061123    1.000  2.952  3.6732  1.131    8  0.536  0.404    15.68    11.02     7.63     5.90     4.79  3 -1.01e-07      0.00 7.393e-01 2.605e-01 1.276e-05 1.199e-05 4.215e-05 -1.000 1.242e-04 -2.611 -0.519 -1.817 -2.590 -2.861 -2.997 -3.044
0.0001 -2.19174 9.69897 1.0394068956 2.4808063507    0.997  2.706  3.6876  1.433    8  0.536  0.404     8.34     6.38     4.52     3.47     2.82  3 -4.58e-08      0.00 7.393e-01 2.605e-01 1.276e-05 1.199e-05 4.215e-05 -1.000 1.242e-04 -1.995 -0.347 -1.349 -1.987 -2.223 -2.339 -2.378
0.0001 -2.19174 9.69897 1.0394077301 2.4808063507    0.992  2.712  3.6870  1.423    8  0.536  0.404     8.50     6.49     4.60     3.53     2.86  3 -4.67e-08      0.00 7.393e-01 2.605e-01 1.276e-05 1.199e-05 4.215e-05 -1.000 1.242e-04 -2.010 -0.352 -1.360 -2.001 -2.238 -2.355 -2.395
0.0001 -2.19174 9.69897 1.0394088030 2.4808065891    0.986  2.767  3.6835  1.350    8  0.536  0.404     9.87     7.38     5.20     4.00     3.25  3 -5.57e-08      0.00 7.393e-01 2.605e-01 1.276e-05 1.199e-05 4.215e-05 -1.000 1.242e-04 -2.148 -0.408 -1.469 -2.137 -2.381 -2.503 -2.545
0.0001 -2.19174 9.69897 1.0394099951 2.4808068275    0.978  2.936  3.6732  1.138    8  0.536  0.404    15.35    10.82     7.49     5.80     4.71  3 -9.74e-08      0.00 7.393e-01 2.605e-01 1.276e-05 1.199e-05 4.215e-05 -1.000 1.241e-04 -2.569 -0.478 -1.776 -2.548 -2.820 -2.955 -3.003
0.0001 -2.19174 9.69897 1.0394114256 2.4808070660    0.970  3.100  3.6631  0.929    8  0.537  0.404    23.68    15.75    10.72     8.35     6.78  2 -1.77e-07      0.00 7.393e-01 2.605e-01 1.276e-05 1.199e-05 4.215e-05 -1.000 1.242e-04 -2.981 -0.410 -2.021 -2.939 -3.246 -3.399 -3.453
0.0001 -2.19174 9.69897 1.0394132137 2.4808075428    0.960  3.214  3.6560  0.782    8  0.537  0.404    32.13    20.50    13.78    10.78     8.76  2 -2.78e-07      0.00 7.393e-01 2.605e-01 1.276e-05 1.199e-05 4.215e-05 -1.000 1.242e-04 -3.266 -0.308 -2.154 -3.196 -3.536 -3.704 -3.763
0.0001 -2.19174 9.69897 1.0394151211 2.4808077812    0.949  3.279  3.6516  0.695    8  0.537  0.404    38.43    23.92    15.96    12.53    10.18  1 -3.65e-07      0.00 7.393e-01 2.605e-01 1.276e-05 1.199e-05 4.215e-05 -1.000 1.241e-04 -3.427 -0.299 -2.237 -3.338 -3.695 -3.872 -3.935
0.0001 -2.19174 9.69897 1.0394172668 2.4808082581    0.936  3.313  3.6491  0.645    8  0.538  0.404    42.49    26.08    17.33    13.62    11.07  1 -4.26e-07      0.00 7.393e-01 2.605e-01 1.276e-05 1.199e-05 4.215e-05 -1.000 1.241e-04 -3.511 -0.282 -2.274 -3.409 -3.777 -3.959 -4.024
0.0001 -2.19174 9.69897 1.0394196510 2.4808087349    0.923  3.334  3.6472  0.610    8  0.538  0.404    45.54    27.66    18.32    14.43    11.73  1 -4.74e-07      0.00 7.393e-01 2.605e-01 1.276e-05 1.199e-05 4.215e-05 -1.000 1.241e-04 -3.564 -0.263 -2.292 -3.451 -3.827 -4.013 -4.080
0.0001 -2.19174 9.69897 1.0394197702 2.4808087349    0.921  3.229  3.6533  0.739    8  0.538  0.404    34.79    21.93    14.68    11.52     9.36  1 -3.08e-07      0.00 7.393e-01 2.605e-01 1.276e-05 1.199e-05 4.215e-05 -1.000 1.241e-04 -3.302 -0.248 -2.146 -3.221 -3.571 -3.744 -3.805
0.0001 -2.19174 9.69897 1.0394202471 2.4808089733    0.916  3.055  3.6634  0.950    8  0.539  0.404    22.29    14.94    10.17     7.94     6.44  2 -1.58e-07      0.00 7.393e-01 2.605e-01 1.276e-05 1.199e-05 4.215e-05 -1.000 1.242e-04 -2.868 -0.321 -1.917 -2.827 -3.133 -3.285 -3.338
0.0001 -2.19174 9.69897 1.0394210815 2.4808089733    0.909  2.808  3.6778  1.251    8  0.539  0.404    11.83     8.66     6.04     4.68     3.79  3 -6.73e-08      0.00 7.393e-01 2.605e-01 1.276e-05 1.199e-05 4.215e-05 -1.000 1.241e-04 -2.251 -0.335 -1.515 -2.235 -2.494 -2.623 -2.668
0.0001 -2.19174 9.69897 1.0394222736 2.4808092117    0.898  2.814  3.6772  1.238    8  0.539  0.404    12.10     8.83     6.15     4.77     3.87  3 -6.92e-08      0.00 7.393e-01 2.605e-01 1.276e-05 1.199e-05 4.215e-05 -1.000 1.242e-04 -2.264 -0.326 -1.521 -2.247 -2.508 -2.638 -2.683
0.0001 -2.19174 9.69897 1.0394237041 2.4808094501    0.884  2.868  3.6736  1.163    8  0.540  0.404    14.10    10.07     6.98     5.42     4.39  3 -8.42e-08      0.00 7.393e-01 2.605e-01 1.276e-05 1.199e-05 4.215e-05 -1.000 1.242e-04 -2.399 -0.327 -1.612 -2.379 -2.649 -2.784 -2.831
0.0001 -2.19174 9.69897 1.0394254923 2.4808099270    0.868  3.031  3.6634  0.951    8  0.540  0.404    21.90    14.70    10.01     7.82     6.35  2 -1.53e-07      0.00 7.393e-01 2.605e-01 1.276e-05 1.199e-05 4.215e-05 -1.000 1.241e-04 -2.807 -0.261 -1.856 -2.766 -3.071 -3.223 -3.276
0.0001 -2.19174 9.69897 1.0394276381 2.4808101654    0.849  3.189  3.6534  0.744    8  0.541  0.404    33.73    21.28    14.24    11.20     9.09  1 -2.89e-07      0.00 7.393e-01 2.605e-01 1.276e-05 1.199e-05 4.215e-05 -1.000 1.241e-04 -3.201 -0.152 -2.047 -3.120 -3.470 -3.642 -3.704
0.0001 -2.19174 9.69897 1.0394300222 2.4808106422    0.827  3.296  3.6463  0.596    8  0.542  0.404    45.76    27.59    18.24    14.41    11.71  1 -4.67e-07      0.00 7.393e-01 2.605e-01 1.276e-05 1.199e-05 4.215e-05 -1.000 1.242e-04 -3.471 -0.136 -2.182 -3.352 -3.732 -3.921 -3.988
0.0001 -2.19174 9.69897 1.0394327641 2.4808113575    0.803  3.355  3.6420  0.508    8  0.542  0.404    54.85    32.15    21.09    16.72    13.59  1 -6.29e-07      0.00 7.393e-01 2.605e-01 1.276e-05 1.199e-05 4.215e-05 -1.000 1.241e-04 -3.619 -0.110 -2.242 -3.475 -3.875 -4.073 -4.144
0.0001 -2.19174 9.69897 1.0394358635 2.4808118343    0.777  3.384  3.6397  0.455    8  0.543  0.404    60.86    35.03    22.88    18.18    14.77  1 -7.51e-07      0.00 7.393e-01 2.605e-01 1.276e-05 1.199e-05 4.215e-05 -1.000 1.241e-04 -3.690 -0.083 -2.258 -3.531 -3.944 -4.148 -4.221
0.0001 -2.19174 9.69897 1.0394393206 2.4808125496    0.750  3.400  3.6383  0.418    8  0.545  0.404    65.49    37.16    24.18    19.27    15.65  1 -8.55e-07      0.00 7.393e-01 2.605e-01 1.276e-05 1.199e-05 4.215e-05 -1.000 1.241e-04 -3.731 -0.060 -2.260 -3.560 -3.981 -4.189 -4.264
0.0001 -2.19174 9.69897 1.0394533873 2.4808151722    0.549 -9.999  4.0000  1.737    9  0.549  0.000     0.00     0.00     0.00     0.00     0.00 -1    -1e-30      0.00 7.393e-01 2.605e-01 1.276e-05 1.199e-05 4.215e-05 -1.000 1.241e-04 29.767 30.114 29.975 30.253 30.481 30.559 30.648
#isochrone terminated
