# File generated by CMD 3.6 (http://stev.oapd.inaf.it/cmd) on Thu Apr 21 18:06:50 CEST 2022
# isochrones based on PARSEC release v1.2S +  COLIBRI S_37 + S_35 + PR16
# Basic references: Bressan et al. (2012), MNRAS, 427, 127 + Chen et al. (2014, 2015), MNRAS, 444, 2525 + MNRAS, 452, 1068 + Tang et al. (2014), MNRAS, 445, 4287 + Marigo et al. (2017), ApJ, 835, 77 + Pastorelli al. (2019), MNRAS, 485, 5666 + Pastorelli al. (2020), MNRAS, in press
# Thermal pulse cycles included 
# On RGB, assumed Reimers mass loss with efficiency eta=0.2
# LPV periods and growth rates added cf. Trabucchi et al. (2019)
# but fundamental-mode LPV periods are from Trabucchi et al. (2021)
# Photometric system: DECAM (ABmags)
# Using YBC version of bolometric corrections as in Chen et al. (2019)
# O-rich circumstellar dpmod60alox40 dust from Groenewegen (2006)
# C-rich circumstellar AMCSIC15 dust from Groenewegen (2006)
# IMF: Kroupa (2001, 2002) + Kroupa et al. (2013) canonical two-part-power law IMF corrected for unresolved binaries 
# Kind of output: isochrone tables
# Zini     MH   logAge Mini        int_IMF         Mass   logL    logTe  logg  label   McoreTP C_O  period0  period1  period2  period3  period4  pmode  Mloss  tau1m   X   Y   Xc  Xn  Xo  Cexcess  Z 	 mbolmag  umag    gmag    rmag    imag    zmag    Ymag
0.001 -1.19029 9.30103 0.0900000036 1.0816895962    0.090 -3.216  3.4559  5.384    0  0.000  0.545     0.00     0.00     0.00     0.00     0.00 -1 -5.18e-17      0.00 7.486e-01 2.504e-01 1.798e-04 4.851e-05 4.400e-04 -1.000 1.000e-03 12.811 18.031 16.783 14.919 12.879 12.198 12.069
0.001 -1.19029 9.30103 0.0901578143 1.0831996202    0.090 -3.212  3.4565  5.383    0  0.000  0.545     0.00     0.00     0.00     0.00     0.00 -1 -5.23e-17      0.00 7.486e-01 2.504e-01 1.798e-04 4.851e-05 4.400e-04 -1.000 1.000e-03 12.801 18.020 16.759 14.894 12.866 12.188 12.059
0.001 -1.19029 9.30103 0.0931384340 1.1110905409    0.093 -3.134  3.4677  5.364    0  0.000  0.545     0.00     0.00     0.00     0.00     0.00 -1  -6.3e-17      0.00 7.485e-01 2.505e-01 1.798e-04 4.851e-05 4.400e-04 -1.000 1.000e-03 12.605 17.800 16.304 14.451 12.623 12.003 11.877
0.001 -1.19029 9.30103 0.1000000015 1.1711064577    0.100 -2.962  3.4923  5.321    1  0.000  0.545     0.00     0.00     0.00     0.00     0.00 -1 -9.49e-17      0.00 7.484e-01 2.506e-01 1.798e-04 4.851e-05 4.400e-04 -1.000 1.000e-03 12.175 17.250 15.327 13.531 12.105 11.597 11.477
0.001 -1.19029 9.30103 0.1137224659 1.2764770985    0.114 -2.762  3.5154  5.269    1  0.000  0.545     0.00     0.00     0.00     0.00     0.00 -1  -1.5e-16      0.00 7.482e-01 2.508e-01 1.798e-04 4.851e-05 4.400e-04 -1.000 1.000e-03 11.675 16.509 14.368 12.658 11.547 11.123 11.007
0.001 -1.19029 9.30103 0.1199999973 1.3193154335    0.120 -2.678  3.5251  5.248    1  0.000  0.545     0.00     0.00     0.00     0.00     0.00 -1 -1.81e-16      0.00 7.481e-01 2.509e-01 1.798e-04 4.851e-05 4.400e-04 -1.000 1.000e-03 11.466 16.166 13.985 12.317 11.318 10.923 10.811
0.001 -1.19029 9.30103 0.1400000006 1.4384527206    0.140 -2.498  3.5414  5.200    1  0.000  0.545     0.00     0.00     0.00     0.00     0.00 -1 -2.68e-16      0.00 7.477e-01 2.513e-01 1.798e-04 4.851e-05 4.400e-04 -1.000 1.000e-03 11.016 15.454 13.266 11.678 10.839 10.488 10.380
0.001 -1.19029 9.30103 0.1599999964 1.5372931957    0.160 -2.363  3.5517  5.164    1  0.000  0.545     0.00     0.00     0.00     0.00     0.00 -1 -3.57e-16      0.00 7.475e-01 2.515e-01 1.798e-04 4.851e-05 4.400e-04 -1.000 1.000e-03 10.677 14.934 12.771 11.235 10.486 10.158 10.054
0.001 -1.19029 9.30103 0.1916157901 1.6646348238    0.192 -2.196  3.5632  5.121    1  0.000  0.545     0.00     0.00     0.00     0.00     0.00 -1 -5.03e-16      0.00 7.472e-01 2.518e-01 1.798e-04 4.851e-05 4.400e-04 -1.000 1.000e-03 10.260 14.305 12.192 10.716 10.055 9.752 9.652
0.001 -1.19029 9.30103 0.2000000179 1.6938792467    0.200 -2.156  3.5659  5.111    1  0.000  0.545     0.00     0.00     0.00     0.00     0.00 -1 -5.46e-16      0.00 7.471e-01 2.519e-01 1.798e-04 4.851e-05 4.400e-04 -1.000 1.000e-03 10.161 14.155 12.056 10.595 9.953 9.655 9.557
0.001 -1.19029 9.30103 0.2500000000 1.8403258324    0.250 -1.963  3.5775  5.061    1  0.000  0.545     0.00     0.00     0.00     0.00     0.00 -1 -8.06e-16      0.00 7.467e-01 2.523e-01 1.798e-04 4.851e-05 4.400e-04 -1.000 1.000e-03 9.677 13.461 11.425 10.029 9.459 9.182 9.089
0.001 -1.19029 9.30103 0.3000000417 1.9529141188    0.300 -1.808  3.5861  5.019    1  0.000  0.545     0.00     0.00     0.00     0.00     0.00 -1  -1.1e-15      0.00 7.465e-01 2.525e-01 1.798e-04 4.851e-05 4.400e-04 -1.000 1.000e-03 9.289 12.913 10.932 9.589 9.063 8.802 8.712
0.001 -1.19029 9.30103 0.3499999940 2.0434174538    0.350 -1.658  3.5930  4.964    1  0.000  0.545     0.00     0.00     0.00     0.00     0.00 -1 -1.54e-15      0.00 7.488e-01 2.502e-01 1.798e-04 4.851e-05 4.400e-04 -1.000 1.000e-03 8.915 12.413 10.477 9.180 8.685 8.435 8.348
0.001 -1.19029 9.30103 0.4000000060 2.1185026169    0.400 -1.516  3.6034  4.922    1  0.000  0.545     0.00     0.00     0.00     0.00     0.00 -1 -2.09e-15      0.00 7.489e-01 2.501e-01 1.798e-04 4.851e-05 4.400e-04 -1.000 1.000e-03 8.561 11.886 10.009 8.780 8.323 8.089 8.008
0.001 -1.19029 9.30103 0.4500000179 2.1822810173    0.450 -1.350  3.6188  4.868    1  0.000  0.545     0.00     0.00     0.00     0.00     0.00 -1 -3.07e-15      0.00 7.489e-01 2.501e-01 1.798e-04 4.851e-05 4.400e-04 -1.000 1.000e-03 8.146 11.234 9.435 8.306 7.899 7.689 7.615
0.001 -1.19029 9.30103 0.5000000000 2.2374541759    0.500 -1.163  3.6434  4.826    1  0.000  0.545     0.00     0.00     0.00     0.00     0.00 -1 -4.72e-15      0.00 7.489e-01 2.501e-01 1.798e-04 4.851e-05 4.400e-04 -1.000 1.000e-03 7.678 10.406 8.725 7.758 7.424 7.251 7.189
0.001 -1.19029 9.30103 0.5105563998 2.2480781078    0.511 -1.122  3.6497  4.819    1  0.000  0.545     0.00     0.00     0.00     0.00     0.00 -1 -5.18e-15      0.00 7.501e-01 2.489e-01 1.790e-04 4.829e-05 4.380e-04 -1.000 1.000e-03 7.574 10.211 8.563 7.635 7.318 7.156 7.097
0.001 -1.19029 9.30103 0.5500000715 2.2836585045    0.550 -0.974  3.6721  4.793    1  0.000  0.545     0.00     0.00     0.00     0.00     0.00 -1 -7.21e-15      0.00 7.549e-01 2.441e-01 1.758e-04 4.742e-05 4.302e-04 -1.000 1.000e-03 7.205 9.480 7.992 7.205 6.947 6.817 6.769
0.001 -1.19029 9.30103 0.5909451246 2.3148760796    0.591 -0.831  3.6922  4.761    1  0.000  0.545     0.00     0.00     0.00     0.00     0.00 -1    -1e-14      0.00 7.563e-01 2.427e-01 1.749e-04 4.720e-05 4.281e-04 -1.000 1.000e-03 6.848 8.782 7.483 6.806 6.588 6.486 6.450
0.001 -1.19029 9.30103 0.6000000238 2.3211214542    0.600 -0.801  3.6965  4.755    1  0.000  0.545     0.00     0.00     0.00     0.00     0.00 -1 -1.08e-14      0.00 7.565e-01 2.425e-01 1.747e-04 4.715e-05 4.277e-04 -1.000 9.999e-04 6.772 8.638 7.379 6.724 6.513 6.417 6.383
0.001 -1.19029 9.30103 0.6194446087 2.3338260651    0.619 -0.734  3.7067  4.743    1  0.000  0.545     0.00     0.00     0.00     0.00     0.00 -1 -1.25e-14      0.00 7.573e-01 2.417e-01 1.743e-04 4.702e-05 4.265e-04 -1.000 9.601e-04 6.606 8.320 7.154 6.545 6.351 6.267 6.239
0.001 -1.19029 9.30103 0.6499999762 2.3520355225    0.650 -0.634  3.7222  4.725    1  0.000  0.545     0.00     0.00     0.00     0.00     0.00 -1 -1.57e-14      0.00 7.585e-01 2.405e-01 1.735e-04 4.682e-05 4.247e-04 -1.000 9.542e-04 6.354 7.858 6.826 6.280 6.111 6.045 6.025
0.001 -1.19029 9.30103 0.6865775585 2.3714013100    0.687 -0.517  3.7403  4.705    1  0.000  0.545     0.00     0.00     0.00     0.00     0.00 -1 -2.05e-14      0.00 7.603e-01 2.388e-01 1.724e-04 4.652e-05 4.221e-04 -1.000 9.388e-04 6.062 7.356 6.462 5.982 5.840 5.794 5.783
0.001 -1.19029 9.30103 0.6999999881 2.3779268265    0.700 -0.475  3.7467  4.697    1  0.000  0.545     0.00     0.00     0.00     0.00     0.00 -1 -2.25e-14      0.00 7.609e-01 2.381e-01 1.720e-04 4.641e-05 4.211e-04 -1.000 9.713e-04 5.959 7.186 6.335 5.880 5.748 5.708 5.700
0.001 -1.19029 9.30103 0.7186376452 2.3865244389    0.719 -0.419  3.7554  4.687    1  0.000  0.542     0.00     0.00     0.00     0.00     0.00 -1 -2.56e-14      0.00 7.621e-01 2.369e-01 1.704e-04 4.619e-05 4.194e-04 -1.000 9.633e-04 5.818 6.960 6.166 5.743 5.624 5.594 5.590
0.001 -1.19029 9.30103 0.7500000000 2.3998889923    0.750 -0.327  3.7694  4.669    1  0.000  0.537     0.00     0.00     0.00     0.00     0.00 -1 -3.16e-14      0.00 7.643e-01 2.348e-01 1.677e-04 4.580e-05 4.162e-04 -1.000 9.206e-04 5.587 6.607 5.894 5.522 5.426 5.409 5.411
0.001 -1.19029 9.30103 0.7908940315 2.4154977798    0.791 -0.212  3.7833  4.633    1  0.000  0.537     0.00     0.00     0.00     0.00     0.00 -1 -4.18e-14      0.00 7.694e-01 2.296e-01 1.644e-04 4.492e-05 4.083e-04 -1.000 9.558e-04 5.299 6.216 5.572 5.250 5.174 5.172 5.179
0.001 -1.19029 9.30103 0.8000000119 2.4187245369    0.800 -0.186  3.7863  4.625    1  0.000  0.537     0.00     0.00     0.00     0.00     0.00 -1 -4.44e-14      0.00 7.708e-01 2.283e-01 1.636e-04 4.470e-05 4.063e-04 -1.000 9.405e-04 5.236 6.135 5.502 5.191 5.120 5.120 5.128
0.001 -1.19029 9.30103 0.8011503220 2.4191262722    0.801 -0.183  3.7867  4.624    1  0.000  0.537     0.00     0.00     0.00     0.00     0.00 -1 -4.48e-14      0.00 7.710e-01 2.281e-01 1.635e-04 4.468e-05 4.061e-04 -1.000 9.384e-04 5.228 6.125 5.493 5.184 5.113 5.114 5.122
0.001 -1.19029 9.30103 0.8500000238 2.4350347519    0.850 -0.051  3.8014  4.576    1  0.000  0.536     0.00     0.00     0.00     0.00     0.00 -1 -6.22e-14      0.00 7.789e-01 2.202e-01 1.593e-04 4.358e-05 3.964e-04 -1.000 9.000e-04 4.898 5.713 5.131 4.872 4.824 4.839 4.852
0.001 -1.19029 9.30103 0.8550931215 2.4365735054    0.855 -0.038  3.8029  4.571    1  0.000  0.536     0.00     0.00     0.00     0.00     0.00 -1 -6.44e-14      0.00 7.789e-01 2.202e-01 1.595e-04 4.362e-05 3.968e-04 -1.000 9.000e-04 4.864 5.672 5.094 4.841 4.794 4.811 4.825
0.001 -1.19029 9.30103 0.8854910731 2.4453356266    0.885  0.042  3.8118  4.542    1  0.000  0.536     0.00     0.00     0.00     0.00     0.00 -1 -7.86e-14      0.00 7.782e-01 2.208e-01 1.604e-04 4.390e-05 3.994e-04 -1.000 9.716e-04 4.666 5.434 4.877 4.653 4.620 4.645 4.662
0.001 -1.19029 9.30103 0.8999999762 2.4492788315    0.899  0.079  3.8159  4.529    1  0.000  0.535     0.00     0.00     0.00     0.00     0.00 -1 -8.64e-14      0.00 7.778e-01 2.212e-01 1.609e-04 4.405e-05 4.008e-04 -1.000 9.466e-04 4.573 5.325 4.775 4.564 4.538 4.567 4.584
0.001 -1.19029 9.30103 0.9122914672 2.4525065422    0.912  0.110  3.8195  4.518    1  0.000  0.535     0.00     0.00     0.00     0.00     0.00 -1 -9.33e-14      0.00 7.781e-01 2.210e-01 1.608e-04 4.402e-05 4.005e-04 -1.000 9.000e-04 4.495 5.234 4.690 4.490 4.469 4.502 4.520
0.001 -1.19029 9.30103 0.9499999881 2.4618122578    0.949  0.204  3.8301  4.484    1  0.000  0.535     0.00     0.00     0.00     0.00     0.00 -1 -1.18e-13      0.00 7.787e-01 2.204e-01 1.606e-04 4.396e-05 4.001e-04 -1.000 9.001e-04 4.261 4.963 4.432 4.266 4.261 4.304 4.326
0.001 -1.19029 9.30103 0.9542197585 2.4628012180    0.954  0.214  3.8314  4.481    1  0.000  0.535     0.00     0.00     0.00     0.00     0.00 -1 -1.21e-13      0.00 7.786e-01 2.205e-01 1.606e-04 4.397e-05 4.001e-04 -1.000 9.000e-04 4.235 4.934 4.403 4.241 4.239 4.282 4.305
0.001 -1.19029 9.30103 0.9793165326 2.4684805870    0.979  0.275  3.8390  4.461    1  0.000  0.535     0.00     0.00     0.00     0.00     0.00 -1  -1.4e-13      0.00 7.782e-01 2.209e-01 1.608e-04 4.402e-05 4.005e-04 -1.000 9.000e-04 4.082 4.759 4.233 4.095 4.105 4.155 4.180
0.001 -1.19029 9.30103 1.0000000000 2.4729156494    1.000  0.325  3.8451  4.445    1  0.000  0.535     0.00     0.00     0.00     0.00     0.00 -1 -1.59e-13      0.00 7.777e-01 2.214e-01 1.611e-04 4.408e-05 4.011e-04 -1.000 9.000e-04 3.957 4.618 4.095 3.976 3.996 4.052 4.077
0.001 -1.19029 9.30103 1.0134822130 2.4756946564    1.013  0.357  3.8495  4.437    1  0.000  0.535     0.00     0.00     0.00     0.00     0.00 -1 -1.68e-13      0.00 7.780e-01 2.211e-01 1.609e-04 4.404e-05 4.008e-04 -1.000 9.000e-04 3.877 4.526 4.005 3.900 3.927 3.987 4.014
0.001 -1.19029 9.30103 1.0338740349 2.4797401428    1.033  0.405  3.8562  4.424    1  0.000  0.535     0.00     0.00     0.00     0.00     0.00 -1 -1.83e-13      0.00 7.783e-01 2.208e-01 1.607e-04 4.400e-05 4.004e-04 -1.000 9.001e-04 3.757 4.390 3.869 3.786 3.824 3.889 3.917
0.001 -1.19029 9.30103 1.0499999523 2.4828116894    1.049  0.443  3.8614  4.413    1  0.000  0.535     0.00     0.00     0.00     0.00     0.00 -1 -1.96e-13      0.00 7.784e-01 2.207e-01 1.607e-04 4.398e-05 4.001e-04 -1.000 9.001e-04 3.662 4.283 3.763 3.696 3.743 3.813 3.842
0.001 -1.19029 9.30103 1.0576874018 2.4842379093    1.057  0.461  3.8643  4.410    1  0.000  0.535     0.00     0.00     0.00     0.00     0.00 -1 -2.01e-13      0.00 7.786e-01 2.205e-01 1.606e-04 4.395e-05 3.999e-04 -1.000 9.026e-04 3.618 4.233 3.713 3.655 3.707 3.779 3.808
0.001 -1.19029 9.30103 1.0713739395 2.4867193699    1.070  0.492  3.8696  4.406    1  0.000  0.535     0.00     0.00     0.00     0.00     0.00 -1 -2.11e-13      0.00 7.789e-01 2.202e-01 1.604e-04 4.390e-05 3.995e-04 -1.000 9.001e-04 3.539 4.144 3.623 3.582 3.643 3.719 3.750
0.001 -1.19029 9.30103 1.0954248905 2.4909074306    1.094  0.546  3.8787  4.398    1  0.000  0.535     0.00     0.00     0.00     0.00     0.00 -1  -2.3e-13      0.00 7.793e-01 2.198e-01 1.602e-04 4.386e-05 3.991e-04 -1.000 9.000e-04 3.404 3.992 3.469 3.457 3.534 3.617 3.649
0.001 -1.19029 9.30103 1.1000000238 2.4916803837    1.099  0.557  3.8805  4.396    1  0.000  0.535     0.00     0.00     0.00     0.00     0.00 -1 -2.34e-13      0.00 7.794e-01 2.197e-01 1.602e-04 4.385e-05 3.991e-04 -1.000 9.001e-04 3.378 3.963 3.440 3.433 3.513 3.598 3.630
0.001 -1.19029 9.30103 1.1499999762 2.4996678829    1.149  0.668  3.9004  4.384    1  0.000  0.535     0.00     0.00     0.00     0.00     0.00 -1 -2.75e-13      0.00 7.800e-01 2.191e-01 1.598e-04 4.376e-05 3.983e-04 -1.000 9.000e-04 3.099 3.653 3.125 3.182 3.297 3.395 3.428
0.001 -1.19029 9.30103 1.1748652458 2.5033504963    1.174  0.724  3.9096  4.375    1  0.000  0.535     0.00     0.00     0.00     0.00     0.00 -1 -2.98e-13      0.00 7.803e-01 2.188e-01 1.597e-04 4.372e-05 3.979e-04 -1.000 9.000e-04 2.961 3.503 2.973 3.060 3.192 3.295 3.329
0.001 -1.19029 9.30103 1.2000000477 2.5068950653    1.199  0.779  3.9185  4.363    1  0.000  0.535     0.00     0.00     0.00     0.00     0.00 -1 -3.24e-13      0.00 7.806e-01 2.185e-01 1.596e-04 4.369e-05 3.976e-04 -1.000 8.999e-04 2.822 3.354 2.824 2.940 3.087 3.193 3.228
0.001 -1.19029 9.30103 1.2069910765 2.5078508854    1.206  0.795  3.9208  4.360    1  0.000  0.535     0.00     0.00     0.00     0.00     0.00 -1 -3.31e-13      0.00 7.807e-01 2.184e-01 1.596e-04 4.367e-05 3.975e-04 -1.000 9.000e-04 2.783 3.313 2.783 2.907 3.058 3.165 3.200
0.001 -1.19029 9.30103 1.2431784868 2.5126011372    1.242  0.876  3.9316  4.335    1  0.000  0.535     0.00     0.00     0.00     0.00     0.00 -1 -3.74e-13      0.00 7.811e-01 2.180e-01 1.594e-04 4.363e-05 3.971e-04 -1.000 9.001e-04 2.581 3.102 2.577 2.737 2.904 3.014 3.050
0.001 -1.19029 9.30103 1.2500000000 2.5134611130    1.249  0.891  3.9333  4.329    1  0.000  0.535     0.00     0.00     0.00     0.00     0.00 -1 -3.84e-13      0.00 7.811e-01 2.180e-01 1.594e-04 4.363e-05 3.971e-04 -1.000 9.001e-04 2.543 3.063 2.539 2.704 2.874 2.985 3.021
0.001 -1.19029 9.30103 1.2736849785 2.5163655281    1.273  0.944  3.9386  4.305    1  0.000  0.535     0.00     0.00     0.00     0.00     0.00 -1 -4.17e-13      0.00 7.814e-01 2.177e-01 1.592e-04 4.362e-05 3.967e-04 -1.000 9.000e-04 2.410 2.927 2.409 2.591 2.768 2.879 2.916
0.001 -1.19029 9.30103 1.2999999523 2.5194499493    1.299  1.004  3.9426  4.270    1  0.000  0.535     0.00     0.00     0.00     0.00     0.00 -1 -4.64e-13      0.00 7.816e-01 2.175e-01 1.591e-04 4.361e-05 3.964e-04 -1.000 9.001e-04 2.261 2.773 2.263 2.456 2.639 2.751 2.788
0.001 -1.19029 9.30103 1.3089488745 2.5204665661    1.308  1.024  3.9429  4.254    1  0.000  0.535     0.00     0.00     0.00     0.00     0.00 -1 -4.83e-13      0.00 7.816e-01 2.175e-01 1.591e-04 4.360e-05 3.963e-04 -1.000 9.000e-04 2.209 2.718 2.210 2.405 2.589 2.700 2.738
0.001 -1.19029 9.30103 1.3261475563 2.5223758221    1.326  1.065  3.9420  4.216    1  0.000  0.535     0.00     0.00     0.00     0.00     0.00 -1 -5.25e-13      0.00 7.816e-01 2.175e-01 1.591e-04 4.360e-05 3.963e-04 -1.000 8.999e-04 2.108 2.612 2.105 2.301 2.484 2.593 2.631
0.001 -1.19029 9.30103 1.3400353193 2.5238764286    1.340  1.098  3.9396  4.178    1  0.000  0.535     0.00     0.00     0.00     0.00     0.00 -1 -5.67e-13      0.00 7.815e-01 2.176e-01 1.591e-04 4.361e-05 3.964e-04 -1.000 9.001e-04 2.025 2.524 2.017 2.209 2.390 2.497 2.535
0.001 -1.19029 9.30103 1.3500000238 2.5249314308    1.350  1.122  3.9366  4.145    1  0.000  0.535     0.00     0.00     0.00     0.00     0.00 -1 -6.05e-13      0.00 7.814e-01 2.177e-01 1.591e-04 4.363e-05 3.965e-04 -1.000 9.000e-04 1.965 2.460 1.952 2.138 2.316 2.421 2.458
0.001 -1.19029 9.30103 1.3545732498 2.5254096985    1.354  1.133  3.9351  4.129    1  0.000  0.535     0.00     0.00     0.00     0.00     0.00 -1 -6.21e-13      0.00 7.814e-01 2.177e-01 1.592e-04 4.363e-05 3.966e-04 -1.000 9.018e-04 1.937 2.431 1.922 2.105 2.282 2.385 2.422
0.001 -1.19029 9.30103 1.3672207594 2.5267128944    1.367  1.164  3.9295  4.079    1  0.000  0.535     0.00     0.00     0.00     0.00     0.00 -1 -6.76e-13      0.00 7.814e-01 2.177e-01 1.593e-04 4.364e-05 3.967e-04 -1.000 9.005e-04 1.859 2.349 1.835 2.008 2.178 2.278 2.314
0.001 -1.19029 9.30103 1.3782194853 2.5278241634    1.378  1.193  3.9236  4.031    1  0.000  0.535     0.00     0.00     0.00     0.00     0.00 -1 -7.36e-13      0.00 7.813e-01 2.178e-01 1.593e-04 4.365e-05 3.968e-04 -1.000 9.000e-04 1.787 2.276 1.759 1.917 2.080 2.177 2.211
0.001 -1.19029 9.30103 1.3902376890 2.5290150642    1.390  1.228  3.9184  3.978    1  0.000  0.535     0.00     0.00     0.00     0.00     0.00 -1 -8.14e-13      0.00 7.812e-01 2.179e-01 1.594e-04 4.367e-05 3.971e-04 -1.000 9.000e-04 1.700 2.187 1.669 1.813 1.970 2.063 2.097
0.001 -1.19029 9.30103 1.3930472136 2.5292899609    1.393  1.241  3.9213  3.978    1  0.000  0.535     0.00     0.00     0.00     0.00     0.00 -1 -8.32e-13      0.00 7.811e-01 2.180e-01 1.594e-04 4.367e-05 3.972e-04 -1.000 9.000e-04 1.669 2.153 1.637 1.791 1.952 2.045 2.080
0.001 -1.19029 9.30103 1.3961077929 2.5295882225    1.396  1.261  3.9308  3.997    1  0.000  0.535     0.00     0.00     0.00     0.00     0.00 -1 -8.46e-13      0.00 7.811e-01 2.180e-01 1.595e-04 4.368e-05 3.972e-04 -1.000 9.001e-04 1.618 2.096 1.589 1.771 1.944 2.041 2.077
0.001 -1.19029 9.30103 1.3970657587 2.5296812057    1.397  1.275  3.9396  4.019    1  0.000  0.535     0.00     0.00     0.00     0.00     0.00 -1  -8.5e-13      0.00 7.810e-01 2.181e-01 1.595e-04 4.369e-05 3.973e-04 -1.000 9.000e-04 1.583 2.060 1.564 1.766 1.951 2.052 2.089
0.001 -1.19029 9.30103 1.3975414038 2.5297272205    1.397  1.290  3.9486  4.040    1  0.000  0.535     0.00     0.00     0.00     0.00     0.00 -1 -8.57e-13      0.00 7.810e-01 2.181e-01 1.595e-04 4.369e-05 3.973e-04 -1.000 9.000e-04 1.546 2.024 1.543 1.763 1.958 2.062 2.102
0.001 -1.19029 9.30103 1.3978005648 2.5297524929    1.397  1.307  3.9573  4.058    1  0.000  0.535     0.00     0.00     0.00     0.00     0.00 -1 -8.72e-13      0.00 7.810e-01 2.181e-01 1.595e-04 4.369e-05 3.973e-04 -1.000 9.000e-04 1.503 1.983 1.519 1.756 1.959 2.067 2.108
0.001 -1.19029 9.30103 1.3979643583 2.5297682285    1.398  1.325  3.9647  4.069    1  0.000  0.535     0.00     0.00     0.00     0.00     0.00 -1 -8.96e-13      0.00 7.810e-01 2.181e-01 1.595e-04 4.369e-05 3.974e-04 -1.000 9.000e-04 1.458 1.941 1.493 1.742 1.952 2.063 2.106
0.001 -1.19029 9.30103 1.3980544806 2.5297770500    1.398  1.337  3.9692  4.075    1  0.000  0.535     0.00     0.00     0.00     0.00     0.00 -1 -9.15e-13      0.00 7.810e-01 2.181e-01 1.595e-04 4.370e-05 3.974e-04 -1.000 9.000e-04 1.427 1.912 1.475 1.731 1.945 2.058 2.102
0.001 -1.19029 9.30103 1.3980871439 2.5297801495    1.398  1.331  3.9657  4.067    1  0.000  0.535     0.00     0.00     0.00     0.00     0.00 -1 -9.12e-13      0.00 7.810e-01 2.181e-01 1.595e-04 4.370e-05 3.974e-04 -1.000 9.000e-04 1.441 1.924 1.480 1.730 1.941 2.052 2.096
0.001 -1.19029 9.30103 1.3981688023 2.5297880173    1.398  1.319  3.9568  4.043    2  0.000  0.535     0.00     0.00     0.00     0.00     0.00 -1 -9.13e-13      0.00 7.810e-01 2.181e-01 1.595e-04 4.370e-05 3.974e-04 -1.000 9.000e-04 1.471 1.950 1.486 1.722 1.925 2.032 2.074
0.001 -1.19029 9.30103 1.3982574940 2.5297966003    1.398  1.330  3.9461  3.990    2  0.000  0.535     0.00     0.00     0.00     0.00     0.00 -1 -9.86e-13      0.00 7.810e-01 2.181e-01 1.595e-04 4.370e-05 3.974e-04 -1.000 9.000e-04 1.446 1.917 1.437 1.654 1.847 1.949 1.988
0.001 -1.19029 9.30103 1.3983913660 2.5298097134    1.398  1.349  3.9352  3.928    2  0.000  0.535     0.00     0.00     0.00     0.00     0.00 -1 -1.11e-12      0.00 7.810e-01 2.181e-01 1.596e-04 4.370e-05 3.974e-04 -1.000 9.000e-04 1.399 1.864 1.370 1.567 1.748 1.843 1.880
0.001 -1.19029 9.30103 1.3985859156 2.5298285484    1.398  1.362  3.9244  3.871    2  0.000  0.535     0.00     0.00     0.00     0.00     0.00 -1 -1.22e-12      0.00 7.810e-01 2.181e-01 1.596e-04 4.370e-05 3.974e-04 -1.000 9.000e-04 1.365 1.831 1.327 1.497 1.664 1.754 1.790
0.001 -1.19029 9.30103 1.3988664150 2.5298557281    1.398  1.371  3.9135  3.819    2  0.000  0.535     0.00     0.00     0.00     0.00     0.00 -1 -1.32e-12      0.00 7.810e-01 2.181e-01 1.596e-04 4.370e-05 3.974e-04 -1.000 9.000e-04 1.343 1.815 1.302 1.442 1.595 1.680 1.714
0.001 -1.19029 9.30103 1.3992507458 2.5298926830    1.399  1.378  3.9022  3.767    2  0.000  0.535     0.00     0.00     0.00     0.00     0.00 -1 -1.42e-12      0.00 7.809e-01 2.182e-01 1.596e-04 4.370e-05 3.974e-04 -1.000 9.000e-04 1.326 1.809 1.291 1.396 1.532 1.612 1.645
0.001 -1.19029 9.30103 1.3997197151 2.5299379826    1.399  1.383  3.8905  3.714    2  0.000  0.535     0.00     0.00     0.00     0.00     0.00 -1 -1.53e-12      0.00 7.809e-01 2.182e-01 1.596e-04 4.371e-05 3.975e-04 -1.000 9.000e-04 1.312 1.813 1.290 1.357 1.474 1.549 1.579
0.001 -1.19029 9.30103 1.3999999762 2.5299651623    1.400  1.386  3.8837  3.685    2  0.000  0.535     0.00     0.00     0.00     0.00     0.00 -1 -1.59e-12      0.00 7.809e-01 2.182e-01 1.596e-04 4.371e-05 3.975e-04 -1.000 9.000e-04 1.305 1.818 1.294 1.339 1.445 1.516 1.545
0.001 -1.19029 9.30103 1.4001150131 2.5299763680    1.400  1.387  3.8809  3.673    2  0.000  0.535     0.00     0.00     0.00     0.00     0.00 -1 -1.62e-12      0.00 7.809e-01 2.182e-01 1.596e-04 4.371e-05 3.975e-04 -1.000 9.002e-04 1.302 1.821 1.295 1.332 1.433 1.502 1.532
0.001 -1.19029 9.30103 1.4005961418 2.5300226212    1.400  1.391  3.8687  3.620    2  0.000  0.535     0.00     0.00     0.00     0.00     0.00 -1 -1.73e-12      0.00 7.809e-01 2.182e-01 1.596e-04 4.371e-05 3.975e-04 -1.000 9.013e-04 1.293 1.838 1.308 1.305 1.384 1.447 1.475
0.001 -1.19029 9.30103 1.4010329247 2.5300648212    1.401  1.394  3.8562  3.568    2  0.000  0.535     0.00     0.00     0.00     0.00     0.00 -1 -1.84e-12      0.00 7.808e-01 2.183e-01 1.596e-04 4.372e-05 3.976e-04 -1.000 9.021e-04 1.286 1.862 1.327 1.283 1.341 1.396 1.422
0.001 -1.19029 9.30103 1.4014164209 2.5301017761    1.401  1.395  3.8436  3.516    2  0.000  0.535     0.00     0.00     0.00     0.00     0.00 -1 -1.96e-12      0.00 7.808e-01 2.183e-01 1.596e-04 4.372e-05 3.976e-04 -1.000 9.029e-04 1.282 1.894 1.352 1.267 1.303 1.350 1.372
0.001 -1.19029 9.30103 1.4017509222 2.5301339626    1.401  1.396  3.8313  3.466    2  0.000  0.535     0.00     0.00     0.00     0.00     0.00 -1 -2.08e-12      0.00 7.808e-01 2.183e-01 1.596e-04 4.372e-05 3.976e-04 -1.000 9.036e-04 1.281 1.931 1.380 1.255 1.269 1.307 1.327
0.001 -1.19029 9.30103 1.4020466805 2.5301623344    1.402  1.395  3.8200  3.422    2  0.000  0.535     0.00     0.00     0.00     0.00     0.00 -1 -2.18e-12      0.00 7.808e-01 2.183e-01 1.597e-04 4.373e-05 3.976e-04 -1.000 9.042e-04 1.283 1.975 1.410 1.248 1.243 1.272 1.289
0.001 -1.19029 9.30103 1.4023288488 2.5301895142    1.402  1.393  3.8100  3.383    2  0.000  0.535     0.00     0.00     0.00     0.00     0.00 -1 -2.27e-12      0.00 7.808e-01 2.183e-01 1.597e-04 4.373e-05 3.977e-04 -1.000 9.048e-04 1.287 2.020 1.441 1.246 1.224 1.244 1.258
0.001 -1.19029 9.30103 1.4026255608 2.5302181244    1.402  1.390  3.8005  3.349    2  0.000  0.535     0.00     0.00     0.00     0.00     0.00 -1 -2.34e-12      0.00 7.808e-01 2.183e-01 1.597e-04 4.373e-05 3.977e-04 -1.000 9.053e-04 1.295 2.072 1.477 1.249 1.211 1.223 1.234
0.001 -1.19029 9.30103 1.4029766321 2.5302517414    1.402  1.383  3.7903  3.315    2  0.000  0.535     0.00     0.00     0.00     0.00     0.00 -1  -2.4e-12      0.00 7.807e-01 2.184e-01 1.597e-04 4.373e-05 3.977e-04 -1.000 9.061e-04 1.312 2.142 1.524 1.261 1.207 1.209 1.217
0.001 -1.19029 9.30103 1.4033764601 2.5302901268    1.403  1.371  3.7799  3.286    2  0.000  0.535     0.00     0.00     0.00     0.00     0.00 -1 -2.41e-12      0.00 7.795e-01 2.196e-01 1.604e-04 4.392e-05 3.993e-04 -1.000 9.062e-04 1.342 2.231 1.587 1.286 1.216 1.208 1.212
0.001 -1.19029 9.30103 1.4038275480 2.5303335190    1.403  1.350  3.7694  3.265    2  0.000  0.536     0.00     0.00     0.00     0.00     0.00 -1 -2.35e-12      0.00 7.730e-01 2.260e-01 1.638e-04 4.485e-05 4.076e-04 -1.000 9.151e-04 1.396 2.356 1.676 1.337 1.249 1.231 1.231
0.001 -1.19029 9.30103 1.4042853117 2.5303773880    1.404  1.323  3.7601  3.254    2  0.000  0.537     0.00     0.00     0.00     0.00     0.00 -1 -2.24e-12      0.00 7.608e-01 2.382e-01 1.707e-04 4.668e-05 4.239e-04 -1.000 9.842e-04 1.462 2.489 1.774 1.402 1.298 1.272 1.268
0.001 -1.19029 9.30103 1.4047421217 2.5304212570    1.404  1.306  3.7521  3.240    2  0.000  0.537     0.00     0.00     0.00     0.00     0.00 -1 -2.18e-12      0.00 7.562e-01 2.429e-01 1.733e-04 4.737e-05 4.300e-04 -1.000 9.096e-04 1.505 2.597 1.846 1.444 1.328 1.293 1.286
0.001 -1.19029 9.30103 1.4048659801 2.5304331779    1.404  1.306  3.7502  3.233    3  0.000  0.537     0.00     0.00     0.00     0.00     0.00 -1 -2.19e-12      0.00 7.555e-01 2.436e-01 1.737e-04 4.747e-05 4.309e-04 -1.000 9.098e-04 1.505 2.612 1.853 1.445 1.325 1.289 1.281
0.001 -1.19029 9.30103 1.4056078196 2.5305039883    1.405  1.331  3.7425  3.177    3  0.000  0.537     0.00     0.00     0.00     0.00     0.00 -1 -2.45e-12      0.00 7.523e-01 2.467e-01 1.748e-04 4.790e-05 4.339e-04 -1.000 9.999e-04 1.443 2.615 1.820 1.385 1.252 1.207 1.196
0.001 -1.19029 9.30103 1.4063469172 2.5305747986    1.406  1.377  3.7377  3.112    3  0.000  0.524     0.00     0.00     0.00     0.00     0.00 -1 -2.92e-12      0.00 7.491e-01 2.499e-01 1.709e-04 5.057e-05 4.353e-04 -1.000 1.000e-03 1.327 2.540 1.722 1.271 1.131 1.080 1.066
0.001 -1.19029 9.30103 1.4069609642 2.5306334496    1.406  1.420  3.7349  3.058    3  0.000  0.473     0.00     0.00     0.00     0.00     0.00 -1 -3.42e-12      0.00 7.459e-01 2.531e-01 1.548e-04 6.842e-05 4.361e-04 -1.000 1.000e-03 1.220 2.460 1.626 1.165 1.021 0.967 0.952
0.001 -1.19029 9.30103 1.4075732231 2.5306918621    1.407  1.463  3.7326  3.006    3  0.000  0.430     0.00     0.00     0.00     0.00     0.00 -1    -4e-12      0.00 7.424e-01 2.566e-01 1.407e-04 8.610e-05 4.366e-04 -1.000 1.000e-03 1.113 2.372 1.527 1.059 0.912 0.855 0.839
0.001 -1.19029 9.30103 1.4081772566 2.5307493210    1.408  1.505  3.7306  2.956    3  0.000  0.403     0.00     0.00     0.00     0.00     0.00 -1 -4.66e-12      0.00 7.392e-01 2.598e-01 1.321e-04 9.695e-05 4.370e-04 -1.000 1.000e-03 1.008 2.287 1.431 0.956 0.805 0.746 0.728
0.001 -1.19029 9.30103 1.4088382721 2.5308122635    1.408  1.550  3.7286  2.903    3  0.000  0.385     0.00     0.00     0.00     0.00     0.00 -1 -5.48e-12      0.00 7.359e-01 2.631e-01 1.261e-04 1.045e-04 4.372e-04 -1.000 1.000e-03 0.895 2.193 1.326 0.844 0.690 0.628 0.609
0.001 -1.19029 9.30103 1.4095827341 2.5308830738    1.409  1.599  3.7265  2.846    3  0.000  0.372     0.00     0.00     0.00     0.00     0.00 -1 -6.52e-12      0.00 7.331e-01 2.659e-01 1.220e-04 1.097e-04 4.374e-04 -1.000 1.000e-03 0.772 2.091 1.211 0.722 0.565 0.500 0.481
0.001 -1.19029 9.30103 1.4102859497 2.5309498310    1.410  1.644  3.7244  2.792    3  0.000  0.365     0.00     0.00     0.00     0.00     0.00 -1 -7.68e-12      0.00 7.312e-01 2.678e-01 1.197e-04 1.126e-04 4.376e-04 -1.000 1.000e-03 0.659 1.999 1.107 0.610 0.450 0.383 0.362
0.001 -1.19029 9.30103 1.4110851288 2.5310256481    1.410  1.696  3.7222  2.732    3  0.000  0.360     0.00     0.00     0.00     0.00     0.00 -1 -9.23e-12      0.00 7.297e-01 2.693e-01 1.182e-04 1.146e-04 4.378e-04 -1.000 1.000e-03 0.531 1.893 0.988 0.484 0.320 0.250 0.228
0.001 -1.19029 9.30103 1.4117213488 2.5310859680    1.411  1.737  3.7202  2.683    3  0.000  0.357     0.00     0.00     0.00     0.00     0.00 -1 -1.07e-11      0.00 7.288e-01 2.701e-01 1.174e-04 1.158e-04 4.379e-04 -1.000 1.076e-03 0.427 1.809 0.892 0.381 0.214 0.142 0.119
0.001 -1.19029 9.30103 1.4123555422 2.5311460495    1.412  1.779  3.7183  2.634    3  0.000  0.356     0.00     0.00     0.00     0.00     0.00 -1 -1.25e-11      0.00 7.282e-01 2.708e-01 1.168e-04 1.166e-04 4.379e-04 -1.000 1.000e-03 0.323 1.726 0.798 0.280 0.109 0.035 0.011
0.001 -1.19029 9.30103 1.4129482508 2.5312020779    1.412  1.819  3.7165  2.587    3  0.000  0.355     0.00     0.00     0.00     0.00     0.00 -1 -1.44e-11      0.00 7.278e-01 2.712e-01 1.165e-04 1.171e-04 4.380e-04 -1.000 9.999e-04 0.222 1.645 0.705 0.181 0.007 -0.069 -0.094
0.001 -1.19029 9.30103 1.4134998322 2.5312542915    1.413  1.859  3.7145  2.539    3  0.000  0.354     0.00     0.00     0.00     0.00     0.00 -1 -1.66e-11      0.00 7.276e-01 2.714e-01 1.162e-04 1.174e-04 4.380e-04 -1.000 1.000e-03 0.123 1.567 0.616 0.084 -0.093 -0.172 -0.198
0.001 -1.19029 9.30103 1.4140402079 2.5313053131    1.413  1.899  3.7125  2.492    3  0.000  0.353     0.00     0.00     0.00     0.00     0.00 -1 -1.92e-11      0.00 7.275e-01 2.715e-01 1.161e-04 1.175e-04 4.381e-04 -1.000 1.000e-03 0.023 1.489 0.526 -0.013 -0.194 -0.275 -0.302
0.001 -1.19029 9.30103 1.4146078825 2.5313587189    1.414  1.939  3.7105  2.443    3  0.000  0.353     0.00     0.00     0.00     0.00     0.00 -1 -2.23e-11      0.00 7.274e-01 2.716e-01 1.161e-04 1.176e-04 4.381e-04 -1.000 1.070e-03 -0.078 1.413 0.433 -0.114 -0.298 -0.382 -0.410
0.001 -1.19029 9.30103 1.4153165817 2.5314254761    1.414  1.991  3.7079  2.381    3  0.000  0.353     0.00     0.00     0.00     0.00     0.00 -1 -2.68e-11      0.00 7.274e-01 2.716e-01 1.161e-04 1.177e-04 4.381e-04 -1.000 1.069e-03 -0.208 1.318 0.317 -0.241 -0.429 -0.516 -0.546
0.001 -1.19029 9.30103 1.4158488512 2.5314755440    1.415  2.032  3.7057  2.331    3  0.000  0.353     0.00     0.00     0.00     0.00     0.00 -1 -3.13e-11      0.00 7.274e-01 2.716e-01 1.160e-04 1.177e-04 4.381e-04 -1.000 1.068e-03 -0.311 1.243 0.225 -0.342 -0.534 -0.624 -0.654
0.001 -1.19029 9.30103 1.4163275957 2.5315206051    1.415  2.072  3.7036  2.283    3  0.000  0.353     0.00     0.00     0.00     0.00     0.00 -1 -3.61e-11      0.00 7.274e-01 2.716e-01 1.160e-04 1.178e-04 4.381e-04 -1.000 1.067e-03 -0.409 1.174 0.138 -0.438 -0.634 -0.726 -0.758
0.001 -1.19029 9.30103 1.4167714119 2.5315623283    1.416  2.110  3.7016  2.238    3  0.000  0.353     0.00     0.00     0.00     0.00     0.00 -1 -4.15e-11      0.00 7.274e-01 2.716e-01 1.160e-04 1.178e-04 4.381e-04 -1.000 1.066e-03 -0.504 1.105 0.054 -0.531 -0.731 -0.825 -0.858
0.001 -1.19029 9.30103 1.4172507524 2.5316073895    1.416  2.146  3.6995  2.193    3  0.000  0.353     0.00     0.00     0.00     0.00     0.00 -1 -4.75e-11      0.00 7.274e-01 2.716e-01 1.160e-04 1.178e-04 4.381e-04 -1.000 1.065e-03 -0.596 1.042 -0.027 -0.621 -0.824 -0.921 -0.955
0.001 -1.19029 9.30103 1.4178340435 2.5316619873    1.417  2.185  3.6974  2.145    3  0.000  0.353     0.00     0.00     0.00     0.00     0.00 -1 -5.48e-11      0.00 7.274e-01 2.716e-01 1.159e-04 1.179e-04 4.381e-04 -1.000 1.064e-03 -0.694 0.974 -0.112 -0.716 -0.922 -1.022 -1.057
0.001 -1.19029 9.30103 1.4180457592 2.5316820145    1.417  2.193  3.6970  2.136    3  0.000  0.353     0.00     0.00     0.00     0.00     0.00 -1 -5.67e-11      0.00 7.274e-01 2.716e-01 1.159e-04 1.179e-04 4.381e-04 -1.000 1.064e-03 -0.713 0.961 -0.129 -0.734 -0.942 -1.042 -1.077
0.001 -1.19029 9.30103 1.4184379578 2.5317187309    1.417  2.153  3.6995  2.187    3  0.000  0.353     0.00     0.00     0.00     0.00     0.00 -1 -4.92e-11      0.00 7.274e-01 2.716e-01 1.159e-04 1.179e-04 4.381e-04 -1.000 1.063e-03 -0.612 1.026 -0.043 -0.637 -0.840 -0.937 -0.971
0.001 -1.19029 9.30103 1.4186264277 2.5317363739    1.417  2.119  3.7016  2.229    3  0.000  0.353     0.00     0.00     0.00     0.00     0.00 -1 -4.35e-11      0.00 7.274e-01 2.716e-01 1.159e-04 1.179e-04 4.381e-04 -1.000 1.062e-03 -0.528 1.081 0.029 -0.556 -0.755 -0.849 -0.882
0.001 -1.19029 9.30103 1.4187649488 2.5317492485    1.417  2.092  3.7032  2.262    3  0.000  0.353     0.00     0.00     0.00     0.00     0.00 -1 -3.91e-11      0.00 7.274e-01 2.716e-01 1.159e-04 1.179e-04 4.381e-04 -1.000 1.062e-03 -0.460 1.128 0.089 -0.489 -0.686 -0.778 -0.810
0.001 -1.19029 9.30103 1.4189673662 2.5317683220    1.417  2.116  3.7020  2.233    3  0.000  0.353     0.00     0.00     0.00     0.00     0.00 -1 -4.23e-11      0.00 7.274e-01 2.716e-01 1.159e-04 1.179e-04 4.381e-04 -1.000 1.062e-03 -0.520 1.085 0.035 -0.548 -0.747 -0.841 -0.873
0.001 -1.19029 9.30103 1.4193270206 2.5318019390    1.418  2.155  3.6997  2.185    3  0.000  0.353     0.00     0.00     0.00     0.00     0.00 -1 -4.85e-11      0.00 7.274e-01 2.716e-01 1.159e-04 1.180e-04 4.381e-04 -1.000 1.061e-03 -0.618 1.017 -0.050 -0.644 -0.846 -0.943 -0.977
0.001 -1.19029 9.30103 1.4196799994 2.5318348408    1.418  2.194  3.6975  2.138    3  0.000  0.353     0.00     0.00     0.00     0.00     0.00 -1 -5.59e-11      0.00 7.274e-01 2.716e-01 1.158e-04 1.180e-04 4.381e-04 -1.000 1.060e-03 -0.716 0.952 -0.135 -0.738 -0.944 -1.044 -1.079
0.001 -1.19029 9.30103 1.4200201035 2.5318667889    1.418  2.233  3.6953  2.090    3  0.000  0.353     0.00     0.00     0.00     0.00     0.00 -1 -6.45e-11      0.00 7.274e-01 2.716e-01 1.158e-04 1.180e-04 4.381e-04 -1.000 1.060e-03 -0.812 0.887 -0.218 -0.831 -1.041 -1.144 -1.180
0.001 -1.19029 9.30103 1.4203404188 2.5318965912    1.418  2.271  3.6931  2.044    3  0.000  0.353     0.00     0.00     0.00     0.00     0.00 -1 -7.41e-11      0.00 7.274e-01 2.716e-01 1.158e-04 1.180e-04 4.381e-04 -1.000 1.059e-03 -0.906 0.825 -0.300 -0.922 -1.136 -1.241 -1.279
0.001 -1.19029 9.30103 1.4206475019 2.5319254398    1.419  2.309  3.6909  1.997    3  0.000  0.352     0.00     0.00     0.00     0.00     0.00 -1 -8.54e-11      0.00 7.274e-01 2.716e-01 1.158e-04 1.180e-04 4.381e-04 -1.000 1.058e-03 -1.001 0.762 -0.381 -1.014 -1.232 -1.340 -1.379
0.001 -1.19029 9.30103 1.4209339619 2.5319521427    1.419  2.346  3.6886  1.950    3  0.000  0.352     0.00     0.00     0.00     0.00     0.00 -1 -9.82e-11      0.00 7.274e-01 2.716e-01 1.158e-04 1.181e-04 4.381e-04 -1.000 1.058e-03 -1.095 0.708 -0.460 -1.103 -1.326 -1.437 -1.477
0.001 -1.19029 9.30103 1.4211996794 2.5319769382    1.419  2.382  3.6864  1.905    3  0.000  0.352     0.00     0.00     0.00     0.00     0.00 -1 -1.12e-10      0.00 7.274e-01 2.716e-01 1.158e-04 1.181e-04 4.381e-04 -1.000 1.057e-03 -1.186 0.656 -0.536 -1.190 -1.417 -1.531 -1.573
0.001 -1.19029 9.30103 1.4214568138 2.5320007801    1.419  2.420  3.6841  1.858    3  0.000  0.352     0.00     0.00     0.00     0.00     0.00 -1 -1.29e-10      0.00 7.274e-01 2.716e-01 1.158e-04 1.181e-04 4.381e-04 -1.000 1.057e-03 -1.280 0.611 -0.613 -1.281 -1.511 -1.629 -1.672
0.001 -1.19029 9.30103 1.4216927290 2.5320227146    1.419  2.456  3.6818  1.813    3  0.000  0.352     0.00     0.00     0.00     0.00     0.00 -1 -1.48e-10      0.00 7.274e-01 2.716e-01 1.157e-04 1.181e-04 4.381e-04 -1.000 1.056e-03 -1.370 0.572 -0.687 -1.370 -1.604 -1.724 -1.769
0.001 -1.19029 9.30103 1.4219206572 2.5320439339    1.419  2.493  3.6794  1.767    3  0.000  0.352     0.00     0.00     0.00     0.00     0.00 -1  -1.7e-10      0.00 7.274e-01 2.716e-01 1.157e-04 1.181e-04 4.381e-04 -1.000 1.056e-03 -1.462 0.535 -0.760 -1.460 -1.698 -1.820 -1.867
0.001 -1.19029 9.30103 1.4221271276 2.5320632458    1.419  2.528  3.6771  1.722    3  0.000  0.352     5.29     4.14     3.02     2.27     1.84  4 -1.94e-10      0.00 7.274e-01 2.716e-01 1.157e-04 1.181e-04 4.381e-04 -1.000 1.055e-03 -1.551 0.502 -0.830 -1.546 -1.787 -1.913 -1.961
0.001 -1.19029 9.30103 1.4223233461 2.5320816040    1.419  2.564  3.6747  1.677    3  0.000  0.352     5.80     4.49     3.26     2.46     2.00  4 -2.21e-10      0.00 7.274e-01 2.716e-01 1.157e-04 1.181e-04 4.381e-04 -1.000 1.055e-03 -1.640 0.472 -0.899 -1.632 -1.878 -2.006 -2.056
0.001 -1.19029 9.30103 1.4225064516 2.5320985317    1.419  2.599  3.6724  1.633    3  0.000  0.352     6.35     4.87     3.52     2.66     2.16  4 -2.53e-10      0.00 7.274e-01 2.716e-01 1.157e-04 1.182e-04 4.381e-04 -1.000 1.055e-03 -1.728 0.443 -0.967 -1.717 -1.967 -2.098 -2.149
0.001 -1.19029 9.30103 1.4226773977 2.5321145058    1.419  2.633  3.6701  1.589    3  0.000  0.352     6.93     5.27     3.80     2.87     2.33  4 -2.88e-10      0.00 7.274e-01 2.716e-01 1.157e-04 1.182e-04 4.381e-04 -1.000 1.054e-03 -1.814 0.418 -1.032 -1.801 -2.054 -2.188 -2.240
0.001 -1.19029 9.30103 1.4228376150 2.5321295261    1.419  2.668  3.6678  1.546    3  0.000  0.352     7.57     5.69     4.09     3.10     2.52  4 -3.27e-10      0.00 7.274e-01 2.716e-01 1.157e-04 1.182e-04 4.381e-04 -1.000 1.054e-03 -1.899 0.397 -1.095 -1.882 -2.139 -2.276 -2.330
0.001 -1.19029 9.30103 1.4229875803 2.5321433544    1.419  2.702  3.6654  1.502    3  0.000  0.352     8.28     6.16     4.41     3.34     2.72  4 -3.72e-10      0.00 7.274e-01 2.716e-01 1.157e-04 1.182e-04 4.381e-04 -1.000 1.054e-03 -1.984 0.381 -1.156 -1.962 -2.224 -2.364 -2.420
0.001 -1.19029 9.30103 1.4231297970 2.5321564674    1.419  2.735  3.6630  1.459    3  0.000  0.352     9.04     6.66     4.75     3.61     2.93  4 -4.23e-10      0.00 7.274e-01 2.716e-01 1.157e-04 1.182e-04 4.381e-04 -1.000 1.053e-03 -2.068 0.372 -1.214 -2.042 -2.308 -2.451 -2.510
0.001 -1.19029 9.30103 1.4232912064 2.5321714878    1.419  2.776  3.6602  1.407    3  0.000  0.352    10.05     7.32     5.20     3.95     3.21  4 -4.93e-10      0.00 7.274e-01 2.716e-01 1.157e-04 1.182e-04 4.381e-04 -1.000 1.053e-03 -2.170 0.364 -1.283 -2.138 -2.410 -2.557 -2.617
0.001 -1.19029 9.30103 1.4234406948 2.5321855545    1.419  2.816  3.6573  1.355    3  0.000  0.352    11.16     8.03     5.68     4.32     3.52  4 -5.74e-10      0.00 7.274e-01 2.716e-01 1.157e-04 1.182e-04 4.381e-04 -1.000 1.053e-03 -2.270 0.359 -1.349 -2.230 -2.508 -2.659 -2.722
0.001 -1.19029 9.30103 1.4235545397 2.5321960449    1.419  2.848  3.6549  1.313    3  0.000  0.352    12.16     8.67     6.11     4.65     3.78  4  -6.5e-10      0.00 7.274e-01 2.716e-01 1.157e-04 1.182e-04 4.381e-04 -1.000 1.052e-03 -2.351 0.347 -1.402 -2.301 -2.585 -2.740 -2.805
0.001 -1.19029 9.30103 1.4236837626 2.5322079659    1.418  2.887  3.6521  1.263    3  0.000  0.352    13.47     9.49     6.66     5.08     4.13  4 -7.54e-10      0.00 7.274e-01 2.716e-01 1.157e-04 1.182e-04 4.381e-04 -1.000 1.052e-03 -2.448 0.332 -1.466 -2.387 -2.678 -2.838 -2.905
0.001 -1.19029 9.30103 1.4238046408 2.5322191715    1.418  2.926  3.6492  1.213    3  0.000  0.352    14.92    10.39     7.27     5.55     4.52  3 -8.74e-10      0.00 7.274e-01 2.716e-01 1.156e-04 1.182e-04 4.381e-04 -1.000 1.052e-03 -2.544 0.318 -1.529 -2.472 -2.770 -2.935 -3.005
0.001 -1.19029 9.30103 1.4238966703 2.5322277546    1.418  2.957  3.6469  1.172    3  0.000  0.352    16.20    11.18     7.79     5.96     4.85  3 -9.84e-10      0.00 7.274e-01 2.716e-01 1.156e-04 1.182e-04 4.381e-04 -1.000 1.052e-03 -2.622 0.309 -1.578 -2.539 -2.843 -3.012 -3.083
0.001 -1.19029 9.30103 1.4239996672 2.5322372913    1.417  2.993  3.6441  1.125    3  0.000  0.352    17.85    12.19     8.46     6.47     5.27  3 -1.13e-09      0.00 7.274e-01 2.716e-01 1.156e-04 1.182e-04 4.381e-04 -1.000 1.052e-03 -2.713 0.300 -1.634 -2.617 -2.929 -3.103 -3.176
0.001 -1.19029 9.30103 1.4240968227 2.5322463512    1.417  3.029  3.6413  1.077    3  0.000  0.352    19.66    13.27     9.18     7.04     5.73  3  -1.3e-09      0.00 7.274e-01 2.716e-01 1.156e-04 1.183e-04 4.381e-04 -1.000 1.051e-03 -2.803 0.291 -1.691 -2.695 -3.014 -3.193 -3.268
0.001 -1.19029 9.30103 1.4241880178 2.5322549343    1.416  3.065  3.6386  1.031    3  0.000  0.352    21.63    14.45     9.95     7.64     6.22  3  -1.5e-09      0.00 7.274e-01 2.716e-01 1.156e-04 1.183e-04 4.381e-04 -1.000 1.051e-03 -2.893 0.283 -1.745 -2.771 -3.098 -3.281 -3.359
0.001 -1.19029 9.30103 1.4242730141 2.5322628021    1.416  3.101  3.6358  0.984    3  0.000  0.352    23.78    15.72    10.78     8.29     6.75  3 -1.71e-09      0.00 7.274e-01 2.716e-01 1.156e-04 1.183e-04 4.381e-04 -1.000 1.051e-03 -2.981 0.281 -1.795 -2.845 -3.180 -3.368 -3.449
0.001 -1.19029 9.30103 1.4243506193 2.5322699547    1.415  3.134  3.6332  0.939    3  0.000  0.352    26.05    17.04    11.65     8.96     7.30  3 -1.96e-09      0.00 7.274e-01 2.716e-01 1.156e-04 1.183e-04 4.381e-04 -1.000 1.051e-03 -3.066 0.286 -1.840 -2.914 -3.258 -3.452 -3.534
0.001 -1.19029 9.30103 1.4244242907 2.5322768688    1.415  3.168  3.6305  0.895    3  0.000  0.352    28.50    18.46    12.57     9.69     7.89  3 -2.23e-09      0.00 7.274e-01 2.716e-01 1.156e-04 1.183e-04 4.381e-04 -1.000 1.051e-03 -3.150 0.290 -1.883 -2.983 -3.335 -3.534 -3.619
0.001 -1.19029 9.30103 1.4244939089 2.5322833061    1.414  3.201  3.6279  0.851    3  0.000  0.352    31.13    19.96    13.55    10.45     8.52  2 -2.53e-09      0.00 7.274e-01 2.716e-01 1.156e-04 1.183e-04 4.381e-04 -1.000 1.051e-03 -3.232 0.294 -1.924 -3.048 -3.409 -3.614 -3.701
0.001 -1.19029 9.30103 1.4245598316 2.5322892666    1.413  3.231  3.6255  0.811    3  0.000  0.352    33.81    21.48    14.53    11.22     9.15  2 -2.86e-09      0.00 7.274e-01 2.716e-01 1.156e-04 1.183e-04 4.381e-04 -1.000 1.050e-03 -3.309 0.298 -1.962 -3.110 -3.479 -3.689 -3.778
0.001 -1.19029 9.30103 1.4245895147 2.5322921276    1.413  3.245  3.6244  0.793    3  0.000  0.352    35.08    22.19    14.99    11.58     9.44  2 -3.02e-09      0.00 7.274e-01 2.716e-01 1.156e-04 1.183e-04 4.381e-04 -1.000 1.050e-03 -3.343 0.299 -1.979 -3.137 -3.510 -3.722 -3.812
0.001 -1.19029 9.30103 1.4245895147 2.5322921276    1.413  1.920  3.7344  2.558    4  0.000  0.355     0.00     0.00     0.00     0.00     0.00 -1    -1e-30      0.00 7.263e-01 2.726e-01 1.170e-04 1.173e-04 4.398e-04 -1.000 1.074e-03 -0.030 1.204 0.371 -0.084 -0.228 -0.284 -0.300
0.001 -1.19029 9.30103 1.4251966476 2.5323483944    1.414  1.927  3.7328  2.544    4  0.000  0.355     0.00     0.00     0.00     0.00     0.00 -1    -1e-30      0.00 7.263e-01 2.726e-01 1.170e-04 1.174e-04 4.398e-04 -1.000 1.072e-03 -0.049 1.201 0.359 -0.102 -0.248 -0.306 -0.323
0.001 -1.19029 9.30103 1.4257661104 2.5324010849    1.414  1.932  3.7322  2.537    4  0.000  0.355     0.00     0.00     0.00     0.00     0.00 -1    -1e-30      0.00 7.263e-01 2.726e-01 1.170e-04 1.174e-04 4.398e-04 -1.000 1.071e-03 -0.060 1.196 0.351 -0.113 -0.260 -0.319 -0.336
0.001 -1.19029 9.30103 1.4263334274 2.5324537754    1.415  1.936  3.7320  2.532    4  0.000  0.355     0.00     0.00     0.00     0.00     0.00 -1    -1e-30      0.00 7.263e-01 2.726e-01 1.169e-04 1.174e-04 4.398e-04 -1.000 1.070e-03 -0.071 1.186 0.340 -0.123 -0.271 -0.330 -0.347
0.001 -1.19029 9.30103 1.4269157648 2.5325074196    1.415  1.940  3.7322  2.529    4  0.000  0.354     0.00     0.00     0.00     0.00     0.00 -1    -1e-30      0.00 7.263e-01 2.726e-01 1.169e-04 1.175e-04 4.398e-04 -1.000 1.069e-03 -0.081 1.174 0.329 -0.134 -0.281 -0.340 -0.357
0.001 -1.19029 9.30103 1.4275028706 2.5325617790    1.416  1.945  3.7325  2.527    4  0.000  0.354     0.00     0.00     0.00     0.00     0.00 -1    -1e-30      0.00 7.263e-01 2.726e-01 1.169e-04 1.175e-04 4.398e-04 -1.000 1.067e-03 -0.091 1.161 0.318 -0.144 -0.291 -0.349 -0.366
0.001 -1.19029 9.30103 1.4280956984 2.5326163769    1.417  1.949  3.7329  2.524    4  0.000  0.354     0.00     0.00     0.00     0.00     0.00 -1    -1e-30      0.00 7.263e-01 2.726e-01 1.168e-04 1.176e-04 4.398e-04 -1.000 1.066e-03 -0.102 1.147 0.306 -0.154 -0.301 -0.359 -0.376
0.001 -1.19029 9.30103 1.4286724329 2.5326695442    1.417  1.953  3.7332  2.522    4  0.000  0.354     0.00     0.00     0.00     0.00     0.00 -1    -1e-30      0.00 7.263e-01 2.726e-01 1.168e-04 1.176e-04 4.398e-04 -1.000 1.065e-03 -0.112 1.134 0.294 -0.165 -0.310 -0.368 -0.385
0.001 -1.19029 9.30103 1.4292309284 2.5327210426    1.418  1.957  3.7335  2.519    4  0.000  0.354     0.00     0.00     0.00     0.00     0.00 -1    -1e-30      0.00 7.263e-01 2.727e-01 1.168e-04 1.177e-04 4.398e-04 -1.000 1.064e-03 -0.121 1.121 0.283 -0.175 -0.320 -0.377 -0.394
0.001 -1.19029 9.30103 1.4298164845 2.5327749252    1.419  1.961  3.7339  2.517    4  0.000  0.354     0.00     0.00     0.00     0.00     0.00 -1    -1e-30      0.00 7.263e-01 2.727e-01 1.167e-04 1.177e-04 4.398e-04 -1.000 1.062e-03 -0.132 1.107 0.271 -0.185 -0.330 -0.387 -0.403
0.001 -1.19029 9.30103 1.4304378033 2.5328321457    1.419  1.965  3.7342  2.514    4  0.000  0.354     0.00     0.00     0.00     0.00     0.00 -1    -1e-30      0.00 7.263e-01 2.727e-01 1.167e-04 1.177e-04 4.398e-04 -1.000 1.061e-03 -0.143 1.093 0.259 -0.196 -0.340 -0.397 -0.413
0.001 -1.19029 9.30103 1.4310834408 2.5328912735    1.420  1.970  3.7345  2.511    4  0.000  0.354     0.00     0.00     0.00     0.00     0.00 -1    -1e-30      0.00 7.263e-01 2.727e-01 1.166e-04 1.178e-04 4.398e-04 -1.000 1.060e-03 -0.154 1.078 0.246 -0.208 -0.351 -0.408 -0.424
0.001 -1.19029 9.30103 1.4316864014 2.5329465866    1.421  1.974  3.7348  2.508    4  0.000  0.354     0.00     0.00     0.00     0.00     0.00 -1    -1e-30      0.00 7.263e-01 2.727e-01 1.166e-04 1.178e-04 4.398e-04 -1.000 1.058e-03 -0.165 1.065 0.234 -0.219 -0.362 -0.418 -0.434
0.001 -1.19029 9.30103 1.4322737455 2.5330004692    1.421  1.978  3.7351  2.505    4  0.000  0.353     0.00     0.00     0.00     0.00     0.00 -1    -1e-30      0.00 7.262e-01 2.727e-01 1.166e-04 1.179e-04 4.397e-04 -1.000 1.057e-03 -0.175 1.051 0.222 -0.229 -0.372 -0.427 -0.443
0.001 -1.19029 9.30103 1.4328742027 2.5330555439    1.422  1.982  3.7354  2.502    4  0.000  0.353     0.00     0.00     0.00     0.00     0.00 -1    -1e-30      0.00 7.262e-01 2.727e-01 1.165e-04 1.179e-04 4.397e-04 -1.000 1.056e-03 -0.186 1.038 0.211 -0.240 -0.382 -0.437 -0.453
0.001 -1.19029 9.30103 1.4334604740 2.5331091881    1.422  1.986  3.7357  2.499    4  0.000  0.353     0.00     0.00     0.00     0.00     0.00 -1    -1e-30      0.00 7.262e-01 2.727e-01 1.165e-04 1.180e-04 4.397e-04 -1.000 1.055e-03 -0.196 1.025 0.199 -0.250 -0.392 -0.447 -0.463
0.001 -1.19029 9.30103 1.4337720871 2.5331375599    1.423  1.988  3.7358  2.498    4  0.000  0.353     0.00     0.00     0.00     0.00     0.00 -1    -1e-30      0.00 7.262e-01 2.727e-01 1.165e-04 1.180e-04 4.397e-04 -1.000 1.054e-03 -0.201 1.019 0.193 -0.256 -0.397 -0.452 -0.468
0.001 -1.19029 9.30103 1.4338502884 2.5331447124    1.423  1.989  3.7358  2.497    4  0.000  0.353     0.00     0.00     0.00     0.00     0.00 -1    -1e-30      0.00 7.262e-01 2.727e-01 1.165e-04 1.180e-04 4.397e-04 -1.000 1.054e-03 -0.203 1.017 0.192 -0.257 -0.399 -0.453 -0.469
0.001 -1.19029 9.30103 1.4344418049 2.5331988335    1.424  1.993  3.7360  2.494    4  0.000  0.353     0.00     0.00     0.00     0.00     0.00 -1    -1e-30      0.00 7.262e-01 2.727e-01 1.164e-04 1.180e-04 4.397e-04 -1.000 1.053e-03 -0.213 1.005 0.181 -0.268 -0.409 -0.463 -0.479
0.001 -1.19029 9.30103 1.4350116253 2.5332508087    1.424  1.997  3.7362  2.492    4  0.000  0.353     0.00     0.00     0.00     0.00     0.00 -1    -1e-30      0.00 7.262e-01 2.727e-01 1.164e-04 1.181e-04 4.397e-04 -1.000 1.051e-03 -0.222 0.994 0.170 -0.277 -0.418 -0.472 -0.488
0.001 -1.19029 9.30103 1.4356305599 2.5333073139    1.425  2.001  3.7364  2.488    4  0.000  0.353     0.00     0.00     0.00     0.00     0.00 -1    -1e-30      0.00 7.262e-01 2.727e-01 1.164e-04 1.181e-04 4.397e-04 -1.000 1.050e-03 -0.233 0.981 0.159 -0.288 -0.428 -0.482 -0.498
0.001 -1.19029 9.30103 1.4362018108 2.5333592892    1.425  2.005  3.7366  2.485    4  0.000  0.353     0.00     0.00     0.00     0.00     0.00 -1    -1e-30      0.00 7.262e-01 2.728e-01 1.163e-04 1.182e-04 4.397e-04 -1.000 1.049e-03 -0.242 0.971 0.148 -0.297 -0.438 -0.491 -0.507
0.001 -1.19029 9.30103 1.4367935658 2.5334131718    1.426  2.009  3.7367  2.482    4  0.000  0.353     0.00     0.00     0.00     0.00     0.00 -1    -1e-30      0.00 7.262e-01 2.728e-01 1.163e-04 1.182e-04 4.397e-04 -1.000 1.047e-03 -0.252 0.960 0.138 -0.307 -0.447 -0.501 -0.516
0.001 -1.19029 9.30103 1.4373784065 2.5334663391    1.427  2.012  3.7368  2.479    4  0.000  0.353     0.00     0.00     0.00     0.00     0.00 -1    -1e-30      0.00 7.262e-01 2.728e-01 1.163e-04 1.183e-04 4.397e-04 -1.000 1.046e-03 -0.261 0.950 0.129 -0.317 -0.456 -0.510 -0.525
0.001 -1.19029 9.30103 1.4379643202 2.5335195065    1.427  2.016  3.7368  2.476    4  0.000  0.352     0.00     0.00     0.00     0.00     0.00 -1    -1e-30      0.00 7.262e-01 2.728e-01 1.162e-04 1.183e-04 4.397e-04 -1.000 1.045e-03 -0.270 0.941 0.119 -0.326 -0.466 -0.519 -0.534
0.001 -1.19029 9.30103 1.4382445812 2.5335450172    1.428  2.018  3.7368  2.474    4  0.000  0.352     0.00     0.00     0.00     0.00     0.00 -1    -1e-30      0.00 7.262e-01 2.728e-01 1.162e-04 1.183e-04 4.397e-04 -1.000 1.044e-03 -0.275 0.937 0.115 -0.330 -0.470 -0.523 -0.539
0.001 -1.19029 9.30103 1.4385699034 2.5335743427    1.428  2.020  3.7368  2.472    4  0.000  0.352     0.00     0.00     0.00     0.00     0.00 -1    -1e-30      0.00 7.262e-01 2.728e-01 1.162e-04 1.184e-04 4.397e-04 -1.000 1.044e-03 -0.280 0.932 0.110 -0.335 -0.475 -0.529 -0.544
0.001 -1.19029 9.30103 1.4392211437 2.5336334705    1.429  2.024  3.7366  2.468    4  0.000  0.352     0.00     0.00     0.00     0.00     0.00 -1    -1e-30      0.00 7.262e-01 2.728e-01 1.161e-04 1.184e-04 4.397e-04 -1.000 1.042e-03 -0.289 0.924 0.101 -0.345 -0.485 -0.539 -0.554
0.001 -1.19029 9.30103 1.4398713112 2.5336923599    1.429  2.028  3.7364  2.463    4  0.000  0.352     0.00     0.00     0.00     0.00     0.00 -1    -1e-30      0.00 7.261e-01 2.728e-01 1.161e-04 1.185e-04 4.396e-04 -1.000 1.041e-03 -0.299 0.916 0.092 -0.355 -0.495 -0.549 -0.565
0.001 -1.19029 9.30103 1.4405206442 2.5337510109    1.430  2.032  3.7359  2.458    4  0.000  0.352     0.00     0.00     0.00     0.00     0.00 -1    -1e-30      0.00 7.261e-01 2.728e-01 1.161e-04 1.185e-04 4.396e-04 -1.000 1.040e-03 -0.309 0.911 0.084 -0.365 -0.506 -0.560 -0.576
0.001 -1.19029 9.30103 1.4411429167 2.5338072777    1.431  2.035  3.7354  2.452    4  0.000  0.352     0.00     0.00     0.00     0.00     0.00 -1    -1e-30      0.00 7.261e-01 2.728e-01 1.160e-04 1.185e-04 4.396e-04 -1.000 1.038e-03 -0.318 0.907 0.077 -0.374 -0.516 -0.571 -0.587
0.001 -1.19029 9.30103 1.4417695999 2.5338637829    1.431  2.039  3.7347  2.445    4  0.000  0.352     0.00     0.00     0.00     0.00     0.00 -1    -1e-30      0.00 7.261e-01 2.728e-01 1.160e-04 1.186e-04 4.396e-04 -1.000 1.037e-03 -0.328 0.904 0.070 -0.383 -0.526 -0.582 -0.599
0.001 -1.19029 9.30103 1.4423965216 2.5339205265    1.432  2.043  3.7338  2.438    4  0.000  0.352     0.00     0.00     0.00     0.00     0.00 -1    -1e-30      0.00 7.261e-01 2.728e-01 1.159e-04 1.186e-04 4.396e-04 -1.000 1.036e-03 -0.338 0.903 0.063 -0.393 -0.538 -0.595 -0.611
0.001 -1.19029 9.30103 1.4430363178 2.5339779854    1.433  2.048  3.7328  2.429    4  0.000  0.352     0.00     0.00     0.00     0.00     0.00 -1    -1e-30      0.00 7.261e-01 2.729e-01 1.159e-04 1.187e-04 4.396e-04 -1.000 1.034e-03 -0.350 0.901 0.056 -0.404 -0.550 -0.609 -0.626
0.001 -1.19029 9.30103 1.4436820745 2.5340361595    1.433  2.052  3.7322  2.423    4  0.000  0.351     0.00     0.00     0.00     0.00     0.00 -1    -1e-30      0.00 7.261e-01 2.729e-01 1.159e-04 1.187e-04 4.396e-04 -1.000 1.033e-03 -0.360 0.897 0.048 -0.414 -0.562 -0.620 -0.638
0.001 -1.19029 9.30103 1.4443253279 2.5340940952    1.434  2.055  3.7326  2.422    4  0.000  0.351     0.00     0.00     0.00     0.00     0.00 -1    -1e-30      0.00 7.261e-01 2.729e-01 1.158e-04 1.188e-04 4.396e-04 -1.000 1.032e-03 -0.367 0.886 0.039 -0.422 -0.568 -0.626 -0.643
0.001 -1.19029 9.30103 1.4449892044 2.5341536999    1.435  2.064  3.7295  2.401    4  0.000  0.351     0.00     0.00     0.00     0.00     0.00 -1    -1e-30      0.00 7.261e-01 2.729e-01 1.158e-04 1.188e-04 4.396e-04 -1.000 1.030e-03 -0.390 0.894 0.030 -0.443 -0.595 -0.656 -0.675
0.001 -1.19029 9.30103 1.4456272125 2.5342109203    1.436  2.089  3.7236  2.352    4  0.000  0.351     0.00     0.00     0.00     0.00     0.00 -1    -1e-30      0.00 7.261e-01 2.729e-01 1.157e-04 1.189e-04 4.396e-04 -1.000 1.029e-03 -0.452 0.896 -0.006 -0.502 -0.664 -0.732 -0.753
0.001 -1.19029 9.30103 1.4458954334 2.5342350006    1.436  2.117  3.7190  2.306    4  0.000  0.351     0.00     0.00     0.00     0.00     0.00 -1    -1e-30      0.00 7.261e-01 2.729e-01 1.157e-04 1.189e-04 4.396e-04 -1.000 1.028e-03 -0.522 0.878 -0.055 -0.569 -0.738 -0.811 -0.835
0.001 -1.19029 9.30103 1.4459904432 2.5342435837    1.436  2.146  3.7152  2.262    4  0.000  0.351     0.00     0.00     0.00     0.00     0.00 -1    -1e-30      0.00 7.261e-01 2.729e-01 1.157e-04 1.189e-04 4.396e-04 -1.000 1.028e-03 -0.595 0.850 -0.109 -0.639 -0.814 -0.892 -0.918
0.001 -1.19029 9.30103 1.4460263252 2.5342466831    1.436  2.176  3.7121  2.220    4  0.000  0.351     0.00     0.00     0.00     0.00     0.00 -1    -1e-30      0.00 7.261e-01 2.729e-01 1.157e-04 1.189e-04 4.396e-04 -1.000 1.028e-03 -0.669 0.814 -0.168 -0.710 -0.891 -0.973 -1.000
0.001 -1.19029 9.30103 1.4460407495 2.5342478752    1.436  2.198  3.7099  2.188    4  0.000  0.351     0.00     0.00     0.00     0.00     0.00 -1    -1e-30      0.00 7.261e-01 2.729e-01 1.157e-04 1.189e-04 4.396e-04 -1.000 1.028e-03 -0.726 0.784 -0.214 -0.765 -0.950 -1.034 -1.063
0.001 -1.19029 9.30103 1.4460408688 2.5342478752    1.436  2.199  3.7099  2.188    7  0.000  0.351     0.00     0.00     0.00     0.00     0.00 -1 -2.84e-10      0.00 7.261e-01 2.724e-01 1.157e-04 1.189e-04 4.396e-04 -1.000 1.528e-03 -0.727 0.783 -0.215 -0.766 -0.951 -1.035 -1.064
0.001 -1.19029 9.30103 1.4460476637 2.5342485905    1.436  2.219  3.7081  2.160    7  0.000  0.351     0.00     0.00     0.00     0.00     0.00 -1 -3.18e-10      0.00 7.261e-01 2.724e-01 1.157e-04 1.189e-04 4.396e-04 -1.000 1.528e-03 -0.778 0.755 -0.257 -0.816 -1.003 -1.089 -1.119
0.001 -1.19029 9.30103 1.4460599422 2.5342497826    1.436  2.261  3.7050  2.106    7  0.000  0.351     0.00     0.00     0.00     0.00     0.00 -1 -4.04e-10      0.00 7.261e-01 2.724e-01 1.157e-04 1.189e-04 4.396e-04 -1.000 1.528e-03 -0.882 0.692 -0.343 -0.916 -1.109 -1.199 -1.230
0.001 -1.19029 9.30103 1.4460752010 2.5342509747    1.436  2.274  3.7041  2.089    7  0.000  0.351     0.00     0.00     0.00     0.00     0.00 -1 -4.35e-10      0.00 7.261e-01 2.724e-01 1.157e-04 1.189e-04 4.396e-04 -1.000 1.528e-03 -0.915 0.672 -0.372 -0.948 -1.143 -1.234 -1.266
0.001 -1.19029 9.30103 1.4461148977 2.5342545509    1.436  2.261  3.7051  2.107    7  0.000  0.351     0.00     0.00     0.00     0.00     0.00 -1 -4.03e-10      0.00 7.261e-01 2.724e-01 1.157e-04 1.189e-04 4.396e-04 -1.000 1.528e-03 -0.882 0.690 -0.344 -0.916 -1.109 -1.199 -1.230
0.001 -1.19029 9.30103 1.4464176893 2.5342817307    1.436  2.272  3.7042  2.091    7  0.000  0.351     0.00     0.00     0.00     0.00     0.00 -1  -4.3e-10      0.00 7.261e-01 2.724e-01 1.157e-04 1.189e-04 4.396e-04 -1.000 1.527e-03 -0.911 0.675 -0.368 -0.944 -1.138 -1.229 -1.261
0.001 -1.19029 9.30103 1.4466177225 2.5342996120    1.436  2.314  3.7009  2.037    7  0.000  0.351     0.00     0.00     0.00     0.00     0.00 -1 -5.44e-10      0.00 7.261e-01 2.724e-01 1.157e-04 1.190e-04 4.396e-04 -1.000 1.527e-03 -1.015 0.614 -0.454 -1.044 -1.244 -1.340 -1.373
0.001 -1.19029 9.30103 1.4467251301 2.5343093872    1.435  2.346  3.6985  1.995    7  0.000  0.351     0.00     0.00     0.00     0.00     0.00 -1 -6.47e-10      0.00 7.261e-01 2.724e-01 1.157e-04 1.190e-04 4.396e-04 -1.000 1.527e-03 -1.094 0.569 -0.519 -1.120 -1.325 -1.423 -1.458
0.001 -1.19029 9.30103 1.4468555450 2.5343210697    1.435  2.398  3.6946  1.927    7  0.000  0.351     0.00     0.00     0.00     0.00     0.00 -1 -8.68e-10      0.00 7.261e-01 2.724e-01 1.157e-04 1.190e-04 4.396e-04 -1.000 1.526e-03 -1.224 0.500 -0.625 -1.245 -1.456 -1.560 -1.597
0.001 -1.19029 9.30103 1.4469745159 2.5343315601    1.435  2.450  3.6907  1.860    7  0.000  0.351     0.00     0.00     0.00     0.00     0.00 -1 -1.14e-09      0.00 7.261e-01 2.724e-01 1.157e-04 1.190e-04 4.396e-04 -1.000 1.526e-03 -1.355 0.433 -0.731 -1.369 -1.588 -1.697 -1.736
0.001 -1.19029 9.30103 1.4470857382 2.5343415737    1.434  2.495  3.6874  1.802    7  0.000  0.351     0.00     0.00     0.00     0.00     0.00 -1 -1.46e-09      0.00 7.261e-01 2.724e-01 1.157e-04 1.190e-04 4.396e-04 -1.000 1.526e-03 -1.466 0.378 -0.821 -1.474 -1.700 -1.813 -1.854
0.001 -1.19029 9.30103 1.4471883774 2.5343506336    1.434  2.537  3.6843  1.747    7  0.000  0.351     5.05     3.97     2.90     2.18     1.77  4 -1.83e-09      0.00 7.261e-01 2.724e-01 1.156e-04 1.190e-04 4.396e-04 -1.000 1.525e-03 -1.572 0.333 -0.904 -1.575 -1.806 -1.923 -1.966
0.001 -1.19029 9.30103 1.4472838640 2.5343592167    1.433  2.579  3.6812  1.692    7  0.000  0.351     5.65     4.38     3.19     2.40     1.95  4 -2.29e-09      0.00 7.261e-01 2.724e-01 1.156e-04 1.190e-04 4.396e-04 -1.000 1.525e-03 -1.678 0.297 -0.987 -1.679 -1.914 -2.035 -2.080
0.001 -1.19029 9.30103 1.4473479986 2.5343649387    1.433  2.610  3.6769  1.644    7  0.000  0.351     6.23     4.78     3.46     2.61     2.12  4 -2.75e-09      0.00 7.261e-01 2.724e-01 1.156e-04 1.190e-04 4.396e-04 -1.000 1.525e-03 -1.755 0.317 -1.030 -1.751 -1.994 -2.119 -2.168
0.001 -1.19029 9.30103 1.4474263191 2.5343720913    1.432  2.651  3.6725  1.585    7  0.000  0.351     7.02     5.32     3.83     2.90     2.35  4 -3.43e-09      0.00 7.261e-01 2.724e-01 1.156e-04 1.190e-04 4.396e-04 -1.000 1.525e-03 -1.858 0.321 -1.096 -1.849 -2.099 -2.230 -2.281
0.001 -1.19029 9.30103 1.4474971294 2.5343782902    1.431  2.692  3.6696  1.532    7  0.000  0.350     7.82     5.85     4.20     3.18     2.58  4 -4.24e-09      0.00 7.261e-01 2.724e-01 1.153e-04 1.192e-04 4.395e-04 -1.000 1.525e-03 -1.960 0.299 -1.171 -1.947 -2.202 -2.336 -2.390
0.001 -1.19029 9.30103 1.4475617409 2.5343840122    1.430  2.733  3.6666  1.479    7  0.000  0.348     8.70     6.44     4.60     3.49     2.83  4 -5.26e-09      0.00 7.260e-01 2.725e-01 1.146e-04 1.199e-04 4.395e-04 -1.000 1.500e-03 -2.062 0.283 -1.243 -2.043 -2.303 -2.442 -2.497
0.001 -1.19029 9.30103 1.4476215839 2.5343894958    1.429  2.774  3.6636  1.425    7  0.000  0.345     9.71     7.09     5.05     3.83     3.11  4 -6.52e-09      0.00 7.260e-01 2.725e-01 1.137e-04 1.210e-04 4.395e-04 -1.000 1.500e-03 -2.165 0.275 -1.313 -2.141 -2.407 -2.549 -2.607
0.001 -1.19029 9.30103 1.4476770163 2.5343945026    1.427  2.816  3.6604  1.370    7  0.000  0.342    10.86     7.84     5.55     4.22     3.43  4 -8.12e-09      0.00 7.260e-01 2.725e-01 1.128e-04 1.221e-04 4.395e-04 -1.000 1.500e-03 -2.270 0.276 -1.381 -2.239 -2.511 -2.658 -2.719
0.001 -1.19029 9.30103 1.4477266073 2.5343987942    1.425  2.856  3.6573  1.317    7  0.000  0.340    12.08     8.61     6.07     4.62     3.76  4 -1.01e-08      0.00 7.260e-01 2.725e-01 1.121e-04 1.231e-04 4.395e-04 -1.000 1.500e-03 -2.369 0.278 -1.444 -2.330 -2.608 -2.760 -2.823
0.001 -1.19029 9.30103 1.4477741718 2.5344030857    1.423  2.895  3.6543  1.266    7  0.000  0.338    13.41     9.45     6.64     5.06     4.12  3 -1.23e-08      0.00 7.260e-01 2.725e-01 1.114e-04 1.239e-04 4.395e-04 -1.000 1.500e-03 -2.467 0.265 -1.507 -2.416 -2.702 -2.858 -2.924
0.001 -1.19029 9.30103 1.4478206635 2.5344073772    1.421  2.934  3.6512  1.213    7  0.000  0.336    14.93    10.39     7.27     5.55     4.52  3 -1.49e-08      0.00 7.260e-01 2.725e-01 1.108e-04 1.246e-04 4.395e-04 -1.000 1.459e-03 -2.565 0.257 -1.569 -2.501 -2.796 -2.957 -3.025
0.001 -1.19029 9.30103 1.4478660822 2.5344114304    1.418  2.973  3.6480  1.160    7  0.000  0.335    16.60    11.43     7.95     6.08     4.95  3 -1.84e-08      0.00 7.260e-01 2.725e-01 1.103e-04 1.252e-04 4.395e-04 -1.000 1.424e-03 -2.663 0.252 -1.628 -2.585 -2.887 -3.054 -3.125
0.001 -1.19029 9.30103 1.4479112625 2.5344154835    1.415  3.012  3.6448  1.108    7  0.000  0.333    18.45    12.55     8.70     6.66     5.43  3 -2.27e-08      0.00 7.260e-01 2.726e-01 1.098e-04 1.257e-04 4.394e-04 -1.000 1.435e-03 -2.759 0.247 -1.686 -2.667 -2.978 -3.150 -3.224
0.001 -1.19029 9.30103 1.4479569197 2.5344195366    1.410  3.050  3.6416  1.056    7  0.000  0.332    20.52    13.79     9.52     7.30     5.95  3 -2.75e-08      0.00 7.259e-01 2.726e-01 1.095e-04 1.262e-04 4.393e-04 -1.000 1.500e-03 -2.855 0.244 -1.743 -2.748 -3.068 -3.246 -3.322
0.001 -1.19029 9.30103 1.4480031729 2.5344235897    1.405  3.090  3.6382  1.001    7  0.000  0.332    22.91    15.21    10.45     8.03     6.54  3 -3.35e-08      0.00 7.259e-01 2.726e-01 1.092e-04 1.267e-04 4.391e-04 -1.000 1.500e-03 -2.954 0.247 -1.798 -2.830 -3.159 -3.343 -3.421
0.001 -1.19029 9.30103 1.4480464458 2.5344274044    1.399  3.132  3.6344  0.942    7  0.000  0.331    25.82    16.91    11.56     8.90     7.25  3 -4.22e-08      0.00 7.259e-01 2.726e-01 1.089e-04 1.272e-04 4.389e-04 -1.000 1.500e-03 -3.060 0.263 -1.849 -2.915 -3.255 -3.447 -3.529
0.001 -1.19029 9.30103 1.4480788708 2.5344302654    1.393  3.176  3.6306  0.880    7  0.000  0.330    29.23    18.89    12.85     9.91     8.07  2 -5.27e-08      0.00 7.259e-01 2.726e-01 1.087e-04 1.277e-04 4.386e-04 -1.000 1.471e-03 -3.171 0.279 -1.901 -3.003 -3.356 -3.556 -3.640
0.001 -1.19029 9.30103 1.4481006861 2.5344324112    1.388  3.215  3.6271  0.826    7  0.000  0.330    32.61    20.81    14.09    10.88     8.87  2 -6.38e-08      0.00 7.259e-01 2.727e-01 1.085e-04 1.283e-04 4.382e-04 -1.000 1.450e-03 -3.268 0.294 -1.944 -3.079 -3.443 -3.650 -3.738
0.001 -1.19029 9.30103 1.4481194019 2.5344340801    1.383  3.251  3.6238  0.775    7  0.000  0.330    36.10    22.77    15.36    11.88     9.68  2 -7.66e-08      0.00 7.258e-01 2.727e-01 1.083e-04 1.287e-04 4.380e-04 -1.000 1.500e-03 -3.357 0.310 -1.981 -3.147 -3.522 -3.736 -3.826
0.001 -1.19029 9.30103 1.4481381178 2.5344357491    1.377  3.289  3.6203  0.721    7  0.000  0.330    40.28    25.09    16.84    13.05    10.64  2 -9.39e-08      0.00 7.258e-01 2.727e-01 1.082e-04 1.291e-04 4.377e-04 -1.000 1.500e-03 -3.452 0.328 -2.021 -3.220 -3.608 -3.828 -3.922
0.001 -1.19029 9.30103 1.4481590986 2.5344374180    1.368  3.333  3.6162  0.658    7  0.000  0.330    45.78    28.10    18.77    14.57    11.88  2 -1.17e-07      0.00 7.258e-01 2.727e-01 1.082e-04 1.292e-04 4.375e-04 -1.000 1.500e-03 -3.563 0.348 -2.064 -3.302 -3.705 -3.935 -4.032
0.001 -1.19029 9.30103 1.4481668472 2.5344381332    1.365  3.357  3.6140  0.624    7  0.000  0.330    48.96    29.82    19.86    15.43    12.58  2 -1.31e-07      0.00 7.258e-01 2.727e-01 1.081e-04 1.293e-04 4.375e-04 -1.000 1.500e-03 -3.622 0.358 -2.086 -3.346 -3.756 -3.991 -4.090
0.001 -1.19029 9.30103 1.4481691122 2.5344383717    1.364  3.325  3.6168  0.667    7  0.000  0.329    44.87    27.61    18.45    14.32    11.68  2 -1.13e-07      0.00 7.258e-01 2.727e-01 1.080e-04 1.296e-04 4.372e-04 -1.000 1.500e-03 -3.542 0.349 -2.054 -3.286 -3.686 -3.915 -4.011
0.001 -1.19029 9.30103 1.4481692314 2.5344383717    1.363  3.303  3.6187  0.696    7  0.000  0.329    42.26    26.18    17.54    13.60    11.09  2 -1.02e-07      0.00 7.258e-01 2.727e-01 1.080e-04 1.296e-04 4.372e-04 -1.000 1.500e-03 -3.488 0.343 -2.031 -3.245 -3.639 -3.863 -3.958
0.001 -1.19029 9.30103 1.4481693506 2.5344383717    1.363  3.320  3.6172  0.673    7  0.000  0.329    44.29    27.29    18.25    14.16    11.54  2  -1.1e-07      0.00 7.258e-01 2.727e-01 1.080e-04 1.296e-04 4.372e-04 -1.000 1.500e-03 -3.530 0.349 -2.048 -3.277 -3.676 -3.903 -3.999
0.001 -1.19029 9.30103 1.4481694698 2.5344383717    1.363  3.329  3.6164  0.661    7  0.000  0.329    45.43    27.91    18.64    14.47    11.80  2 -1.15e-07      0.00 7.258e-01 2.727e-01 1.080e-04 1.296e-04 4.372e-04 -1.000 1.500e-03 -3.553 0.351 -2.058 -3.294 -3.696 -3.925 -4.022
0.001 -1.19029 9.30103 1.4481697083 2.5344383717    1.363  3.324  3.6169  0.668    7  0.000  0.329    44.74    27.53    18.41    14.28    11.65  2 -1.12e-07      0.00 7.258e-01 2.727e-01 1.080e-04 1.296e-04 4.372e-04 -1.000 1.500e-03 -3.540 0.350 -2.052 -3.283 -3.684 -3.912 -4.008
0.001 -1.19029 9.30103 1.4481703043 2.5344386101    1.363  3.309  3.6182  0.688    7  0.000  0.329    43.00    26.58    17.80    13.80    11.25  2 -1.05e-07      0.00 7.258e-01 2.727e-01 1.080e-04 1.296e-04 4.372e-04 -1.000 1.500e-03 -3.503 0.346 -2.037 -3.256 -3.652 -3.877 -3.972
0.001 -1.19029 9.30103 1.4481714964 2.5344386101    1.363  3.319  3.6172  0.674    7  0.000  0.329    44.22    27.25    18.23    14.14    11.53  2  -1.1e-07      0.00 7.258e-01 2.727e-01 1.080e-04 1.296e-04 4.372e-04 -1.000 1.500e-03 -3.528 0.350 -2.047 -3.275 -3.674 -3.901 -3.997
0.001 -1.19029 9.30103 1.4481724501 2.5344386101    1.362  3.347  3.6149  0.637    7  0.000  0.329    47.66    29.12    19.42    15.08    12.30  2 -1.26e-07      0.00 7.258e-01 2.727e-01 1.080e-04 1.296e-04 4.372e-04 -1.000 1.500e-03 -3.596 0.357 -2.075 -3.326 -3.734 -3.966 -4.064
0.001 -1.19029 9.30103 1.4481736422 2.5344388485    1.362  3.378  3.6121  0.595    7  0.000  0.329    51.99    31.45    20.90    16.25    13.25  2 -1.46e-07      0.00 7.258e-01 2.727e-01 1.080e-04 1.296e-04 4.372e-04 -1.000 1.500e-03 -3.675 0.366 -2.106 -3.385 -3.803 -4.041 -4.141
0.001 -1.19029 9.30103 1.4481749535 2.5344388485    1.361  3.413  3.6090  0.547    7  0.000  0.329    57.28    34.27    22.68    17.66    14.41  2 -1.71e-07      0.00 7.258e-01 2.727e-01 1.080e-04 1.298e-04 4.371e-04 -1.000 1.473e-03 -3.762 0.374 -2.139 -3.448 -3.878 -4.124 -4.227
0.001 -1.19029 9.30103 1.4481772184 2.5344390869    1.359  3.455  3.6052  0.489    7  0.000  0.329    64.49    38.05    25.07    19.55    15.95  2 -2.08e-07      0.00 7.258e-01 2.728e-01 1.079e-04 1.302e-04 4.367e-04 -1.000 1.423e-03 -3.868 0.381 -2.174 -3.524 -3.970 -4.224 -4.330
0.001 -1.19029 9.30103 1.4481801987 2.5344393253    1.356  3.495  3.6016  0.434    7  0.000  0.329    72.15    42.02    27.56    21.52    17.57  2 -2.53e-07      0.00 7.258e-01 2.728e-01 1.078e-04 1.307e-04 4.364e-04 -1.000 1.443e-03 -3.967 0.387 -2.198 -3.591 -4.054 -4.317 -4.427
0.001 -1.19029 9.30103 1.4481853247 2.5344398022    1.350  3.532  3.5981  0.381    7  0.561  0.329    80.26    46.16    30.14    23.58    19.25  1 -3.02e-07      0.00 7.257e-01 2.728e-01 1.078e-04 1.309e-04 4.362e-04 -1.000 1.500e-03 -4.060 0.392 -2.217 -3.651 -4.132 -4.404 -4.517
0.001 -1.19029 9.30103 1.4481892586 2.5344402790    1.345  3.546  3.5968  0.360    7  0.561  0.329    83.68    47.89    31.22    24.43    19.95  1 -3.26e-07      0.00 7.257e-01 2.728e-01 1.078e-04 1.309e-04 4.362e-04 -1.000 1.500e-03 -4.094 0.397 -2.223 -3.673 -4.160 -4.436 -4.550
0.001 -1.19029 9.30103 1.4481894970 2.5344402790    1.345  3.546  3.5968  0.360    8  0.561  0.347    83.68    47.89    31.22    24.43    19.95  1 -3.27e-07      0.00 7.257e-01 2.733e-01 1.142e-04 1.310e-04 4.385e-04 -1.000 1.004e-03 -4.094 0.397 -2.223 -3.673 -4.160 -4.436 -4.550
0.001 -1.19029 9.30103 1.4481898546 2.5344402790    1.345  3.420  3.6079  0.530    8  0.561  0.347    59.10    35.21    23.27    18.13    14.79  2 -1.85e-07      0.00 7.257e-01 2.733e-01 1.142e-04 1.310e-04 4.385e-04 -1.000 1.004e-03 -3.780 0.389 -2.137 -3.458 -3.892 -4.140 -4.244
0.001 -1.19029 9.30103 1.4481902122 2.5344402790    1.344  3.337  3.6152  0.642    8  0.561  0.347    47.01    28.76    19.18    14.90    12.15  2 -1.26e-07      0.00 7.257e-01 2.733e-01 1.142e-04 1.310e-04 4.385e-04 -1.000 1.004e-03 -3.573 0.369 -2.057 -3.305 -3.712 -3.943 -4.041
0.001 -1.19029 9.30103 1.4481910467 2.5344402790    1.343  3.097  3.6364  0.967    8  0.561  0.347    24.21    16.00    10.96     8.44     6.87  3 -4.05e-08      0.00 7.257e-01 2.733e-01 1.142e-04 1.310e-04 4.385e-04 -1.000 1.004e-03 -2.973 0.289 -1.790 -2.840 -3.174 -3.362 -3.442
0.001 -1.19029 9.30103 1.4481923580 2.5344405174    1.342  3.099  3.6362  0.963    8  0.561  0.347    24.36    16.09    11.01     8.49     6.91  3 -4.11e-08      0.00 7.257e-01 2.733e-01 1.142e-04 1.310e-04 4.385e-04 -1.000 1.004e-03 -2.978 0.291 -1.792 -2.843 -3.178 -3.366 -3.447
0.001 -1.19029 9.30103 1.4481941462 2.5344407558    1.340  3.165  3.6303  0.874    8  0.562  0.347    29.25    18.91    12.85     9.93     8.08  2 -5.66e-08      0.00 7.257e-01 2.733e-01 1.142e-04 1.310e-04 4.385e-04 -1.000 1.004e-03 -3.142 0.318 -1.868 -2.973 -3.327 -3.527 -3.612
0.001 -1.19029 9.30103 1.4481962919 2.5344407558    1.337  3.298  3.6184  0.692    8  0.562  0.347    42.39    26.25    17.58    13.64    11.12  2 -1.07e-07      0.00 7.257e-01 2.733e-01 1.142e-04 1.310e-04 4.385e-04 -1.000 1.004e-03 -3.474 0.367 -2.012 -3.229 -3.623 -3.848 -3.943
0.001 -1.19029 9.30103 1.4481989145 2.5344409943    1.334  3.421  3.6073  0.523    8  0.562  0.347    59.88    35.62    23.52    18.34    14.96  2 -1.91e-07      0.00 7.257e-01 2.733e-01 1.142e-04 1.310e-04 4.385e-04 -1.000 1.004e-03 -3.784 0.403 -2.130 -3.456 -3.893 -4.142 -4.247
0.001 -1.19029 9.30103 1.4482020140 2.5344412327    1.330  3.504  3.5998  0.409    8  0.562  0.347    75.52    43.72    28.61    22.37    18.26  2 -2.81e-07      0.00 7.257e-01 2.733e-01 1.142e-04 1.310e-04 4.385e-04 -1.000 1.004e-03 -3.990 0.414 -2.185 -3.597 -4.069 -4.337 -4.448
0.001 -1.19029 9.30103 1.4482054710 2.5344417095    1.326  3.547  3.5958  0.349    8  0.563  0.347    85.32    48.69    31.70    24.83    20.27  1 -3.44e-07      0.00 7.257e-01 2.733e-01 1.142e-04 1.310e-04 4.385e-04 -1.000 1.004e-03 -4.097 0.419 -2.206 -3.666 -4.159 -4.437 -4.552
0.001 -1.19029 9.30103 1.4482095242 2.5344419479    1.321  3.565  3.5940  0.322    8  0.563  0.347    90.04    51.05    33.17    26.00    21.23  1 -3.77e-07      0.00 7.257e-01 2.733e-01 1.143e-04 1.310e-04 4.385e-04 -1.000 1.004e-03 -4.142 0.424 -2.212 -3.694 -4.195 -4.478 -4.595
0.001 -1.19029 9.30103 1.4482139349 2.5344424248    1.316  3.573  3.5930  0.309    8  0.564  0.347    92.51    52.28    33.92    26.61    21.73  1 -3.95e-07      0.00 7.257e-01 2.733e-01 1.143e-04 1.310e-04 4.385e-04 -1.000 1.004e-03 -4.162 0.430 -2.211 -3.705 -4.211 -4.497 -4.615
0.001 -1.19029 9.30103 1.4482141733 2.5344424248    1.316  3.512  3.5984  0.391    8  0.564  0.348    78.13    45.03    29.42    23.03    18.79  1 -3.01e-07      0.00 7.257e-01 2.733e-01 1.143e-04 1.310e-04 4.385e-04 -1.000 1.004e-03 -4.009 0.431 -2.176 -3.604 -4.082 -4.354 -4.466
0.001 -1.19029 9.30103 1.4482148886 2.5344424248    1.314  3.371  3.6108  0.581    8  0.564  0.348    52.96    31.95    21.20    16.51    13.46  2 -1.59e-07      0.00 7.257e-01 2.733e-01 1.145e-04 1.310e-04 4.385e-04 -1.000 1.004e-03 -3.658 0.419 -2.069 -3.359 -3.781 -4.022 -4.124
0.001 -1.19029 9.30103 1.4482160807 2.5344426632    1.312  3.132  3.6319  0.904    8  0.564  0.349    27.33    17.82    12.14     9.37     7.63  2 -5.18e-08      0.00 7.257e-01 2.733e-01 1.149e-04 1.310e-04 4.386e-04 -1.000 1.005e-03 -3.061 0.342 -1.812 -2.901 -3.250 -3.446 -3.530
0.001 -1.19029 9.30103 1.4482178688 2.5344426632    1.309  3.135  3.6316  0.899    8  0.564  0.351    27.59    17.97    12.23     9.45     7.69  2 -5.28e-08      0.00 7.257e-01 2.733e-01 1.154e-04 1.310e-04 4.387e-04 -1.000 1.006e-03 -3.067 0.347 -1.814 -2.906 -3.255 -3.452 -3.536
0.001 -1.19029 9.30103 1.4482203722 2.5344429016    1.306  3.201  3.6256  0.808    8  0.565  0.353    33.22    21.17    14.30    11.07     9.02  2 -7.31e-08      0.00 7.257e-01 2.733e-01 1.161e-04 1.310e-04 4.389e-04 -1.000 1.006e-03 -3.231 0.375 -1.886 -3.033 -3.403 -3.612 -3.701
0.001 -1.19029 9.30103 1.4482233524 2.5344431400    1.301  3.332  3.6137  0.627    8  0.565  0.355    48.09    29.34    19.53    15.20    12.39  2 -1.37e-07      0.00 7.257e-01 2.733e-01 1.170e-04 1.310e-04 4.390e-04 -1.000 1.007e-03 -3.561 0.424 -2.022 -3.283 -3.694 -3.929 -4.028
0.001 -1.19029 9.30103 1.4482269287 2.5344436169    1.295  3.455  3.6026  0.458    8  0.565  0.358    67.86    39.75    26.10    20.40    16.65  2 -2.44e-07      0.00 7.257e-01 2.733e-01 1.180e-04 1.310e-04 4.393e-04 -1.000 1.009e-03 -3.867 0.453 -2.123 -3.500 -3.957 -4.218 -4.327
0.001 -1.19029 9.30103 1.4482311010 2.5344438553    1.288  3.537  3.5951  0.344    8  0.566  0.362    85.69    48.81    31.76    24.90    20.33  1 -3.59e-07      0.00 7.256e-01 2.733e-01 1.193e-04 1.310e-04 4.395e-04 -1.000 1.010e-03 -4.072 0.462 -2.167 -3.634 -4.130 -4.410 -4.526
0.001 -1.19029 9.30103 1.4482359886 2.5344443321    1.280  3.579  3.5909  0.282    8  0.567  0.366    97.18    54.51    35.29    27.72    22.63  1 -4.44e-07      0.00 7.256e-01 2.734e-01 1.207e-04 1.310e-04 4.398e-04 -1.000 1.012e-03 -4.179 0.468 -2.184 -3.702 -4.219 -4.510 -4.629
0.001 -1.19029 9.30103 1.4482414722 2.5344448090    1.272  3.598  3.5889  0.252    8  0.567  0.370   103.19    57.45    37.10    29.17    23.82  1 -4.93e-07      0.00 7.256e-01 2.734e-01 1.223e-04 1.310e-04 4.401e-04 -1.000 1.014e-03 -4.226 0.472 -2.185 -3.728 -4.256 -4.553 -4.674
0.001 -1.19029 9.30103 1.4482476711 2.5344455242    1.262  3.608  3.5876  0.234    8  0.568  0.375   106.84    59.21    38.17    30.04    24.53  1 -5.27e-07      0.00 7.256e-01 2.734e-01 1.240e-04 1.310e-04 4.405e-04 -1.000 1.016e-03 -4.249 0.478 -2.181 -3.738 -4.274 -4.574 -4.697
0.001 -1.19029 9.30103 1.4482479095 2.5344455242    1.261  3.556  3.5922  0.304    8  0.568  0.376    92.56    52.18    33.83    26.58    21.70  1 -4.19e-07      0.00 7.255e-01 2.734e-01 1.243e-04 1.310e-04 4.405e-04 -1.000 1.016e-03 -4.120 0.490 -2.154 -3.656 -4.166 -4.453 -4.572
0.001 -1.19029 9.30103 1.4482487440 2.5344455242    1.260  3.417  3.6045  0.491    8  0.568  0.378    62.98    37.18    24.48    19.13    15.60  2 -2.25e-07      0.00 7.255e-01 2.734e-01 1.250e-04 1.310e-04 4.407e-04 -1.000 1.017e-03 -3.773 0.489 -2.069 -3.423 -3.871 -4.127 -4.234
0.001 -1.19029 9.30103 1.4482501745 2.5344457626    1.256  3.179  3.6256  0.812    8  0.568  0.382    32.54    20.79    14.05    10.89     8.87  2 -7.48e-08      0.00 7.255e-01 2.735e-01 1.264e-04 1.310e-04 4.409e-04 -1.000 1.019e-03 -3.178 0.425 -1.833 -2.980 -3.349 -3.559 -3.648
0.001 -1.19029 9.30103 1.4482522011 2.5344457626    1.251  3.182  3.6251  0.806    8  0.569  0.388    32.94    21.02    14.19    11.01     8.96  2 -7.69e-08      0.00 7.255e-01 2.735e-01 1.283e-04 1.310e-04 4.412e-04 -1.000 1.021e-03 -3.186 0.432 -1.834 -2.985 -3.355 -3.566 -3.655
0.001 -1.19029 9.30103 1.4482549429 2.5344460011    1.245  3.248  3.6190  0.713    8  0.569  0.395    39.78    24.81    16.63    12.93    10.53  2 -1.07e-07      0.00 7.255e-01 2.735e-01 1.309e-04 1.310e-04 4.416e-04 -1.000 1.024e-03 -3.350 0.463 -1.901 -3.109 -3.501 -3.724 -3.819
0.001 -1.19029 9.30103 1.4482584000 2.5344464779    1.237  3.377  3.6071  0.534    8  0.570  0.405    57.43    34.26    22.63    17.68    14.41  2 -1.98e-07      0.00 7.254e-01 2.736e-01 1.342e-04 1.309e-04 4.421e-04 -1.000 1.028e-03 -3.673 0.510 -2.020 -3.345 -3.782 -4.031 -4.136
0.001 -1.19029 9.30103 1.4482625723 2.5344467163    1.227  3.496  3.5960  0.367    8  0.570  0.416    80.81    46.24    30.13    23.65    19.29  1 -3.49e-07      0.00 7.254e-01 2.736e-01 1.381e-04 1.309e-04 4.427e-04 -1.000 1.033e-03 -3.971 0.529 -2.091 -3.544 -4.034 -4.311 -4.426
0.001 -1.19029 9.30103 1.4482673407 2.5344471931    1.216  3.576  3.5884  0.252    8  0.571  0.429   102.07    56.74    36.62    28.84    23.54  1 -5.14e-07      0.00 7.253e-01 2.737e-01 1.427e-04 1.309e-04 4.434e-04 -1.000 1.038e-03 -4.171 0.534 -2.123 -3.669 -4.199 -4.497 -4.619
0.001 -1.19029 9.30103 1.4482729435 2.5344476700    1.204  3.618  3.5840  0.188    8  0.572  0.444   116.21    63.54    40.79    32.19    26.28  1  -6.4e-07      0.00 7.252e-01 2.737e-01 1.479e-04 1.309e-04 4.442e-04 -1.000 1.044e-03 -4.276 0.532 -2.128 -3.726 -4.283 -4.593 -4.719
0.001 -1.19029 9.30103 1.4482792616 2.5344481468    1.190  3.638  3.5817  0.154    8  0.573  0.461   124.26    67.32    43.09    34.05    27.80  1 -7.22e-07      0.00 7.251e-01 2.738e-01 1.539e-04 1.309e-04 4.451e-04 -1.000 1.051e-03 -4.324 0.538 -2.122 -3.748 -4.319 -4.635 -4.764
0.001 -1.19029 9.30103 1.4482862949 2.5344488621    1.174  3.648  3.5800  0.132    8  0.574  0.480   129.80    69.87    44.64    35.31    28.83  1 -7.87e-07      0.00 7.250e-01 2.739e-01 1.605e-04 1.309e-04 4.462e-04 -1.000 1.059e-03 -4.350 0.548 -2.111 -3.756 -4.336 -4.657 -4.788
0.001 -1.19029 9.30103 1.4482865334 2.5344488621    1.173  3.608  3.5836  0.186    8  0.574  0.481   116.17    63.39    40.68    32.13    26.22  1 -6.62e-07      0.00 7.250e-01 2.739e-01 1.609e-04 1.309e-04 4.462e-04 -1.000 1.059e-03 -4.250 0.566 -2.094 -3.696 -4.255 -4.566 -4.692
0.001 -1.19029 9.30103 1.4482873678 2.5344488621    1.171  3.471  3.5959  0.371    8  0.574  0.485    79.28    45.36    29.55    23.23    18.94  1 -3.62e-07      0.00 7.250e-01 2.739e-01 1.624e-04 1.309e-04 4.464e-04 -1.000 1.061e-03 -3.909 0.592 -2.027 -3.480 -3.970 -4.248 -4.363
0.001 -1.19029 9.30103 1.4482887983 2.5344491005    1.166  3.235  3.6172  0.691    8  0.574  0.492    40.88    25.39    16.98    13.23    10.78  2 -1.23e-07      0.00 7.250e-01 2.740e-01 1.649e-04 1.309e-04 4.468e-04 -1.000 1.064e-03 -3.317 0.551 -1.838 -3.063 -3.461 -3.688 -3.784
0.001 -1.19029 9.30103 1.4482908249 2.5344493389    1.160  3.238  3.6167  0.683    8  0.574  0.502    41.46    25.71    17.17    13.39    10.91  2 -1.27e-07      0.00 7.249e-01 2.740e-01 1.685e-04 1.309e-04 4.472e-04 -1.000 1.068e-03 -3.324 0.559 -1.837 -3.067 -3.467 -3.695 -3.792
0.001 -1.19029 9.30103 1.4482935667 2.5344495773    1.152  3.303  3.6104  0.590    8  0.575  0.516    50.18    30.37    20.14    15.74    12.83  2 -1.76e-07      0.00 7.249e-01 2.740e-01 1.733e-04 1.309e-04 4.479e-04 -1.000 1.073e-03 -3.487 0.592 -1.895 -3.185 -3.609 -3.850 -3.952
0.001 -1.19029 9.30103 1.4482969046 2.5344498158    1.142  3.428  3.5986  0.414    8  0.576  0.533    72.09    41.68    27.24    21.40    17.45  1 -3.22e-07      0.00 7.248e-01 2.741e-01 1.793e-04 1.309e-04 4.487e-04 -1.000 1.080e-03 -3.800 0.623 -1.978 -3.398 -3.874 -4.144 -4.256
0.001 -1.19029 9.30103 1.4483009577 2.5344502926    1.130  3.543  3.5875  0.250    8  0.576  0.553   100.92    55.89    36.03    28.45    23.21  1 -5.58e-07      0.00 7.247e-01 2.742e-01 1.866e-04 1.309e-04 4.497e-04 -1.000 1.089e-03 -4.088 0.632 -2.025 -3.577 -4.112 -4.411 -4.534
0.001 -1.19029 9.30103 1.4483057261 2.5344505310    1.115  3.620  3.5799  0.137    8  0.577  0.577   127.23    68.35    43.66    34.59    28.22  1 -8.16e-07      0.00 7.246e-01 2.743e-01 1.951e-04 1.308e-04 4.509e-04 -1.000 1.098e-03 -4.280 0.617 -2.040 -3.685 -4.265 -4.587 -4.717
0.001 -1.19029 9.30103 1.4483112097 2.5344510078    1.099  3.661  3.5754  0.072    8  0.578  0.604   145.12    76.56    48.64    38.62    31.52  1 -1.02e-06      0.00 7.245e-01 2.744e-01 2.048e-04 1.308e-04 4.522e-04 -1.000 1.110e-03 -4.381 0.604 -2.032 -3.731 -4.343 -4.678 -4.813
0.001 -1.19029 9.30103 1.4483175278 2.5344517231    1.082  3.679  3.5729  0.036    8  0.579  0.634   155.95    81.38    51.54    40.98    33.45  1 -1.17e-06      0.00 7.244e-01 2.745e-01 2.159e-04 1.308e-04 4.537e-04 -1.000 1.122e-03 -4.428 0.606 -2.016 -3.747 -4.375 -4.720 -4.856
0.001 -1.19029 9.30103 1.4483244419 2.5344521999    1.062  3.690  3.5710  0.010    8  0.580  0.668   164.01    84.86    53.62    42.70    34.85  1 -1.29e-06      0.00 7.242e-01 2.747e-01 2.282e-04 1.308e-04 4.553e-04 -1.000 1.136e-03 -4.455 0.615 -1.998 -3.749 -4.391 -4.742 -4.880
0.001 -1.19029 9.30103 1.4483245611 2.5344521999    1.061  3.662  3.5735  0.048    8  0.580  0.670   151.79    79.32    50.28    39.99    32.63  1 -1.15e-06      0.00 7.242e-01 2.747e-01 2.288e-04 1.308e-04 4.554e-04 -1.000 1.137e-03 -4.386 0.635 -1.991 -3.712 -4.336 -4.678 -4.814
0.001 -1.19029 9.30103 1.4483249187 2.5344524384    1.060  3.527  3.5859  0.232    8  0.580  0.675   103.47    56.83    36.56    28.94    23.60  1 -6.34e-07      0.00 7.242e-01 2.747e-01 2.307e-04 1.308e-04 4.555e-04 -1.000 1.139e-03 -4.048 0.706 -1.951 -3.521 -4.064 -4.368 -4.492
0.001 -1.19029 9.30103 1.4483255148 2.5344524384    1.058  3.290  3.6079  0.556    8  0.580  0.685    52.74    31.62    20.89    16.39    13.35  1 -2.18e-07      0.00 7.242e-01 2.747e-01 2.340e-04 1.308e-04 4.557e-04 -1.000 1.143e-03 -3.456 0.696 -1.820 -3.134 -3.568 -3.815 -3.919
0.001 -1.19029 9.30103 1.4483263493 2.5344524384    1.055  3.292  3.6077  0.552    8  0.580  0.698    53.13    31.82    21.01    16.49    13.43  1 -2.22e-07      0.00 7.241e-01 2.747e-01 2.389e-04 1.307e-04 4.560e-04 -1.000 1.148e-03 -3.459 0.700 -1.819 -3.136 -3.570 -3.818 -3.922
0.001 -1.19029 9.30103 1.4483274221 2.5344524384    1.050  3.354  3.6016  0.464    8  0.581  0.717    63.77    37.28    24.44    19.23    15.66  1 -2.99e-07      0.00 7.241e-01 2.747e-01 2.453e-04 1.307e-04 4.563e-04 -1.000 1.155e-03 -3.615 0.721 -1.858 -3.240 -3.701 -3.963 -4.073
0.001 -1.19029 9.30103 1.4483288527 2.5344526768    1.045  3.473  3.5899  0.296    8  0.581  0.739    90.28    50.42    32.60    25.78    21.01  1 -5.19e-07      0.00 7.241e-01 2.748e-01 2.533e-04 1.307e-04 4.568e-04 -1.000 1.163e-03 -3.911 0.745 -1.906 -3.427 -3.947 -4.239 -4.360
0.001 -1.19029 9.30103 1.4483305216 2.5344529152    1.038  3.581  3.5788  0.141    8  0.581  0.766   124.48    66.61    42.53    33.77    27.54  1 -8.56e-07      0.00 7.240e-01 2.748e-01 2.629e-04 1.307e-04 4.574e-04 -1.000 1.173e-03 -4.182 0.725 -1.926 -3.576 -4.162 -4.486 -4.617
0.001 -1.19029 9.30103 1.4483325481 2.5344529152    1.031  3.652  3.5711  0.036    8  0.582  0.798   154.79    80.43    50.91    40.55    33.08  1  -1.2e-06      0.00 7.239e-01 2.749e-01 2.742e-04 1.307e-04 4.580e-04 -1.000 1.185e-03 -4.360 0.694 -1.917 -3.659 -4.298 -4.647 -4.785
0.001 -1.19029 9.30103 1.4483348131 2.5344531536    1.022  3.688  3.5666 -0.022    8  0.582  0.835   174.31    89.08    56.12    44.78    36.54  1 -1.44e-06      0.00 7.239e-01 2.749e-01 2.872e-04 1.307e-04 4.588e-04 -1.000 1.199e-03 -4.450 0.676 -1.896 -3.685 -4.363 -4.728 -4.870
0.001 -1.19029 9.30103 1.4483374357 2.5344533920    1.013  3.702  3.5640 -0.051    8  0.583  0.876   182.24    93.62    58.83    47.00    38.35  1 -1.57e-06      0.00 7.238e-01 2.750e-01 3.019e-04 1.307e-04 4.597e-04 -1.000 1.215e-03 -4.486 0.672 -1.869 -3.683 -4.386 -4.759 -4.905
0.001 -1.19029 9.30103 1.4483402967 2.5344536304    1.002  3.709  3.5622 -0.069    8  0.583  0.922   186.55    96.42    60.50    48.37    39.47  1 -1.67e-06      0.00 7.237e-01 2.751e-01 3.184e-04 1.307e-04 4.606e-04 -1.000 1.233e-03 -4.501 0.691 -1.834 -3.669 -4.387 -4.768 -4.916
0.001 -1.19029 9.30103 1.4483404160 2.5344536304    1.002  3.687  3.5645 -0.038    8  0.583  0.923   178.03    91.25    57.40    45.85    37.41  1 -1.52e-06      0.00 7.237e-01 2.751e-01 3.189e-04 1.307e-04 4.607e-04 -1.000 1.233e-03 -4.447 0.713 -1.840 -3.649 -4.346 -4.718 -4.864
0.001 -1.19029 9.30103 1.4483406544 2.5344536304    1.001  3.553  3.5785  0.151    8  0.583  0.928   121.00    64.76    41.36    32.88    26.80  1 -8.48e-07      0.00 7.237e-01 2.751e-01 3.208e-04 1.307e-04 4.608e-04 -1.000 1.235e-03 -4.112 0.797 -1.852 -3.503 -4.090 -4.414 -4.546
0.001 -1.19029 9.30103 1.4483412504 2.5344538689    0.998  3.317  3.6034  0.486    8  0.583  0.937    60.16    35.34    23.20    18.28    14.88  1 -2.96e-07      0.00 7.236e-01 2.751e-01 3.240e-04 1.307e-04 4.610e-04 -1.000 1.238e-03 -3.522 0.765 -1.800 -3.163 -3.616 -3.874 -3.982
0.001 -1.19029 9.30103 1.4483419657 2.5344538689    0.995  3.318  3.6033  0.483    8  0.584  0.950    60.48    35.50    23.29    18.35    14.94  1    -3e-07      0.00 7.236e-01 2.751e-01 3.287e-04 1.307e-04 4.612e-04 -1.000 1.243e-03 -3.524 0.768 -1.799 -3.164 -3.617 -3.876 -3.984
0.001 -1.19029 9.30103 1.4483430386 2.5344538689    0.991  3.379  3.5966  0.393    8  0.584  0.967    72.97    41.75    27.19    21.48    17.49  1 -4.03e-07      0.00 7.236e-01 2.752e-01 3.349e-04 1.306e-04 4.616e-04 -1.000 1.250e-03 -3.678 0.796 -1.817 -3.257 -3.743 -4.018 -4.132
0.001 -1.19029 9.30103 1.4483443499 2.5344541073    0.985  3.496  3.5837  0.222    8  0.584  0.989   104.02    56.72    36.44    28.92    23.57  1 -6.92e-07      0.00 7.235e-01 2.752e-01 3.426e-04 1.306e-04 4.620e-04 -1.000 1.258e-03 -3.969 0.823 -1.832 -3.421 -3.975 -4.284 -4.410
0.001 -1.19029 9.30103 1.4483458996 2.5344541073    0.979  3.602  3.5716  0.065    8  0.584  1.015   144.23    75.22    47.70    38.03    31.01  1 -3.09e-07      0.00 7.235e-01 2.753e-01 3.520e-04 1.306e-04 4.625e-04  5.766 1.268e-03 -4.234 0.678 -2.245 -3.677 -4.130 -4.495 -4.648
0.001 -1.19029 9.30103 1.4483476877 2.5344543457    0.971  3.671  3.5632 -0.041    8  0.585  1.045   176.73    90.99    57.20    45.74    37.31  0  -6.5e-07      0.00 7.234e-01 2.753e-01 3.629e-04 1.306e-04 4.631e-04  6.253 1.280e-03 -4.408 0.635 -2.282 -3.774 -4.254 -4.643 -4.806
0.001 -1.19029 9.30103 1.4483498335 2.5344545841    0.962  3.706  3.5585 -0.099    8  0.585  1.079   192.48   100.80    63.06    50.52    41.22  0 -9.62e-07      0.00 7.233e-01 2.754e-01 3.755e-04 1.306e-04 4.638e-04  6.502 1.293e-03 -4.495 0.599 -2.302 -3.819 -4.312 -4.714 -4.882
0.001 -1.19029 9.30103 1.4483522177 2.5344548225    0.953  3.720  3.5560 -0.127    8  0.586  1.118   200.32   105.86    66.07    52.99    43.23  0 -1.15e-06      0.00 7.233e-01 2.754e-01 3.897e-04 1.306e-04 4.646e-04  6.677 1.308e-03 -4.531 0.589 -2.300 -3.831 -4.332 -4.740 -4.910
0.001 -1.19029 9.30103 1.4483548403 2.5344550610    0.942  3.726  3.5544 -0.145    8  0.586  1.162   204.82   108.88    67.85    54.46    44.44  0 -1.27e-06      0.00 7.232e-01 2.755e-01 4.056e-04 1.306e-04 4.655e-04  6.813 1.325e-03 -4.545 0.591 -2.291 -3.831 -4.336 -4.749 -4.921
0.001 -1.19029 9.30103 1.4483549595 2.5344550610    0.941  3.710  3.5563 -0.121    8  0.586  1.163   197.42   104.28    65.11    52.23    42.61  0 -1.08e-06      0.00 7.232e-01 2.755e-01 4.062e-04 1.306e-04 4.655e-04  6.818 1.326e-03 -4.504 0.613 -2.278 -3.807 -4.307 -4.715 -4.885
0.001 -1.19029 9.30103 1.4483551979 2.5344550610    0.939  3.577  3.5723  0.075    8  0.586  1.169   140.33    73.11    46.38    37.02    30.17  1 -2.74e-07      0.00 7.232e-01 2.755e-01 4.083e-04 1.306e-04 4.656e-04  6.833 1.328e-03 -4.172 0.727 -2.194 -3.621 -4.071 -4.434 -4.587
0.001 -1.19029 9.30103 1.4483556747 2.5344550610    0.936  3.342  3.6008  0.422    8  0.586  1.179    67.76    39.00    25.45    20.13    16.38  1 -2.45e-08      0.00 7.231e-01 2.755e-01 4.119e-04 1.306e-04 4.658e-04  6.858 1.332e-03 -3.586 0.694 -2.058 -3.276 -3.634 -3.913 -4.037
0.001 -1.19029 9.30103 1.4483563900 2.5344550610    0.931  3.342  3.6012  0.422    8  0.586  1.193    67.77    38.99    25.44    20.12    16.37  1 -2.47e-08      0.00 7.231e-01 2.755e-01 4.171e-04 1.306e-04 4.660e-04  6.892 1.337e-03 -3.585 0.690 -2.060 -3.277 -3.634 -3.913 -4.036
0.001 -1.19029 9.30103 1.4483573437 2.5344552994    0.925  3.403  3.5938  0.328    8  0.587  1.213    82.33    46.09    29.84    23.67    19.27  1 -4.75e-08      0.00 7.231e-01 2.756e-01 4.241e-04 1.306e-04 4.664e-04  6.933 1.344e-03 -3.738 0.717 -2.103 -3.373 -3.753 -4.052 -4.182
0.001 -1.19029 9.30103 1.4483585358 2.5344552994    0.918  3.518  3.5794  0.153    8  0.587  1.236   118.86    63.20    40.33    32.15    26.19  1  -1.6e-07      0.00 7.230e-01 2.756e-01 4.328e-04 1.306e-04 4.667e-04  6.979 1.354e-03 -4.024 0.744 -2.164 -3.538 -3.965 -4.306 -4.451
0.001 -1.19029 9.30103 1.4483599663 2.5344555378    0.909  3.622  3.5658 -0.010    8  0.587  1.265   164.38    84.56    53.26    42.65    34.76  0 -4.86e-07      0.00 7.230e-01 2.756e-01 4.433e-04 1.305e-04 4.672e-04  7.030 1.365e-03 -4.284 0.722 -2.198 -3.674 -4.146 -4.529 -4.689
0.001 -1.19029 9.30103 1.4483616352 2.5344555378    0.898  3.690  3.5565 -0.120    8  0.587  1.299   193.95   102.97    64.26    51.63    42.10  0 -1.02e-06      0.00 7.229e-01 2.757e-01 4.556e-04 1.305e-04 4.678e-04  7.082 1.378e-03 -4.454 0.636 -2.242 -3.764 -4.260 -4.669 -4.839
0.001 -1.19029 9.30103 1.4483635426 2.5344557762    0.886  3.724  3.5514 -0.181    8  0.588  1.337   211.78   114.48    71.08    57.23    46.67  0 -1.53e-06      0.00 7.229e-01 2.757e-01 4.697e-04 1.305e-04 4.684e-04  7.135 1.392e-03 -4.540 0.585 -2.261 -3.806 -4.315 -4.739 -4.915
0.001 -1.19029 9.30103 1.4483656883 2.5344560146    0.873  3.738  3.5491 -0.211    8  0.588  1.380   220.44   120.32    74.52    60.07    48.99  0 -1.85e-06      0.00 7.228e-01 2.758e-01 4.856e-04 1.305e-04 4.691e-04  7.188 1.409e-03 -4.575 0.556 -2.270 -3.823 -4.336 -4.768 -4.947
0.001 -1.19029 9.30103 1.4483680725 2.5344562531    0.858  3.744  3.5480 -0.228    8  0.589  1.428   225.03   123.63    76.44    61.68    50.31  0 -2.08e-06      0.00 7.227e-01 2.759e-01 5.035e-04 1.305e-04 4.699e-04  7.241 1.428e-03 -4.589 0.536 -2.276 -3.831 -4.345 -4.782 -4.962
0.001 -1.19029 9.30103 1.4483681917 2.5344562531    0.858  3.732  3.5498 -0.210    8  0.589  1.430   218.67   119.55    74.03    59.71    48.69  0 -1.84e-06      0.00 7.227e-01 2.759e-01 5.041e-04 1.305e-04 4.700e-04  7.243 1.429e-03 -4.560 0.547 -2.273 -3.818 -4.327 -4.759 -4.936
0.001 -1.19029 9.30103 1.4483684301 2.5344562531    0.856  3.600  3.5698  0.002    8  0.589  1.436   157.89    81.52    51.36    41.19    33.56  0 -4.63e-07      0.00 7.227e-01 2.759e-01 5.061e-04 1.305e-04 4.701e-04  7.248 1.431e-03 -4.229 0.668 -2.225 -3.663 -4.117 -4.493 -4.650
0.001 -1.19029 9.30103 1.4483687878 2.5344562531    0.853  3.367  3.6056  0.376    8  0.589  1.445    73.27    41.40    26.88    21.35    17.37  1 -4.07e-08      0.00 7.227e-01 2.759e-01 5.096e-04 1.305e-04 4.702e-04  7.258 1.435e-03 -3.647 0.533 -2.171 -3.372 -3.716 -3.988 -4.109
0.001 -1.19029 9.30103 1.4483695030 2.5344562531    0.849  3.365  3.6065  0.379    8  0.589  1.459    72.71    41.10    26.70    21.21    17.25  1 -4.05e-08      0.00 7.227e-01 2.759e-01 5.148e-04 1.305e-04 4.704e-04  7.271 1.440e-03 -3.643 0.517 -2.178 -3.374 -3.716 -3.986 -4.106
0.001 -1.19029 9.30103 1.4483703375 2.5344564915    0.843  3.426  3.5979  0.281    8  0.589  1.477    89.33    49.00    31.58    25.15    20.46  1 -7.81e-08      0.00 7.226e-01 2.759e-01 5.216e-04 1.305e-04 4.707e-04  7.289 1.447e-03 -3.795 0.565 -2.212 -3.463 -3.829 -4.124 -4.252
0.001 -1.19029 9.30103 1.4483714104 2.5344564915    0.836  3.539  3.5809  0.097    8  0.589  1.500   131.70    68.27    43.33    34.69    28.25  0 -2.62e-07      0.00 7.226e-01 2.760e-01 5.301e-04 1.305e-04 4.711e-04  7.309 1.456e-03 -4.078 0.622 -2.248 -3.608 -4.027 -4.370 -4.516
0.001 -1.19029 9.30103 1.4483727217 2.5344564915    0.827  3.641  3.5652 -0.073    8  0.590  1.528   174.85    92.48    57.89    46.57    37.95  0 -7.88e-07      0.00 7.225e-01 2.760e-01 5.403e-04 1.305e-04 4.715e-04  7.333 1.467e-03 -4.333 0.599 -2.271 -3.729 -4.194 -4.583 -4.746
0.001 -1.19029 9.30103 1.4483742714 2.5344567299    0.817  3.708  3.5548 -0.186    8  0.590  1.560   207.29   113.18    70.18    56.66    46.19  0 -1.65e-06      0.00 7.225e-01 2.760e-01 5.523e-04 1.305e-04 4.720e-04  7.359 1.479e-03 -4.499 0.538 -2.294 -3.806 -4.299 -4.718 -4.890
0.001 -1.19029 9.30103 1.4483759403 2.5344569683    0.806  3.741  3.5498 -0.246    8  0.590  1.597   226.09   125.62    77.51    62.70    51.12  0 -2.44e-06      0.00 7.224e-01 2.761e-01 5.661e-04 1.304e-04 4.726e-04  7.388 1.494e-03 -4.583 0.504 -2.306 -3.846 -4.352 -4.785 -4.963
0.001 -1.19029 9.30103 1.4483779669 2.5344569683    0.794  3.755  3.5482 -0.272    8  0.591  1.639   234.17   131.23    80.78    65.43    53.34  0 -2.95e-06      0.00 7.223e-01 2.761e-01 5.817e-04 1.304e-04 4.733e-04  7.418 1.510e-03 -4.617 0.487 -2.316 -3.865 -4.376 -4.814 -4.994
0.001 -1.19029 9.30103 1.4483801126 2.5344572067    0.780  3.760  3.5483 -0.285    8  0.591  1.685   237.37   133.70    82.20    66.64    54.32  0 -3.29e-06      0.00 7.223e-01 2.762e-01 5.992e-04 1.304e-04 4.740e-04  7.449 1.528e-03 -4.631 0.472 -2.330 -3.880 -4.391 -4.828 -5.008
0.001 -1.19029 9.30103 1.4483802319 2.5344572067    0.779  3.753  3.5498 -0.272    8  0.591  1.687   232.65   130.61    80.38    65.15    53.10  0 -3.04e-06      0.00 7.223e-01 2.762e-01 5.998e-04 1.304e-04 4.740e-04  7.450 1.529e-03 -4.612 0.475 -2.334 -3.875 -4.381 -4.814 -4.992
0.001 -1.19029 9.30103 1.4483803511 2.5344572067    0.777  3.621  3.5742 -0.044    8  0.591  1.692   163.49    86.38    54.16    43.63    35.53  0 -7.56e-07      0.00 7.223e-01 2.762e-01 6.018e-04 1.304e-04 4.741e-04  7.453 1.531e-03 -4.284 0.548 -2.342 -3.756 -4.197 -4.561 -4.714
0.001 -1.19029 9.30103 1.4483808279 2.5344572067    0.774  3.390  3.6179  0.361    8  0.591  1.702    74.36    41.54    26.91    21.45    17.44  1  -6.5e-08      0.00 7.222e-01 2.762e-01 6.053e-04 1.304e-04 4.743e-04  7.459 1.535e-03 -3.705 0.258 -2.365 -3.514 -3.828 -4.071 -4.182
0.001 -1.19029 9.30103 1.4483813047 2.5344574451    0.770  3.387  3.6197  0.368    8  0.591  1.716    73.11    40.92    26.53    21.14    17.18  1 -6.38e-08      0.00 7.222e-01 2.762e-01 6.105e-04 1.304e-04 4.744e-04  7.468 1.540e-03 -3.698 0.228 -2.379 -3.519 -3.829 -4.067 -4.176
0.001 -1.19029 9.30103 1.4483821392 2.5344574451    0.764  3.448  3.6099  0.265    8  0.592  1.734    90.89    49.21    31.63    25.29    20.56  0 -1.24e-07      0.00 7.222e-01 2.763e-01 6.173e-04 1.304e-04 4.747e-04  7.479 1.547e-03 -3.849 0.315 -2.401 -3.603 -3.940 -4.204 -4.322
0.001 -1.19029 9.30103 1.4483829737 2.5344574451    0.757  3.559  3.5902  0.071    8  0.592  1.756   135.66    69.73    44.11    35.46    28.85  0 -4.14e-07      0.00 7.222e-01 2.763e-01 6.258e-04 1.304e-04 4.750e-04  7.493 1.556e-03 -4.127 0.470 -2.401 -3.730 -4.126 -4.446 -4.583
0.001 -1.19029 9.30103 1.4483841658 2.5344576836    0.748  3.659  3.5723 -0.106    8  0.592  1.784   177.53    95.74    59.70    48.23    39.27  0 -1.24e-06      0.00 7.221e-01 2.763e-01 6.360e-04 1.304e-04 4.754e-04  7.508 1.567e-03 -4.378 0.476 -2.411 -3.834 -4.280 -4.650 -4.805
0.001 -1.19029 9.30103 1.4483854771 2.5344576836    0.738  3.725  3.5609 -0.223    8  0.592  1.816   211.55   117.80    72.75    58.99    48.05  0 -2.59e-06      0.00 7.221e-01 2.764e-01 6.480e-04 1.304e-04 4.759e-04  7.526 1.579e-03 -4.542 0.435 -2.423 -3.902 -4.379 -4.779 -4.946
0.001 -1.19029 9.30103 1.4483870268 2.5344579220    0.727  3.757  3.5562 -0.281    8  0.593  1.852   218.00    -1.00    -1.00    -1.00    -1.00  0 -3.83e-06      0.00 7.220e-01 2.764e-01 6.618e-04 1.304e-04 4.764e-04  7.546 1.594e-03 -4.624 0.400 -2.438 -3.943 -4.432 -4.846 -5.018
0.001 -1.19029 9.30103 1.4483886957 2.5344579220    0.714  3.771  3.5558 -0.303    8  0.593  1.894   211.22    -1.00    -1.00    -1.00    -1.00  0  -4.6e-06      0.00 7.219e-01 2.764e-01 6.774e-04 1.304e-04 4.770e-04  7.567 1.610e-03 -4.656 0.371 -2.465 -3.972 -4.462 -4.878 -5.050
0.001 -1.19029 9.30103 1.4483906031 2.5344581604    0.701  3.776  3.5575 -0.311    8  0.593  1.940   203.90    -1.00    -1.00    -1.00    -1.00  0 -5.11e-06      0.00 7.219e-01 2.765e-01 6.948e-04 1.303e-04 4.776e-04  7.589 1.628e-03 -4.670 0.341 -2.502 -4.000 -4.486 -4.896 -5.067
0.001 -1.19029 9.30103 1.4483907223 2.5344581604    0.700  3.772  3.5584 -0.303    8  0.593  1.941   203.65    -1.00    -1.00    -1.00    -1.00  0 -4.92e-06      0.00 7.219e-01 2.765e-01 6.955e-04 1.303e-04 4.776e-04  7.590 1.629e-03 -4.660 0.341 -2.506 -3.999 -4.482 -4.890 -5.059
0.001 -1.19029 9.30103 1.4483908415 2.5344581604    0.698  3.641  3.5882 -0.055    8  0.593  1.947   159.98    85.71    53.63    43.37    35.28  0  -1.2e-06      0.00 7.219e-01 2.765e-01 6.975e-04 1.303e-04 4.777e-04  7.593 1.631e-03 -4.334 0.330 -2.563 -3.918 -4.322 -4.649 -4.790
0.001 -1.19029 9.30103 1.4483911991 2.5344581604    0.695  3.411  3.6412  0.386    8  0.593  1.956    69.15    38.61    25.04    20.02    16.25  0    -1e-07      0.00 7.219e-01 2.765e-01 7.011e-04 1.303e-04 4.778e-04  7.597 1.635e-03 -3.758 -0.213 -2.632 -3.696 -3.966 -4.157 -4.249
0.001 -1.19029 9.30103 1.4483917952 2.5344583988    0.691  3.407  3.6440  0.398    8  0.594  1.970    67.30    37.71    24.48    19.56    15.88  0 -9.73e-08      0.00 7.218e-01 2.765e-01 7.063e-04 1.303e-04 4.780e-04  7.604 1.640e-03 -3.749 -0.210 -2.624 -3.687 -3.956 -4.147 -4.239
0.001 -1.19029 9.30103 1.4483923912 2.5344583988    0.685  3.468  3.6326  0.289    8  0.594  1.988    84.89    45.85    29.49    23.65    19.21  0  -1.9e-07      0.00 7.218e-01 2.765e-01 7.132e-04 1.303e-04 4.782e-04  7.612 1.647e-03 -3.899 -0.159 -2.691 -3.797 -4.083 -4.292 -4.392
0.001 -1.19029 9.30103 1.4483933449 2.5344583988    0.678  3.578  3.6097  0.083    8  0.594  2.011   127.93    66.34    41.97    33.84    27.51  0 -6.38e-07      0.00 7.218e-01 2.766e-01 7.218e-04 1.303e-04 4.785e-04  7.622 1.656e-03 -4.174 0.092 -2.695 -3.926 -4.268 -4.536 -4.657
0.001 -1.19029 9.30103 1.4483942986 2.5344583988    0.670  3.676  3.5892 -0.103    8  0.594  2.039   170.06    92.62    57.69    46.78    38.06  0 -1.92e-06      0.00 7.217e-01 2.766e-01 7.322e-04 1.303e-04 4.789e-04  7.634 1.667e-03 -4.421 0.230 -2.663 -4.014 -4.415 -4.740 -4.879
0.001 -1.19029 9.30103 1.4483954906 2.5344586372    0.660  3.741  3.5768 -0.224    8  0.594  2.071   183.15    -1.00    -1.00    -1.00    -1.00  0 -3.99e-06      0.00 7.217e-01 2.766e-01 7.444e-04 1.303e-04 4.793e-04  7.648 1.680e-03 -4.582 0.221 -2.672 -4.075 -4.509 -4.867 -5.018
0.001 -1.19029 9.30103 1.4483969212 2.5344586372    0.649  3.773  3.5723 -0.281    8  0.595  2.108   177.68    -1.00    -1.00    -1.00    -1.00  0 -5.88e-06      0.00 7.216e-01 2.767e-01 7.584e-04 1.303e-04 4.798e-04  7.663 1.694e-03 -4.662 0.191 -2.696 -4.119 -4.565 -4.934 -5.090
0.001 -1.19029 9.30103 1.4483984709 2.5344588757    0.637  3.786  3.5732 -0.299    8  0.595  2.149   171.68    -1.00    -1.00    -1.00    -1.00  0 -7.04e-06      0.00 7.216e-01 2.767e-01 7.742e-04 1.303e-04 4.803e-04  7.679 1.711e-03 -4.694 0.150 -2.739 -4.158 -4.602 -4.969 -5.123
0.001 -1.19029 9.30103 1.4484002590 2.5344591141    0.624  3.791  3.5766 -0.300    8  0.595  2.195   165.22    -1.00    -1.00    -1.00    -1.00  0 -7.78e-06      0.00 7.215e-01 2.768e-01 7.919e-04 1.303e-04 4.809e-04  7.697 1.729e-03 -4.707 0.097 -2.796 -4.199 -4.634 -4.992 -5.143
0.001 -1.19029 9.30103 1.4484033585 2.5344593525    0.596 -9.999  4.0000  1.438    9  0.596  0.000     0.00     0.00     0.00     0.00     0.00 -1    -1e-30      0.00 7.214e-01 2.769e-01 8.241e-04 1.303e-04 4.820e-04  7.728 1.763e-03 29.767 30.088 29.953 30.231 30.461 30.543 30.632
#isochrone terminated
