# File generated by CMD 3.6 (http://stev.oapd.inaf.it/cmd) on Thu Apr 21 17:59:28 CEST 2022
# isochrones based on PARSEC release v1.2S +  COLIBRI S_37 + S_35 + PR16
# Basic references: Bressan et al. (2012), MNRAS, 427, 127 + Chen et al. (2014, 2015), MNRAS, 444, 2525 + MNRAS, 452, 1068 + Tang et al. (2014), MNRAS, 445, 4287 + Marigo et al. (2017), ApJ, 835, 77 + Pastorelli al. (2019), MNRAS, 485, 5666 + Pastorelli al. (2020), MNRAS, in press
# Thermal pulse cycles included 
# On RGB, assumed Reimers mass loss with efficiency eta=0.2
# LPV periods and growth rates added cf. Trabucchi et al. (2019)
# but fundamental-mode LPV periods are from Trabucchi et al. (2021)
# Photometric system: DECAM (ABmags)
# Using YBC version of bolometric corrections as in Chen et al. (2019)
# O-rich circumstellar dpmod60alox40 dust from Groenewegen (2006)
# C-rich circumstellar AMCSIC15 dust from Groenewegen (2006)
# IMF: Kroupa (2001, 2002) + Kroupa et al. (2013) canonical two-part-power law IMF corrected for unresolved binaries 
# Kind of output: isochrone tables
# Zini     MH   logAge Mini        int_IMF         Mass   logL    logTe  logg  label   McoreTP C_O  period0  period1  period2  period3  period4  pmode  Mloss  tau1m   X   Y   Xc  Xn  Xo  Cexcess  Z 	 mbolmag  umag    gmag    rmag    imag    zmag    Ymag
0.001 -1.19029 10.07918 0.0900000036 1.0816895962    0.090 -3.211  3.4569  5.383    1  0.000  0.545     0.00     0.00     0.00     0.00     0.00 -1 -5.24e-17      0.00 7.467e-01 2.523e-01 1.798e-04 4.851e-05 4.400e-04 -1.000 1.000e-03 12.799 18.017 16.747 14.883 12.862 12.187 12.058
0.001 -1.19029 10.07918 0.0979280174 1.1535615921    0.098 -3.007  3.4860  5.332    1  0.000  0.545     0.00     0.00     0.00     0.00     0.00 -1 -8.53e-17      0.00 7.455e-01 2.535e-01 1.798e-04 4.851e-05 4.400e-04 -1.000 1.000e-03 12.288 17.405 15.576 13.763 12.238 11.704 11.582
0.001 -1.19029 10.07918 0.1000000015 1.1711064577    0.100 -2.957  3.4933  5.320    1  0.000  0.545     0.00     0.00     0.00     0.00     0.00 -1 -9.62e-17      0.00 7.452e-01 2.538e-01 1.798e-04 4.851e-05 4.400e-04 -1.000 1.000e-03 12.162 17.228 15.294 13.501 12.089 11.585 11.465
0.001 -1.19029 10.07918 0.1199999973 1.3193154335    0.120 -2.673  3.5260  5.246    1  0.000  0.545     0.00     0.00     0.00     0.00     0.00 -1 -1.84e-16      0.00 7.430e-01 2.560e-01 1.798e-04 4.851e-05 4.400e-04 -1.000 1.000e-03 11.452 16.139 13.955 12.292 11.302 10.910 10.798
0.001 -1.19029 10.07918 0.1400000006 1.4384527206    0.140 -2.491  3.5423  5.196    1  0.000  0.545     0.00     0.00     0.00     0.00     0.00 -1 -2.74e-16      0.00 7.413e-01 2.577e-01 1.798e-04 4.851e-05 4.400e-04 -1.000 1.000e-03 10.998 15.419 13.233 11.650 10.820 10.470 10.363
0.001 -1.19029 10.07918 0.1599999964 1.5372931957    0.160 -2.351  3.5527  5.156    1  0.000  0.545     0.00     0.00     0.00     0.00     0.00 -1  -3.7e-16      0.00 7.400e-01 2.590e-01 1.798e-04 4.851e-05 4.400e-04 -1.000 1.000e-03 10.648 14.885 12.727 11.196 10.455 10.130 10.026
0.001 -1.19029 10.07918 0.2000000179 1.6938792467    0.200 -2.130  3.5668  5.088    1  0.000  0.545     0.00     0.00     0.00     0.00     0.00 -1 -5.96e-16      0.00 7.386e-01 2.604e-01 1.798e-04 4.851e-05 4.400e-04 -1.000 9.999e-04 10.094 14.068 11.976 10.520 9.887 9.590 9.492
0.001 -1.19029 10.07918 0.2500000000 1.8403258324    0.250 -1.925  3.5780  5.025    1  0.000  0.545     0.00     0.00     0.00     0.00     0.00 -1 -4.12e-16      0.00 7.383e-01 2.607e-01 1.798e-04 4.851e-05 4.400e-04 -1.000 1.000e-03 9.582 13.350 11.320 9.929 9.364 9.088 8.995
0.001 -1.19029 10.07918 0.3000000417 1.9529141188    0.300 -1.768  3.5865  4.981    1  0.000  0.545     0.00     0.00     0.00     0.00     0.00 -1 -7.35e-18      0.00 7.385e-01 2.605e-01 1.798e-04 4.852e-05 4.400e-04 -1.000 1.000e-03 9.191 12.803 10.828 9.490 8.967 8.705 8.616
0.001 -1.19029 10.07918 0.3499999940 2.0434174538    0.350 -1.640  3.5937  4.949    1  0.000  0.545     0.00     0.00     0.00     0.00     0.00 -1 -1.63e-15      0.00 7.481e-01 2.509e-01 1.798e-04 4.851e-05 4.400e-04 -1.000 1.000e-03 8.871 12.356 10.425 9.133 8.641 8.392 8.306
0.001 -1.19029 10.07918 0.4000000060 2.1185026169    0.400 -1.490  3.6048  4.901    1  0.000  0.545     0.00     0.00     0.00     0.00     0.00 -1 -2.28e-15      0.00 7.489e-01 2.501e-01 1.798e-04 4.851e-05 4.400e-04 -1.000 1.000e-03 8.495 11.797 9.928 8.709 8.257 8.025 7.945
0.001 -1.19029 10.07918 0.4500000179 2.1822810173    0.450 -1.312  3.6224  4.844    1  0.000  0.545     0.00     0.00     0.00     0.00     0.00 -1 -3.46e-15      0.00 7.489e-01 2.501e-01 1.798e-04 4.851e-05 4.400e-04 -1.000 1.000e-03 8.049 11.083 9.302 8.198 7.802 7.597 7.525
0.001 -1.19029 10.07918 0.5000000000 2.2374541759    0.500 -1.106  3.6513  4.801    1  0.000  0.545     0.00     0.00     0.00     0.00     0.00 -1 -5.54e-15      0.00 7.489e-01 2.501e-01 1.798e-04 4.851e-05 4.400e-04 -1.000 1.000e-03 7.536 10.148 8.509 7.592 7.280 7.120 7.062
0.001 -1.19029 10.07918 0.5500000715 2.2836585045    0.550 -0.883  3.6824  4.742    1  0.000  0.544     0.00     0.00     0.00     0.00     0.00 -1 -9.44e-15      0.00 7.833e-01 2.158e-01 1.568e-04 4.234e-05 3.842e-04 -1.000 8.298e-04 6.977 9.072 7.682 6.955 6.718 6.603 6.561
0.001 -1.19029 10.07918 0.6000000238 2.3211214542    0.600 -0.674  3.7114  4.688    1  0.000  0.544     0.00     0.00     0.00     0.00     0.00 -1 -1.55e-14      0.00 7.925e-01 2.066e-01 1.510e-04 4.079e-05 3.703e-04 -1.000 8.581e-04 6.456 8.096 6.979 6.391 6.206 6.127 6.101
0.001 -1.19029 10.07918 0.6050835848 2.3245337009    0.605 -0.653  3.7147  4.683    1  0.000  0.544     0.00     0.00     0.00     0.00     0.00 -1 -1.63e-14      0.00 7.935e-01 2.056e-01 1.504e-04 4.062e-05 3.687e-04 -1.000 8.649e-04 6.401 7.997 6.908 6.334 6.153 6.079 6.055
0.001 -1.19029 10.07918 0.6185638905 2.3332705498    0.618 -0.594  3.7234  4.669    1  0.000  0.543     0.00     0.00     0.00     0.00     0.00 -1 -1.88e-14      0.00 7.963e-01 2.029e-01 1.486e-04 4.016e-05 3.646e-04 -1.000 8.741e-04 6.256 7.739 6.722 6.182 6.016 5.951 5.931
0.001 -1.19029 10.07918 0.6310797334 2.3409991264    0.631 -0.540  3.7313  4.655    1  0.000  0.543     0.00     0.00     0.00     0.00     0.00 -1 -1.33e-14      0.00 7.989e-01 2.002e-01 1.470e-04 3.972e-05 3.606e-04 -1.000 8.516e-04 6.120 7.507 6.552 6.043 5.889 5.833 5.817
0.001 -1.19029 10.07918 0.6432111263 2.3481612206    0.643 -0.487  3.7388  4.641    1  0.000  0.543     0.00     0.00     0.00     0.00     0.00 -1    -2e-15      0.00 8.016e-01 1.976e-01 1.453e-04 3.927e-05 3.567e-04 -1.000 8.000e-04 5.988 7.293 6.393 5.910 5.765 5.717 5.705
0.001 -1.19029 10.07918 0.6499999762 2.3520355225    0.650 -0.457  3.7430  4.632    1  0.000  0.543     0.00     0.00     0.00     0.00     0.00 -1 -2.62e-14      0.00 8.031e-01 1.961e-01 1.444e-04 3.902e-05 3.543e-04 -1.000 8.000e-04 5.914 7.175 6.304 5.836 5.698 5.654 5.644
0.001 -1.19029 10.07918 0.6503136158 2.3522121906    0.650 -0.456  3.7432  4.632    1  0.000  0.543     0.00     0.00     0.00     0.00     0.00 -1 -2.63e-14      0.00 8.032e-01 1.960e-01 1.443e-04 3.900e-05 3.542e-04 -1.000 8.000e-04 5.910 7.169 6.300 5.832 5.695 5.651 5.641
0.001 -1.19029 10.07918 0.6637238860 2.3595893383    0.663 -0.397  3.7506  4.611    1  0.000  0.543     0.00     0.00     0.00     0.00     0.00 -1 -3.05e-14      0.00 8.069e-01 1.923e-01 1.419e-04 3.838e-05 3.487e-04 -1.000 8.000e-04 5.762 6.945 6.126 5.686 5.561 5.525 5.519
0.001 -1.19029 10.07918 0.6761075258 2.3661038876    0.676 -0.341  3.7573  4.590    1  0.000  0.543     0.00     0.00     0.00     0.00     0.00 -1 -3.52e-14      0.00 8.106e-01 1.886e-01 1.396e-04 3.777e-05 3.432e-04 -1.000 8.000e-04 5.623 6.742 5.965 5.551 5.436 5.408 5.404
0.001 -1.19029 10.07918 0.6882347465 2.3722229004    0.688 -0.286  3.7636  4.568    1  0.000  0.542     0.00     0.00     0.00     0.00     0.00 -1 -4.07e-14      0.00 8.143e-01 1.849e-01 1.373e-04 3.714e-05 3.376e-04 -1.000 7.771e-04 5.484 6.546 5.807 5.417 5.312 5.290 5.289
0.001 -1.19029 10.07918 0.6990261078 2.3774631023    0.699 -0.235  3.7690  4.545    1  0.000  0.542     0.00     0.00     0.00     0.00     0.00 -1 -2.28e-14      0.00 8.178e-01 1.814e-01 1.351e-04 3.656e-05 3.324e-04 -1.000 7.981e-04 5.358 6.375 5.666 5.295 5.198 5.181 5.183
0.001 -1.19029 10.07918 0.6999999881 2.3779268265    0.700 -0.230  3.7694  4.543    1  0.000  0.542     0.00     0.00     0.00     0.00     0.00 -1 -4.72e-14      0.00 8.181e-01 1.811e-01 1.349e-04 3.651e-05 3.319e-04 -1.000 8.000e-04 5.346 6.359 5.653 5.284 5.188 5.171 5.173
0.001 -1.19029 10.07918 0.7026079893 2.3791615963    0.702 -0.218  3.7707  4.537    1  0.000  0.541     0.00     0.00     0.00     0.00     0.00 -1 -4.88e-14      0.00 8.192e-01 1.800e-01 1.341e-04 3.632e-05 3.303e-04 -1.000 7.946e-04 5.315 6.318 5.618 5.254 5.160 5.145 5.147
0.001 -1.19029 10.07918 0.7111800909 2.3831465244    0.711 -0.176  3.7747  4.516    1  0.000  0.540     0.00     0.00     0.00     0.00     0.00 -1 -5.47e-14      0.00 8.228e-01 1.765e-01 1.315e-04 3.570e-05 3.248e-04 -1.000 6.999e-04 5.209 6.181 5.502 5.153 5.065 5.054 5.057
0.001 -1.19029 10.07918 0.7194184065 2.3868734837    0.719 -0.134  3.7784  4.494    1  0.000  0.538     0.00     0.00     0.00     0.00     0.00 -1 -6.15e-14      0.00 8.265e-01 1.728e-01 1.289e-04 3.508e-05 3.193e-04 -1.000 7.000e-04 5.105 6.047 5.388 5.052 4.970 4.962 4.967
0.001 -1.19029 10.07918 0.7303433418 2.3916671276    0.730 -0.076  3.7831  4.462    1  0.000  0.536     0.00     0.00     0.00     0.00     0.00 -1 -7.23e-14      0.00 8.316e-01 1.677e-01 1.252e-04 3.419e-05 3.114e-04 -1.000 7.000e-04 4.960 5.871 5.231 4.913 4.837 4.835 4.841
0.001 -1.19029 10.07918 0.7406086922 2.3960235119    0.740 -0.018  3.7873  4.427    1  0.000  0.534     0.00     0.00     0.00     0.00     0.00 -1 -8.53e-14      0.00 8.369e-01 1.624e-01 1.216e-04 3.329e-05 3.035e-04 -1.000 7.000e-04 4.816 5.701 5.076 4.773 4.705 4.706 4.714
0.001 -1.19029 10.07918 0.7500000000 2.3998889923    0.749  0.038  3.7910  4.391    1  0.000  0.532     0.00     0.00     0.00     0.00     0.00 -1    -1e-13      0.00 8.420e-01 1.573e-01 1.181e-04 3.242e-05 2.957e-04 -1.000 7.000e-04 4.675 5.539 4.926 4.637 4.574 4.579 4.588
0.001 -1.19029 10.07918 0.7547351122 2.4017961025    0.754  0.067  3.7926  4.371    1  0.000  0.532     0.00     0.00     0.00     0.00     0.00 -1  -1.1e-13      0.00 8.444e-01 1.549e-01 1.167e-04 3.206e-05 2.925e-04 -1.000 7.000e-04 4.601 5.455 4.848 4.565 4.505 4.511 4.521
0.001 -1.19029 10.07918 0.7650093436 2.4058408737    0.764  0.136  3.7959  4.321    1  0.000  0.531     0.00     0.00     0.00     0.00     0.00 -1 -1.35e-13      0.00 8.492e-01 1.501e-01 1.143e-04 3.141e-05 2.867e-04 -1.000 7.000e-04 4.431 5.266 4.669 4.398 4.343 4.353 4.363
0.001 -1.19029 10.07918 0.7746376395 2.4095196724    0.774  0.204  3.7984  4.268    1  0.000  0.531     0.00     0.00     0.00     0.00     0.00 -1 -1.66e-13      0.00 8.529e-01 1.465e-01 1.125e-04 3.094e-05 2.827e-04 -1.000 6.555e-04 4.260 5.079 4.489 4.228 4.178 4.190 4.202
0.001 -1.19029 10.07918 0.7831290960 2.4126780033    0.782  0.270  3.7999  4.213    1  0.000  0.530     0.00     0.00     0.00     0.00     0.00 -1 -2.06e-13      0.00 8.539e-01 1.454e-01 1.123e-04 3.089e-05 2.823e-04 -1.000 6.669e-04 4.095 4.905 4.319 4.065 4.017 4.031 4.043
0.001 -1.19029 10.07918 0.7850383520 2.4133772850    0.784  0.286  3.8002  4.199    1  0.000  0.530     0.00     0.00     0.00     0.00     0.00 -1 -2.17e-13      0.00 8.539e-01 1.454e-01 1.123e-04 3.091e-05 2.825e-04 -1.000 6.707e-04 4.056 4.865 4.279 4.026 3.979 3.992 4.004
0.001 -1.19029 10.07918 0.7879912257 2.4144511223    0.787  0.313  3.7999  4.173    1  0.000  0.530     0.00     0.00     0.00     0.00     0.00 -1 -2.37e-13      0.00 8.540e-01 1.454e-01 1.125e-04 3.094e-05 2.828e-04 -1.000 6.765e-04 3.989 4.797 4.211 3.958 3.911 3.924 3.936
0.001 -1.19029 10.07918 0.7938891053 2.4165685177    0.793  0.369  3.7984  4.113    1  0.000  0.530     0.00     0.00     0.00     0.00     0.00 -1 -8.46e-14      0.00 8.540e-01 1.453e-01 1.127e-04 3.101e-05 2.835e-04 -1.000 6.912e-04 3.846 4.661 4.071 3.814 3.765 3.777 3.788
0.001 -1.19029 10.07918 0.7986006737 2.4182341099    0.797  0.420  3.7958  4.055    1  0.000  0.530     0.00     0.00     0.00     0.00     0.00 -1 -1.16e-13      0.00 8.541e-01 1.452e-01 1.129e-04 3.107e-05 2.840e-04 -1.000 7.000e-04 3.721 4.548 3.950 3.686 3.633 3.643 3.653
0.001 -1.19029 10.07918 0.8000000119 2.4187245369    0.799  0.437  3.7939  4.031    1  0.000  0.530     0.00     0.00     0.00     0.00     0.00 -1 -3.69e-13      0.00 8.541e-01 1.452e-01 1.129e-04 3.108e-05 2.841e-04 -1.000 7.000e-04 3.676 4.512 3.910 3.640 3.584 3.592 3.601
0.001 -1.19029 10.07918 0.8015374541 2.4192609787    0.800  0.457  3.7918  4.003    2  0.000  0.530     0.00     0.00     0.00     0.00     0.00 -1 -3.99e-13      0.00 8.538e-01 1.455e-01 1.132e-04 3.116e-05 2.849e-04 -1.000 7.000e-04 3.627 4.473 3.865 3.588 3.530 3.535 3.544
0.001 -1.19029 10.07918 0.8046722412 2.4203476906    0.803  0.503  3.7847  3.931    2  0.000  0.530     0.00     0.00     0.00     0.00     0.00 -1 -4.78e-13      0.00 8.504e-01 1.490e-01 1.157e-04 3.186e-05 2.912e-04 -1.000 6.480e-04 3.514 4.397 3.768 3.468 3.399 3.398 3.404
0.001 -1.19029 10.07918 0.8068130016 2.4210841656    0.805  0.538  3.7768  3.865    2  0.000  0.531     0.00     0.00     0.00     0.00     0.00 -1 -5.59e-13      0.00 8.314e-01 1.680e-01 1.284e-04 3.530e-05 3.223e-04 -1.000 6.650e-04 3.426 4.357 3.701 3.374 3.293 3.284 3.287
0.001 -1.19029 10.07918 0.8083806634 2.4216206074    0.807  0.565  3.7682  3.804    2  0.000  0.533     0.00     0.00     0.00     0.00     0.00 -1 -6.39e-13      0.00 8.059e-01 1.933e-01 1.441e-04 3.953e-05 3.603e-04 -1.000 8.111e-04 3.357 4.347 3.656 3.300 3.206 3.188 3.188
0.001 -1.19029 10.07918 0.8096613288 2.4220569134    0.808  0.591  3.7590  3.743    2  0.000  0.535     0.00     0.00     0.00     0.00     0.00 -1 -7.28e-13      0.00 7.874e-01 2.118e-01 1.549e-04 4.242e-05 3.862e-04 -1.000 8.882e-04 3.293 4.350 3.620 3.232 3.123 3.096 3.092
0.001 -1.19029 10.07918 0.8106545806 2.4223945141    0.809  0.620  3.7512  3.683    2  0.000  0.536     0.00     0.00     0.00     0.00     0.00 -1 -8.31e-13      0.00 7.774e-01 2.217e-01 1.606e-04 4.393e-05 3.996e-04 -1.000 9.033e-04 3.221 4.339 3.573 3.158 3.037 3.002 2.995
0.001 -1.19029 10.07918 0.8114572167 2.4226663113    0.810  0.653  3.7453  3.626    2  0.000  0.536     0.00     0.00     0.00     0.00     0.00 -1 -9.57e-13      0.00 7.716e-01 2.274e-01 1.638e-04 4.480e-05 4.074e-04 -1.000 9.139e-04 3.137 4.305 3.510 3.075 2.945 2.903 2.894
0.001 -1.19029 10.07918 0.8120916486 2.4228808880    0.810  0.687  3.7412  3.576    2  0.000  0.536     0.00     0.00     0.00     0.00     0.00 -1  -1.1e-12      0.00 7.681e-01 2.309e-01 1.657e-04 4.531e-05 4.119e-04 -1.000 9.683e-04 3.052 4.253 3.439 2.990 2.854 2.808 2.796
0.001 -1.19029 10.07918 0.8124058843 2.4229869843    0.811  0.706  3.7392  3.550    2  0.000  0.537     0.00     0.00     0.00     0.00     0.00 -1 -1.18e-12      0.00 7.666e-01 2.324e-01 1.666e-04 4.553e-05 4.139e-04 -1.000 1.000e-03 3.006 4.223 3.400 2.944 2.806 2.757 2.745
0.001 -1.19029 10.07918 0.8125219345 2.4230263233    0.811  0.714  3.7387  3.540    3  0.000  0.537     0.00     0.00     0.00     0.00     0.00 -1 -1.22e-12      0.00 7.661e-01 2.329e-01 1.668e-04 4.560e-05 4.144e-04 -1.000 1.000e-03 2.986 4.208 3.382 2.925 2.785 2.736 2.724
0.001 -1.19029 10.07918 0.8131327629 2.4232323170    0.811  0.758  3.7359  3.485    3  0.000  0.537     0.00     0.00     0.00     0.00     0.00 -1 -1.43e-12      0.00 7.635e-01 2.355e-01 1.679e-04 4.591e-05 4.173e-04 -1.000 9.929e-04 2.875 4.121 3.281 2.815 2.671 2.619 2.605
0.001 -1.19029 10.07918 0.8136473298 2.4234054089    0.812  0.799  3.7338  3.435    3  0.000  0.537     0.00     0.00     0.00     0.00     0.00 -1 -1.67e-12      0.00 7.615e-01 2.376e-01 1.688e-04 4.613e-05 4.192e-04 -1.000 9.076e-04 2.771 4.036 3.185 2.713 2.566 2.511 2.496
0.001 -1.19029 10.07918 0.8142183423 2.4235973358    0.812  0.849  3.7318  3.378    3  0.000  0.537     0.00     0.00     0.00     0.00     0.00 -1    -2e-12      0.00 7.592e-01 2.398e-01 1.695e-04 4.633e-05 4.210e-04 -1.000 9.948e-04 2.647 3.929 3.068 2.590 2.440 2.383 2.367
0.001 -1.19029 10.07918 0.8147460222 2.4237744808    0.813  0.899  3.7300  3.321    3  0.000  0.537     0.00     0.00     0.00     0.00     0.00 -1 -2.39e-12      0.00 7.573e-01 2.418e-01 1.701e-04 4.650e-05 4.225e-04 -1.000 9.010e-04 2.522 3.820 2.950 2.466 2.313 2.254 2.237
0.001 -1.19029 10.07918 0.8152754307 2.4239518642    0.813  0.954  3.7282  3.259    3  0.000  0.536     0.00     0.00     0.00     0.00     0.00 -1 -2.91e-12      0.00 7.550e-01 2.440e-01 1.704e-04 4.668e-05 4.237e-04 -1.000 9.770e-04 2.386 3.700 2.821 2.332 2.176 2.115 2.097
0.001 -1.19029 10.07918 0.8157442808 2.4241087437    0.814  1.006  3.7266  3.200    3  0.000  0.535     0.00     0.00     0.00     0.00     0.00 -1 -3.51e-12      0.00 7.532e-01 2.459e-01 1.704e-04 4.690e-05 4.247e-04 -1.000 9.184e-04 2.254 3.583 2.696 2.201 2.044 1.980 1.961
0.001 -1.19029 10.07918 0.8161420226 2.4242415428    0.814  1.055  3.7251  3.146    3  0.000  0.533     0.00     0.00     0.00     0.00     0.00 -1 -4.18e-12      0.00 7.515e-01 2.475e-01 1.701e-04 4.725e-05 4.254e-04 -1.000 9.809e-04 2.133 3.475 2.581 2.082 1.921 1.856 1.836
0.001 -1.19029 10.07918 0.8164533377 2.4243454933    0.814  1.096  3.7238  3.100    3  0.000  0.531     0.00     0.00     0.00     0.00     0.00 -1 -4.85e-12      0.00 7.503e-01 2.488e-01 1.696e-04 4.769e-05 4.259e-04 -1.000 9.197e-04 2.030 3.384 2.483 1.980 1.818 1.752 1.731
0.001 -1.19029 10.07918 0.8167979717 2.4244604111    0.814  1.145  3.7223  3.045    3  0.000  0.528     0.00     0.00     0.00     0.00     0.00 -1 -5.78e-12      0.00 7.490e-01 2.500e-01 1.688e-04 4.843e-05 4.263e-04 -1.000 9.666e-04 1.907 3.274 2.366 1.858 1.694 1.626 1.604
0.001 -1.19029 10.07918 0.8171275258 2.4245703220    0.815  1.197  3.7206  2.986    3  0.000  0.524     0.00     0.00     0.00     0.00     0.00 -1 -6.96e-12      0.00 7.478e-01 2.513e-01 1.678e-04 4.950e-05 4.268e-04 -1.000 9.781e-04 1.778 3.161 2.244 1.731 1.564 1.494 1.471
0.001 -1.19029 10.07918 0.8174259663 2.4246697426    0.815  1.248  3.7188  2.928    3  0.000  0.521     0.00     0.00     0.00     0.00     0.00 -1 -8.38e-12      0.00 7.468e-01 2.522e-01 1.667e-04 5.061e-05 4.270e-04 -1.000 9.991e-04 1.649 3.051 2.123 1.604 1.434 1.361 1.338
0.001 -1.19029 10.07918 0.8176864982 2.4247562885    0.815  1.298  3.7172  2.872    3  0.000  0.518     0.00     0.00     0.00     0.00     0.00 -1    -1e-11      0.00 7.461e-01 2.530e-01 1.659e-04 5.162e-05 4.273e-04 -1.000 9.229e-04 1.526 2.946 2.007 1.483 1.310 1.235 1.211
0.001 -1.19029 10.07918 0.8179219961 2.4248347282    0.815  1.346  3.7154  2.816    3  0.000  0.515     0.00     0.00     0.00     0.00     0.00 -1 -1.19e-11      0.00 7.455e-01 2.535e-01 1.652e-04 5.237e-05 4.274e-04 -1.000 9.773e-04 1.404 2.844 1.894 1.363 1.187 1.110 1.085
0.001 -1.19029 10.07918 0.8181338310 2.4249050617    0.815  1.394  3.7136  2.761    3  0.000  0.514     0.00     0.00     0.00     0.00     0.00 -1 -1.42e-11      0.00 7.452e-01 2.539e-01 1.647e-04 5.299e-05 4.275e-04 -1.000 9.370e-04 1.285 2.744 1.783 1.246 1.067 0.988 0.961
0.001 -1.19029 10.07918 0.8183305264 2.4249703884    0.815  1.443  3.7117  2.706    3  0.000  0.513     0.00     0.00     0.00     0.00     0.00 -1 -1.69e-11      0.00 7.449e-01 2.541e-01 1.644e-04 5.335e-05 4.276e-04 -1.000 9.374e-04 1.163 2.643 1.671 1.126 0.944 0.863 0.835
0.001 -1.19029 10.07918 0.8185046315 2.4250280857    0.815  1.490  3.7098  2.651    3  0.000  0.512     0.00     0.00     0.00     0.00     0.00 -1 -2.01e-11      0.00 7.448e-01 2.542e-01 1.643e-04 5.349e-05 4.276e-04 -1.000 9.377e-04 1.046 2.546 1.562 1.011 0.826 0.742 0.713
0.001 -1.19029 10.07918 0.8186669946 2.4250819683    0.815  1.538  3.7078  2.594    3  0.000  0.512     0.00     0.00     0.00     0.00     0.00 -1  -2.4e-11      0.00 7.448e-01 2.542e-01 1.643e-04 5.352e-05 4.276e-04 -1.000 9.381e-04 0.925 2.449 1.452 0.894 0.705 0.618 0.589
0.001 -1.19029 10.07918 0.8188105226 2.4251296520    0.815  1.584  3.7058  2.540    3  0.000  0.512     0.00     0.00     0.00     0.00     0.00 -1 -2.84e-11      0.00 7.448e-01 2.543e-01 1.643e-04 5.354e-05 4.276e-04 -1.000 9.384e-04 0.809 2.356 1.346 0.780 0.588 0.499 0.468
0.001 -1.19029 10.07918 0.8189384341 2.4251720905    0.815  1.629  3.7038  2.487    3  0.000  0.512     0.00     0.00     0.00     0.00     0.00 -1 -3.35e-11      0.00 7.448e-01 2.543e-01 1.643e-04 5.356e-05 4.276e-04 -1.000 9.386e-04 0.697 2.267 1.244 0.671 0.475 0.383 0.351
0.001 -1.19029 10.07918 0.8190570474 2.4252111912    0.815  1.675  3.7018  2.434    3  0.000  0.512     0.00     0.00     0.00     0.00     0.00 -1 -3.95e-11      0.00 7.448e-01 2.543e-01 1.642e-04 5.357e-05 4.276e-04 -1.000 9.388e-04 0.583 2.181 1.141 0.559 0.360 0.266 0.233
0.001 -1.19029 10.07918 0.8191623092 2.4252462387    0.815  1.718  3.6997  2.381    3  0.000  0.512     0.00     0.00     0.00     0.00     0.00 -1 -4.64e-11      0.00 7.448e-01 2.543e-01 1.642e-04 5.359e-05 4.276e-04 -1.000 9.391e-04 0.474 2.100 1.043 0.452 0.249 0.153 0.118
0.001 -1.19029 10.07918 0.8192616105 2.4252791405    0.815  1.763  3.6976  2.328    3  0.000  0.512     0.00     0.00     0.00     0.00     0.00 -1 -5.47e-11      0.00 7.448e-01 2.543e-01 1.642e-04 5.361e-05 4.276e-04 -1.000 9.393e-04 0.363 2.019 0.944 0.343 0.137 0.038 0.002
0.001 -1.19029 10.07918 0.8193510175 2.4253087044    0.814  1.806  3.6954  2.277    3  0.000  0.512     0.00     0.00     0.00     0.00     0.00 -1 -6.41e-11      0.00 7.448e-01 2.543e-01 1.642e-04 5.362e-05 4.276e-04 -1.000 9.395e-04 0.255 1.942 0.848 0.239 0.029 -0.074 -0.110
0.001 -1.19029 10.07918 0.8194346428 2.4253363609    0.814  1.849  3.6933  2.225    3  0.000  0.512     0.00     0.00     0.00     0.00     0.00 -1 -7.51e-11      0.00 7.448e-01 2.543e-01 1.642e-04 5.363e-05 4.276e-04 -1.000 9.396e-04 0.148 1.867 0.754 0.135 -0.079 -0.184 -0.222
0.001 -1.19029 10.07918 0.8195146918 2.4253628254    0.814  1.891  3.6911  2.174    3  0.000  0.512     0.00     0.00     0.00     0.00     0.00 -1 -8.78e-11      0.00 7.447e-01 2.543e-01 1.642e-04 5.364e-05 4.277e-04 -1.000 9.398e-04 0.043 1.792 0.661 0.032 -0.186 -0.293 -0.332
0.001 -1.19029 10.07918 0.8195968270 2.4253900051    0.814  1.931  3.6891  2.126    3  0.000  0.512     0.00     0.00     0.00     0.00     0.00 -1 -1.02e-10      0.00 7.447e-01 2.543e-01 1.642e-04 5.366e-05 4.277e-04 -1.000 9.400e-04 -0.057 1.724 0.575 -0.063 -0.285 -0.395 -0.435
0.001 -1.19029 10.07918 0.8196714520 2.4254145622    0.813  1.954  3.6881  2.099    3  0.000  0.512     0.00     0.00     0.00     0.00     0.00 -1 -1.11e-10      0.00 7.447e-01 2.543e-01 1.642e-04 5.367e-05 4.277e-04 -1.000 9.401e-04 -0.114 1.683 0.524 -0.119 -0.342 -0.454 -0.495
0.001 -1.19029 10.07918 0.8197335601 2.4254353046    0.813  1.934  3.6895  2.124    3  0.000  0.512     0.00     0.00     0.00     0.00     0.00 -1 -1.04e-10      0.00 7.447e-01 2.543e-01 1.642e-04 5.368e-05 4.277e-04 -1.000 9.402e-04 -0.065 1.710 0.564 -0.073 -0.293 -0.403 -0.443
0.001 -1.19029 10.07918 0.8197445869 2.4254388809    0.813  1.930  3.6898  2.129    3  0.000  0.512     0.00     0.00     0.00     0.00     0.00 -1 -1.02e-10      0.00 7.447e-01 2.543e-01 1.642e-04 5.368e-05 4.277e-04 -1.000 9.402e-04 -0.055 1.715 0.571 -0.064 -0.284 -0.393 -0.433
0.001 -1.19029 10.07918 0.8197942972 2.4254553318    0.813  1.966  3.6879  2.086    3  0.000  0.512     0.00     0.00     0.00     0.00     0.00 -1 -1.16e-10      0.00 7.447e-01 2.543e-01 1.642e-04 5.369e-05 4.277e-04 -1.000 9.404e-04 -0.144 1.656 0.495 -0.149 -0.372 -0.485 -0.525
0.001 -1.19029 10.07918 0.8198492527 2.4254734516    0.812  2.006  3.6856  2.036    3  0.000  0.512     0.00     0.00     0.00     0.00     0.00 -1 -1.35e-10      0.00 7.447e-01 2.543e-01 1.642e-04 5.369e-05 4.277e-04 -1.000 9.405e-04 -0.246 1.590 0.407 -0.246 -0.474 -0.589 -0.631
0.001 -1.19029 10.07918 0.8199022412 2.4254910946    0.812  2.048  3.6833  1.985    3  0.000  0.512     0.00     0.00     0.00     0.00     0.00 -1 -1.57e-10      0.00 7.447e-01 2.543e-01 1.642e-04 5.370e-05 4.277e-04 -1.000 9.406e-04 -0.350 1.527 0.319 -0.346 -0.578 -0.696 -0.740
0.001 -1.19029 10.07918 0.8199506998 2.4255070686    0.812  2.088  3.6810  1.935    3  0.000  0.512     0.00     0.00     0.00     0.00     0.00 -1 -1.82e-10      0.00 7.447e-01 2.543e-01 1.641e-04 5.371e-05 4.277e-04 -1.000 9.406e-04 -0.451 1.478 0.234 -0.446 -0.681 -0.802 -0.847
0.001 -1.19029 10.07918 0.8199965954 2.4255220890    0.811  2.130  3.6786  1.884    3  0.000  0.512     0.00     0.00     0.00     0.00     0.00 -1 -2.13e-10      0.00 7.447e-01 2.543e-01 1.641e-04 5.372e-05 4.277e-04 -1.000 9.408e-04 -0.554 1.432 0.150 -0.548 -0.786 -0.909 -0.956
0.001 -1.19029 10.07918 0.8200379014 2.4255359173    0.811  2.169  3.6763  1.835    3  0.000  0.512     0.00     0.00     0.00     0.00     0.00 -1 -2.47e-10      0.00 7.447e-01 2.544e-01 1.641e-04 5.372e-05 4.277e-04 -1.000 9.408e-04 -0.654 1.391 0.069 -0.645 -0.887 -1.014 -1.062
0.001 -1.19029 10.07918 0.8200763464 2.4255485535    0.810  2.210  3.6738  1.785    3  0.000  0.512     0.00     0.00     0.00     0.00     0.00 -1 -2.87e-10      0.00 7.447e-01 2.544e-01 1.641e-04 5.373e-05 4.277e-04 -1.000 9.410e-04 -0.754 1.353 -0.010 -0.743 -0.989 -1.118 -1.168
0.001 -1.19029 10.07918 0.8201115727 2.4255602360    0.810  2.249  3.6714  1.735    3  0.000  0.512     0.00     0.00     0.00     0.00     0.00 -1 -3.33e-10      0.00 7.447e-01 2.544e-01 1.641e-04 5.373e-05 4.277e-04 -1.000 9.410e-04 -0.853 1.315 -0.088 -0.839 -1.089 -1.221 -1.273
0.001 -1.19029 10.07918 0.8201442957 2.4255709648    0.809  2.289  3.6689  1.685    3  0.000  0.512     0.00     0.00     0.00     0.00     0.00 -1 -3.86e-10      0.00 7.447e-01 2.544e-01 1.641e-04 5.374e-05 4.277e-04 -1.000 9.410e-04 -0.951 1.283 -0.164 -0.934 -1.188 -1.324 -1.377
0.001 -1.19029 10.07918 0.8201739192 2.4255807400    0.809  2.327  3.6665  1.637    3  0.000  0.512     0.00     0.00     0.00     0.00     0.00 -1 -4.47e-10      0.00 7.447e-01 2.544e-01 1.641e-04 5.374e-05 4.277e-04 -1.000 9.410e-04 -1.048 1.255 -0.237 -1.026 -1.285 -1.423 -1.479
0.001 -1.19029 10.07918 0.8202019334 2.4255900383    0.808  2.366  3.6639  1.587    3  0.000  0.512     0.00     0.00     0.00     0.00     0.00 -1 -5.17e-10      0.00 7.447e-01 2.544e-01 1.641e-04 5.375e-05 4.277e-04 -1.000 9.412e-04 -1.146 1.230 -0.309 -1.119 -1.383 -1.524 -1.582
0.001 -1.19029 10.07918 0.8202274442 2.4255983829    0.807  2.405  3.6614  1.538    3  0.000  0.512     0.00     0.00     0.00     0.00     0.00 -1 -5.98e-10      0.00 7.447e-01 2.544e-01 1.641e-04 5.375e-05 4.277e-04 -1.000 9.412e-04 -1.241 1.210 -0.378 -1.210 -1.478 -1.623 -1.682
0.001 -1.19029 10.07918 0.8202511072 2.4256062508    0.807  2.443  3.6589  1.490    3  0.000  0.512     0.00     0.00     0.00     0.00     0.00 -1  -6.9e-10      0.00 7.447e-01 2.544e-01 1.641e-04 5.375e-05 4.277e-04 -1.000 9.413e-04 -1.336 1.193 -0.445 -1.299 -1.572 -1.720 -1.782
0.001 -1.19029 10.07918 0.8202728033 2.4256134033    0.806  2.480  3.6564  1.442    3  0.000  0.512     0.00     0.00     0.00     0.00     0.00 -1 -7.93e-10      0.00 7.447e-01 2.544e-01 1.641e-04 5.376e-05 4.277e-04 -1.000 9.413e-04 -1.429 1.176 -0.509 -1.383 -1.662 -1.814 -1.877
0.001 -1.19029 10.07918 0.8202975988 2.4256215096    0.805  2.525  3.6532  1.384    3  0.000  0.512     8.59     6.60     4.65     3.60     2.92  3 -9.44e-10      0.00 7.447e-01 2.544e-01 1.641e-04 5.376e-05 4.277e-04 -1.000 9.414e-04 -1.543 1.154 -0.586 -1.485 -1.771 -1.929 -1.995
0.001 -1.19029 10.07918 0.8203162551 2.4256277084    0.804  2.562  3.6507  1.336    3  0.000  0.512     9.50     7.19     5.05     3.91     3.17  3 -1.09e-09      0.00 7.447e-01 2.544e-01 1.641e-04 5.376e-05 4.277e-04 -1.000 9.414e-04 -1.634 1.137 -0.648 -1.567 -1.859 -2.021 -2.089
0.001 -1.19029 10.07918 0.8203367591 2.4256343842    0.803  2.605  3.6477  1.281    3  0.000  0.512    10.68     7.95     5.55     4.31     3.49  3 -1.28e-09      0.00 7.447e-01 2.544e-01 1.641e-04 5.377e-05 4.277e-04 -1.000 9.415e-04 -1.742 1.116 -0.720 -1.662 -1.962 -2.129 -2.199
0.001 -1.19029 10.07918 0.8203560710 2.4256408215    0.801  2.649  3.6446  1.223    3  0.000  0.512    12.04     8.81     6.12     4.76     3.86  3 -1.51e-09      0.00 7.447e-01 2.544e-01 1.641e-04 5.377e-05 4.277e-04 -1.000 9.414e-04 -1.851 1.101 -0.790 -1.757 -2.065 -2.238 -2.311
0.001 -1.19029 10.07918 0.8203707933 2.4256458282    0.800  2.684  3.6420  1.177    3  0.000  0.512    13.29     9.58     6.64     5.17     4.19  3 -1.73e-09      0.00 7.447e-01 2.544e-01 1.641e-04 5.377e-05 4.277e-04 -1.000 9.415e-04 -1.941 1.089 -0.847 -1.834 -2.150 -2.327 -2.402
0.001 -1.19029 10.07918 0.8203867674 2.4256510735    0.799  2.726  3.6390  1.123    3  0.000  0.512    14.89    10.56     7.28     5.68     4.60  2 -2.03e-09      0.00 7.447e-01 2.544e-01 1.641e-04 5.377e-05 4.277e-04 -1.000 9.416e-04 -2.044 1.075 -0.913 -1.924 -2.247 -2.430 -2.507
0.001 -1.19029 10.07918 0.8204019666 2.4256560802    0.797  2.768  3.6359  1.067    3  0.000  0.512    16.74    11.67     8.01     6.26     5.07  2 -2.39e-09      0.00 7.447e-01 2.544e-01 1.641e-04 5.378e-05 4.277e-04 -1.000 9.415e-04 -2.150 1.064 -0.977 -2.013 -2.345 -2.533 -2.613
0.001 -1.19029 10.07918 0.8204163909 2.4256608486    0.795  2.811  3.6326  1.010    3  0.000  0.512    18.87    12.92     8.83     6.91     5.60  2 -2.82e-09      0.00 7.447e-01 2.544e-01 1.641e-04 5.378e-05 4.277e-04 -1.000 9.416e-04 -2.256 1.058 -1.040 -2.102 -2.444 -2.638 -2.721
0.001 -1.19029 10.07918 0.8204287291 2.4256649017    0.793  2.850  3.6298  0.959    3  0.000  0.512    21.03    14.17     9.64     7.56     6.13  2 -3.27e-09      0.00 7.447e-01 2.544e-01 1.641e-04 5.378e-05 4.277e-04 -1.000 9.416e-04 -2.354 1.057 -1.095 -2.183 -2.535 -2.735 -2.820
0.001 -1.19029 10.07918 0.8204405904 2.4256687164    0.791  2.889  3.6268  0.906    3  0.000  0.512    23.50    15.58    10.56     8.29     6.72  2 -3.82e-09      0.00 7.447e-01 2.544e-01 1.641e-04 5.378e-05 4.277e-04 -1.000 9.416e-04 -2.453 1.057 -1.146 -2.264 -2.626 -2.832 -2.919
0.001 -1.19029 10.07918 0.8204517961 2.4256725311    0.789  2.930  3.6236  0.851    3  0.000  0.512    26.37    17.19    11.59     9.11     7.39  2 -4.47e-09      0.00 7.447e-01 2.544e-01 1.641e-04 5.378e-05 4.277e-04 -1.000 9.417e-04 -2.554 1.065 -1.194 -2.344 -2.717 -2.930 -3.020
0.001 -1.19029 10.07918 0.8204618692 2.4256758690    0.786  2.969  3.6206  0.799    3  0.000  0.512    29.43    18.87    12.67     9.98     8.10  1  -5.2e-09      0.00 7.447e-01 2.544e-01 1.641e-04 5.379e-05 4.277e-04 -1.000 9.417e-04 -2.651 1.068 -1.242 -2.422 -2.805 -3.024 -3.117
0.001 -1.19029 10.07918 0.8204712272 2.4256789684    0.783  3.006  3.6177  0.749    3  0.000  0.512    32.74    20.66    13.82    10.90     8.84  1 -6.02e-09      0.00 7.447e-01 2.544e-01 1.641e-04 5.379e-05 4.277e-04 -1.000 9.417e-04 -2.746 1.069 -1.289 -2.497 -2.891 -3.116 -3.212
0.001 -1.19029 10.07918 0.8204799294 2.4256818295    0.781  3.044  3.6147  0.697    3  0.000  0.512    36.48    22.66    15.09    11.92     9.67  1 -6.98e-09      0.00 7.447e-01 2.544e-01 1.641e-04 5.379e-05 4.277e-04 -1.000 9.417e-04 -2.840 1.075 -1.331 -2.570 -2.975 -3.207 -3.305
0.001 -1.19029 10.07918 0.8204883933 2.4256844521    0.777  3.082  3.6117  0.645    3  0.000  0.512    40.70    24.87    16.49    13.04    10.59  1 -8.11e-09      0.00 7.447e-01 2.544e-01 1.641e-04 5.379e-05 4.277e-04 -1.000 9.418e-04 -2.936 1.078 -1.375 -2.644 -3.061 -3.300 -3.400
0.001 -1.19029 10.07918 0.8204957247 2.4256870747    0.774  3.118  3.6090  0.597    3  0.000  0.512    45.04    27.10    17.90    14.18    11.51  1 -9.33e-09      0.00 7.447e-01 2.544e-01 1.641e-04 5.379e-05 4.277e-04 -1.000 9.418e-04 -3.025 1.079 -1.415 -2.713 -3.140 -3.385 -3.487
0.001 -1.19029 10.07918 0.8205028772 2.4256892204    0.770  3.154  3.6061  0.547    3  0.000  0.512    50.02    29.62    19.48    15.45    12.55  1 -1.08e-08      0.00 7.447e-01 2.544e-01 1.641e-04 5.379e-05 4.277e-04 -1.000 9.418e-04 -3.115 1.078 -1.452 -2.780 -3.220 -3.471 -3.576
0.001 -1.19029 10.07918 0.8205096126 2.4256916046    0.766  3.190  3.6033  0.497    3  0.000  0.512    55.51    32.35    21.19    16.84    13.68  1 -1.24e-08      0.00 7.447e-01 2.544e-01 1.641e-04 5.379e-05 4.277e-04 -1.000 9.418e-04 -3.205 1.076 -1.487 -2.847 -3.298 -3.556 -3.664
0.001 -1.19029 10.07918 0.8205158710 2.4256935120    0.762  3.225  3.6006  0.450    3  0.000  0.512    61.39    35.23    22.99    18.29    14.86  1 -1.42e-08      0.00 7.447e-01 2.544e-01 1.641e-04 5.379e-05 4.277e-04 -1.000 9.419e-04 -3.292 1.073 -1.515 -2.908 -3.374 -3.639 -3.749
0.001 -1.19029 10.07918 0.8205215335 2.4256954193    0.758  3.258  3.5980  0.403    3  0.000  0.512    67.65    38.24    24.86    19.80    16.09  1 -1.63e-08      0.00 7.447e-01 2.544e-01 1.641e-04 5.380e-05 4.277e-04 -1.000 9.418e-04 -3.375 1.066 -1.539 -2.967 -3.446 -3.718 -3.831
0.001 -1.19029 10.07918 0.8205268979 2.4256973267    0.753  3.290  3.5955  0.359    3  0.000  0.512    74.29    41.39    26.80    21.38    17.38  1 -1.85e-08      0.00 7.447e-01 2.544e-01 1.641e-04 5.380e-05 4.277e-04 -1.000 9.418e-04 -3.455 1.061 -1.562 -3.022 -3.515 -3.793 -3.909
0.001 -1.19029 10.07918 0.8205321431 2.4256989956    0.748  3.320  3.5931  0.316    3  0.000  0.512    81.27    44.63    28.80    23.01    18.70  1 -2.09e-08      0.00 7.447e-01 2.544e-01 1.641e-04 5.380e-05 4.277e-04 -1.000 9.418e-04 -3.530 1.056 -1.584 -3.074 -3.580 -3.865 -3.983
0.001 -1.19029 10.07918 0.8205332756 2.4256994724    0.747  3.327  3.5925  0.307    3  0.000  0.512    82.89    45.38    29.26    23.39    19.01  1 -2.15e-08      0.00 7.447e-01 2.544e-01 1.641e-04 5.380e-05 4.277e-04 -1.000 9.418e-04 -3.547 1.055 -1.588 -3.086 -3.594 -3.881 -3.999
0.001 -1.19029 10.07918 0.8205332756 2.4256994724    0.747  1.730  3.7443  2.510    4  0.000  0.518     0.00     0.00     0.00     0.00     0.00 -1    -1e-30      0.00 7.405e-01 2.585e-01 1.687e-04 5.258e-05 4.343e-04 -1.000 1.000e-03 0.444 1.588 0.802 0.385 0.257 0.212 0.200
0.001 -1.19029 10.07918 0.8205833435 2.4257159233    0.747  1.746  3.7431  2.489    4  0.000  0.518     0.00     0.00     0.00     0.00     0.00 -1    -1e-30      0.00 7.405e-01 2.585e-01 1.687e-04 5.258e-05 4.343e-04 -1.000 1.000e-03 0.404 1.558 0.767 0.345 0.216 0.169 0.157
0.001 -1.19029 10.07918 0.8206344843 2.4257328510    0.747  1.750  3.7429  2.485    4  0.000  0.518     0.00     0.00     0.00     0.00     0.00 -1    -1e-30      0.00 7.405e-01 2.585e-01 1.687e-04 5.258e-05 4.343e-04 -1.000 1.000e-03 0.396 1.551 0.759 0.337 0.208 0.161 0.148
0.001 -1.19029 10.07918 0.8206865788 2.4257500172    0.747  1.751  3.7431  2.484    4  0.000  0.518     0.00     0.00     0.00     0.00     0.00 -1    -1e-30      0.00 7.405e-01 2.585e-01 1.687e-04 5.258e-05 4.343e-04 -1.000 1.000e-03 0.392 1.546 0.755 0.333 0.204 0.157 0.145
0.001 -1.19029 10.07918 0.8207404017 2.4257676601    0.747  1.752  3.7434  2.485    4  0.000  0.518     0.00     0.00     0.00     0.00     0.00 -1    -1e-30      0.00 7.405e-01 2.585e-01 1.687e-04 5.258e-05 4.343e-04 -1.000 1.000e-03 0.391 1.542 0.752 0.331 0.203 0.157 0.145
0.001 -1.19029 10.07918 0.8207927346 2.4257848263    0.747  1.752  3.7440  2.488    4  0.000  0.518     0.00     0.00     0.00     0.00     0.00 -1    -1e-30      0.00 7.405e-01 2.585e-01 1.687e-04 5.258e-05 4.343e-04 -1.000 1.000e-03 0.391 1.537 0.750 0.332 0.204 0.158 0.147
0.001 -1.19029 10.07918 0.8208455443 2.4258022308    0.747  1.751  3.7447  2.491    4  0.000  0.518     0.00     0.00     0.00     0.00     0.00 -1    -1e-30      0.00 7.405e-01 2.585e-01 1.687e-04 5.258e-05 4.343e-04 -1.000 1.000e-03 0.393 1.533 0.749 0.333 0.207 0.162 0.150
0.001 -1.19029 10.07918 0.8208994865 2.4258201122    0.747  1.750  3.7455  2.496    4  0.000  0.518     0.00     0.00     0.00     0.00     0.00 -1    -1e-30      0.00 7.405e-01 2.585e-01 1.687e-04 5.258e-05 4.343e-04 -1.000 1.000e-03 0.396 1.529 0.749 0.336 0.211 0.167 0.156
0.001 -1.19029 10.07918 0.8209527135 2.4258377552    0.747  1.748  3.7464  2.501    4  0.000  0.518     0.00     0.00     0.00     0.00     0.00 -1    -1e-30      0.00 7.405e-01 2.585e-01 1.687e-04 5.258e-05 4.343e-04 -1.000 1.000e-03 0.399 1.525 0.748 0.339 0.215 0.172 0.162
0.001 -1.19029 10.07918 0.8210067749 2.4258553982    0.747  1.747  3.7473  2.506    4  0.000  0.518     0.00     0.00     0.00     0.00     0.00 -1    -1e-30      0.00 7.405e-01 2.585e-01 1.687e-04 5.258e-05 4.343e-04 -1.000 1.000e-03 0.403 1.521 0.748 0.342 0.220 0.178 0.167
0.001 -1.19029 10.07918 0.8210579157 2.4258723259    0.747  1.746  3.7481  2.510    4  0.000  0.518     0.00     0.00     0.00     0.00     0.00 -1    -1e-30      0.00 7.405e-01 2.585e-01 1.687e-04 5.258e-05 4.343e-04 -1.000 1.000e-03 0.406 1.517 0.748 0.344 0.224 0.182 0.172
0.001 -1.19029 10.07918 0.8211125135 2.4258902073    0.747  1.745  3.7489  2.515    4  0.000  0.518     0.00     0.00     0.00     0.00     0.00 -1    -1e-30      0.00 7.405e-01 2.585e-01 1.687e-04 5.258e-05 4.343e-04 -1.000 1.000e-03 0.409 1.513 0.747 0.347 0.227 0.187 0.177
0.001 -1.19029 10.07918 0.8211660385 2.4259078503    0.747  1.744  3.7497  2.519    4  0.000  0.518     0.00     0.00     0.00     0.00     0.00 -1    -1e-30      0.00 7.405e-01 2.585e-01 1.687e-04 5.258e-05 4.343e-04 -1.000 1.000e-03 0.411 1.509 0.746 0.349 0.231 0.191 0.182
0.001 -1.19029 10.07918 0.8212161660 2.4259245396    0.747  1.743  3.7502  2.522    4  0.000  0.518     0.00     0.00     0.00     0.00     0.00 -1    -1e-30      0.00 7.405e-01 2.585e-01 1.687e-04 5.258e-05 4.343e-04 -1.000 1.000e-03 0.413 1.506 0.746 0.350 0.233 0.194 0.185
0.001 -1.19029 10.07918 0.8212690949 2.4259419441    0.747  1.742  3.7508  2.524    4  0.000  0.518     0.00     0.00     0.00     0.00     0.00 -1    -1e-30      0.00 7.405e-01 2.585e-01 1.687e-04 5.258e-05 4.343e-04 -1.000 1.000e-03 0.414 1.503 0.745 0.351 0.236 0.197 0.188
0.001 -1.19029 10.07918 0.8212814331 2.4259459972    0.747  1.742  3.7509  2.525    4  0.000  0.518     0.00     0.00     0.00     0.00     0.00 -1    -1e-30      0.00 7.405e-01 2.585e-01 1.687e-04 5.258e-05 4.343e-04 -1.000 1.000e-03 0.415 1.502 0.745 0.352 0.236 0.198 0.189
0.001 -1.19029 10.07918 0.8212915659 2.4259493351    0.747  1.742  3.7510  2.525    4  0.000  0.518     0.00     0.00     0.00     0.00     0.00 -1    -1e-30      0.00 7.405e-01 2.585e-01 1.687e-04 5.258e-05 4.343e-04 -1.000 9.999e-04 0.415 1.502 0.745 0.352 0.236 0.198 0.189
0.001 -1.19029 10.07918 0.8213431239 2.4259662628    0.748  1.742  3.7513  2.527    4  0.000  0.518     0.00     0.00     0.00     0.00     0.00 -1    -1e-30      0.00 7.405e-01 2.585e-01 1.687e-04 5.258e-05 4.343e-04 -1.000 1.000e-03 0.415 1.499 0.743 0.352 0.237 0.199 0.191
0.001 -1.19029 10.07918 0.8213955164 2.4259834290    0.748  1.742  3.7516  2.528    4  0.000  0.518     0.00     0.00     0.00     0.00     0.00 -1    -1e-30      0.00 7.405e-01 2.585e-01 1.687e-04 5.258e-05 4.343e-04 -1.000 1.000e-03 0.414 1.497 0.742 0.351 0.237 0.199 0.191
0.001 -1.19029 10.07918 0.8214464188 2.4260001183    0.748  1.743  3.7516  2.528    4  0.000  0.518     0.00     0.00     0.00     0.00     0.00 -1    -1e-30      0.00 7.405e-01 2.585e-01 1.687e-04 5.258e-05 4.343e-04 -1.000 1.000e-03 0.413 1.495 0.740 0.350 0.236 0.198 0.190
0.001 -1.19029 10.07918 0.8214968443 2.4260168076    0.748  1.744  3.7516  2.527    4  0.000  0.518     0.00     0.00     0.00     0.00     0.00 -1    -1e-30      0.00 7.405e-01 2.585e-01 1.687e-04 5.258e-05 4.343e-04 -1.000 1.000e-03 0.411 1.493 0.738 0.348 0.234 0.196 0.188
0.001 -1.19029 10.07918 0.8215468526 2.4260332584    0.748  1.745  3.7515  2.525    4  0.000  0.518     0.00     0.00     0.00     0.00     0.00 -1    -1e-30      0.00 7.405e-01 2.585e-01 1.687e-04 5.258e-05 4.343e-04 -1.000 1.000e-03 0.408 1.492 0.736 0.345 0.231 0.193 0.185
0.001 -1.19029 10.07918 0.8215996027 2.4260506630    0.748  1.746  3.7511  2.522    4  0.000  0.518     0.00     0.00     0.00     0.00     0.00 -1    -1e-30      0.00 7.405e-01 2.585e-01 1.687e-04 5.258e-05 4.343e-04 -1.000 1.000e-03 0.404 1.490 0.733 0.341 0.226 0.188 0.179
0.001 -1.19029 10.07918 0.8216524720 2.4260680676    0.748  1.749  3.7506  2.518    4  0.000  0.518     0.00     0.00     0.00     0.00     0.00 -1    -1e-30      0.00 7.405e-01 2.585e-01 1.687e-04 5.258e-05 4.343e-04 -1.000 1.000e-03 0.399 1.489 0.730 0.336 0.220 0.181 0.172
0.001 -1.19029 10.07918 0.8216652274 2.4260721207    0.748  1.749  3.7505  2.517    4  0.000  0.518     0.00     0.00     0.00     0.00     0.00 -1    -1e-30      0.00 7.405e-01 2.585e-01 1.687e-04 5.258e-05 4.343e-04 -1.000 1.000e-03 0.397 1.489 0.729 0.334 0.218 0.179 0.170
0.001 -1.19029 10.07918 0.8216865659 2.4260792732    0.748  1.750  3.7502  2.514    4  0.000  0.518     0.00     0.00     0.00     0.00     0.00 -1    -1e-30      0.00 7.405e-01 2.585e-01 1.687e-04 5.258e-05 4.343e-04 -1.000 1.000e-03 0.395 1.488 0.727 0.332 0.215 0.176 0.167
0.001 -1.19029 10.07918 0.8217313290 2.4260940552    0.748  1.753  3.7496  2.509    4  0.000  0.518     0.00     0.00     0.00     0.00     0.00 -1    -1e-30      0.00 7.405e-01 2.585e-01 1.687e-04 5.258e-05 4.343e-04 -1.000 1.000e-03 0.388 1.487 0.724 0.326 0.208 0.168 0.159
0.001 -1.19029 10.07918 0.8217762709 2.4261088371    0.748  1.756  3.7489  2.504    4  0.000  0.518     0.00     0.00     0.00     0.00     0.00 -1    -1e-30      0.00 7.405e-01 2.585e-01 1.687e-04 5.258e-05 4.343e-04 -1.000 1.000e-03 0.381 1.485 0.719 0.319 0.200 0.159 0.150
0.001 -1.19029 10.07918 0.8218216300 2.4261236191    0.748  1.759  3.7482  2.498    4  0.000  0.518     0.00     0.00     0.00     0.00     0.00 -1    -1e-30      0.00 7.405e-01 2.585e-01 1.687e-04 5.258e-05 4.343e-04 -1.000 1.000e-03 0.373 1.484 0.715 0.312 0.191 0.150 0.140
0.001 -1.19029 10.07918 0.8218674660 2.4261386395    0.748  1.763  3.7473  2.491    4  0.000  0.518     0.00     0.00     0.00     0.00     0.00 -1    -1e-30      0.00 7.405e-01 2.585e-01 1.687e-04 5.258e-05 4.343e-04 -1.000 1.000e-03 0.364 1.482 0.709 0.302 0.181 0.138 0.128
0.001 -1.19029 10.07918 0.8219115734 2.4261531830    0.748  1.767  3.7462  2.481    4  0.000  0.518     0.00     0.00     0.00     0.00     0.00 -1    -1e-30      0.00 7.405e-01 2.585e-01 1.687e-04 5.258e-05 4.343e-04 -1.000 1.000e-03 0.352 1.480 0.701 0.291 0.167 0.124 0.113
0.001 -1.19029 10.07918 0.8219559789 2.4261677265    0.748  1.772  3.7450  2.472    4  0.000  0.518     0.00     0.00     0.00     0.00     0.00 -1    -1e-30      0.00 7.405e-01 2.585e-01 1.687e-04 5.258e-05 4.343e-04 -1.000 1.000e-03 0.339 1.477 0.693 0.279 0.153 0.108 0.097
0.001 -1.19029 10.07918 0.8220008016 2.4261825085    0.748  1.777  3.7442  2.464    4  0.000  0.518     0.00     0.00     0.00     0.00     0.00 -1    -1e-30      0.00 7.405e-01 2.585e-01 1.687e-04 5.258e-05 4.343e-04 -1.000 1.000e-03 0.327 1.472 0.685 0.267 0.140 0.094 0.083
0.001 -1.19029 10.07918 0.8220454454 2.4261972904    0.748  1.783  3.7430  2.453    4  0.000  0.518     0.00     0.00     0.00     0.00     0.00 -1    -1e-30      0.00 7.405e-01 2.585e-01 1.687e-04 5.258e-05 4.343e-04 -1.000 1.000e-03 0.313 1.469 0.675 0.254 0.125 0.078 0.065
0.001 -1.19029 10.07918 0.8220912814 2.4262123108    0.748  1.791  3.7413  2.438    4  0.000  0.518     0.00     0.00     0.00     0.00     0.00 -1    -1e-30      0.00 7.405e-01 2.585e-01 1.687e-04 5.258e-05 4.343e-04 -1.000 1.000e-03 0.292 1.461 0.660 0.232 0.101 0.052 0.039
0.001 -1.19029 10.07918 0.8221356869 2.4262268543    0.748  1.802  3.7394  2.420    4  0.000  0.518     0.00     0.00     0.00     0.00     0.00 -1    -1e-30      0.00 7.405e-01 2.585e-01 1.687e-04 5.258e-05 4.343e-04 -1.000 1.000e-03 0.265 1.452 0.641 0.207 0.072 0.021 0.007
0.001 -1.19029 10.07918 0.8221828341 2.4262423515    0.748  1.816  3.7371  2.396    4  0.000  0.518     0.00     0.00     0.00     0.00     0.00 -1    -1e-30      0.00 7.405e-01 2.585e-01 1.687e-04 5.258e-05 4.343e-04 -1.000 1.000e-03 0.229 1.439 0.615 0.172 0.033 -0.020 -0.035
0.001 -1.19029 10.07918 0.8222278357 2.4262571335    0.749  1.842  3.7332  2.355    4  0.000  0.518     0.00     0.00     0.00     0.00     0.00 -1    -1e-30      0.00 7.405e-01 2.585e-01 1.687e-04 5.258e-05 4.343e-04 -1.000 1.000e-03 0.165 1.414 0.567 0.109 -0.036 -0.094 -0.110
0.001 -1.19029 10.07918 0.8222612739 2.4262681007    0.749  1.876  3.7284  2.302    4  0.000  0.518     0.00     0.00     0.00     0.00     0.00 -1    -1e-30      0.00 7.405e-01 2.585e-01 1.687e-04 5.258e-05 4.343e-04 -1.000 1.000e-03 0.080 1.379 0.502 0.025 -0.128 -0.191 -0.210
0.001 -1.19029 10.07918 0.8222776055 2.4262733459    0.749  1.912  3.7236  2.247    4  0.000  0.518     0.00     0.00     0.00     0.00     0.00 -1    -1e-30      0.00 7.405e-01 2.585e-01 1.687e-04 5.258e-05 4.343e-04 -1.000 1.000e-03 -0.009 1.343 0.435 -0.061 -0.222 -0.290 -0.312
0.001 -1.19029 10.07918 0.8222845793 2.4262757301    0.749  1.945  3.7194  2.197    4  0.000  0.518     0.00     0.00     0.00     0.00     0.00 -1    -1e-30      0.00 7.405e-01 2.585e-01 1.687e-04 5.258e-05 4.343e-04 -1.000 1.000e-03 -0.092 1.307 0.372 -0.141 -0.309 -0.382 -0.406
0.001 -1.19029 10.07918 0.8222880960 2.4262769222    0.749  1.979  3.7153  2.146    4  0.000  0.518     0.00     0.00     0.00     0.00     0.00 -1    -1e-30      0.00 7.405e-01 2.585e-01 1.687e-04 5.258e-05 4.343e-04 -1.000 1.000e-03 -0.178 1.271 0.306 -0.224 -0.399 -0.477 -0.503
0.001 -1.19029 10.07918 0.8222898245 2.4262773991    0.749  2.009  3.7118  2.102    4  0.000  0.518     0.00     0.00     0.00     0.00     0.00 -1    -1e-30      0.00 7.405e-01 2.585e-01 1.687e-04 5.258e-05 4.343e-04 -1.000 1.000e-03 -0.253 1.237 0.248 -0.297 -0.477 -0.559 -0.587
0.001 -1.19029 10.07918 0.8222908974 2.4262778759    0.749  2.037  3.7088  2.062    4  0.000  0.518     0.00     0.00     0.00     0.00     0.00 -1    -1e-30      0.00 7.405e-01 2.585e-01 1.687e-04 5.258e-05 4.343e-04 -1.000 1.000e-03 -0.323 1.205 0.194 -0.363 -0.550 -0.635 -0.664
0.001 -1.19029 10.07918 0.8222911954 2.4262778759    0.749  2.047  3.7078  2.048    7  0.000  0.518     0.00     0.00     0.00     0.00     0.00 -1 -9.89e-10      0.00 7.405e-01 2.569e-01 1.687e-04 5.258e-05 4.343e-04 -1.000 2.600e-03 -0.349 1.194 0.174 -0.387 -0.575 -0.662 -0.692
0.001 -1.19029 10.07918 0.8222921491 2.4262781143    0.749  2.087  3.7040  1.993    7  0.000  0.518     0.00     0.00     0.00     0.00     0.00 -1 -1.26e-09      0.00 7.405e-01 2.569e-01 1.687e-04 5.258e-05 4.343e-04 -1.000 2.600e-03 -0.447 1.145 0.096 -0.482 -0.676 -0.768 -0.799
0.001 -1.19029 10.07918 0.8222931027 2.4262785912    0.748  2.128  3.7001  1.936    7  0.000  0.518     0.00     0.00     0.00     0.00     0.00 -1  -1.6e-09      0.00 7.405e-01 2.569e-01 1.687e-04 5.258e-05 4.343e-04 -1.000 2.600e-03 -0.551 1.098 0.015 -0.581 -0.782 -0.879 -0.913
0.001 -1.19029 10.07918 0.8222939372 2.4262788296    0.748  2.165  3.6967  1.886    7  0.000  0.518     0.00     0.00     0.00     0.00     0.00 -1 -1.98e-09      0.00 7.405e-01 2.569e-01 1.687e-04 5.258e-05 4.343e-04 -1.000 2.600e-03 -0.643 1.059 -0.057 -0.668 -0.876 -0.977 -1.012
0.001 -1.19029 10.07918 0.8222948313 2.4262790680    0.748  2.196  3.6939  1.844    7  0.000  0.518     0.00     0.00     0.00     0.00     0.00 -1 -2.37e-09      0.00 7.405e-01 2.569e-01 1.687e-04 5.258e-05 4.343e-04 -1.000 2.600e-03 -0.720 1.025 -0.116 -0.741 -0.954 -1.058 -1.096
0.001 -1.19029 10.07918 0.8222962618 2.4262795448    0.748  2.224  3.6915  1.806    7  0.000  0.518     0.00     0.00     0.00     0.00     0.00 -1 -2.78e-09      0.00 7.405e-01 2.569e-01 1.687e-04 5.258e-05 4.343e-04 -1.000 2.600e-03 -0.790 0.994 -0.171 -0.807 -1.024 -1.132 -1.170
0.001 -1.19029 10.07918 0.8222987652 2.4262804985    0.748  2.192  3.6944  1.849    7  0.000  0.518     0.00     0.00     0.00     0.00     0.00 -1  -2.3e-09      0.00 7.405e-01 2.569e-01 1.687e-04 5.258e-05 4.343e-04 -1.000 2.600e-03 -0.710 1.029 -0.109 -0.731 -0.943 -1.047 -1.084
0.001 -1.19029 10.07918 0.8223028183 2.4262816906    0.747  2.169  3.6964  1.880    7  0.000  0.518     0.00     0.00     0.00     0.00     0.00 -1 -2.01e-09      0.00 7.405e-01 2.569e-01 1.687e-04 5.258e-05 4.343e-04 -1.000 2.600e-03 -0.653 1.053 -0.065 -0.678 -0.886 -0.987 -1.023
0.001 -1.19029 10.07918 0.8223280907 2.4262900352    0.745  2.168  3.6964  1.880    7  0.000  0.518     0.00     0.00     0.00     0.00     0.00 -1 -2.02e-09      0.00 7.405e-01 2.569e-01 1.687e-04 5.258e-05 4.343e-04 -1.000 2.600e-03 -0.650 1.057 -0.062 -0.675 -0.883 -0.984 -1.020
0.001 -1.19029 10.07918 0.8223463893 2.4262959957    0.743  2.197  3.6937  1.839    7  0.000  0.518     0.00     0.00     0.00     0.00     0.00 -1 -2.42e-09      0.00 7.405e-01 2.569e-01 1.687e-04 5.258e-05 4.343e-04 -1.000 2.600e-03 -0.723 1.026 -0.118 -0.743 -0.957 -1.062 -1.099
0.001 -1.19029 10.07918 0.8223657012 2.4263024330    0.741  2.240  3.6898  1.779    7  0.000  0.518     0.00     0.00     0.00     0.00     0.00 -1 -3.16e-09      0.00 7.405e-01 2.569e-01 1.687e-04 5.258e-05 4.343e-04 -1.000 2.600e-03 -0.831 0.981 -0.201 -0.845 -1.066 -1.176 -1.216
0.001 -1.19029 10.07918 0.8223844767 2.4263086319    0.738  2.285  3.6859  1.717    7  0.000  0.518     0.00     0.00     0.00     0.00     0.00 -1 -4.11e-09      0.00 7.405e-01 2.569e-01 1.687e-04 5.258e-05 4.343e-04 -1.000 2.600e-03 -0.942 0.938 -0.285 -0.948 -1.176 -1.292 -1.334
0.001 -1.19029 10.07918 0.8224009871 2.4263138771    0.734  2.327  3.6823  1.658    7  0.000  0.518     0.00     0.00     0.00     0.00     0.00 -1 -5.29e-09      0.00 7.405e-01 2.569e-01 1.687e-04 5.258e-05 4.343e-04 -1.000 2.600e-03 -1.048 0.912 -0.364 -1.051 -1.284 -1.404 -1.449
0.001 -1.19029 10.07918 0.8224155307 2.4263186455    0.730  2.369  3.6787  1.599    7  0.000  0.518     0.00     0.00     0.00     0.00     0.00 -1 -6.83e-09      0.00 7.405e-01 2.569e-01 1.687e-04 5.258e-05 4.343e-04 -1.000 2.586e-03 -1.152 0.891 -0.440 -1.152 -1.391 -1.515 -1.562
0.001 -1.19029 10.07918 0.8224282861 2.4263229370    0.726  2.410  3.6752  1.541    7  0.000  0.518     0.00     0.00     0.00     0.00     0.00 -1  -8.8e-09      0.00 7.405e-01 2.570e-01 1.686e-04 5.258e-05 4.343e-04 -1.000 2.525e-03 -1.255 0.877 -0.513 -1.251 -1.496 -1.624 -1.674
0.001 -1.19029 10.07918 0.8224394917 2.4263265133    0.720  2.451  3.6717  1.483    7  0.000  0.517     0.00     0.00     0.00     0.00     0.00 -1 -1.13e-08      0.00 7.405e-01 2.570e-01 1.686e-04 5.261e-05 4.343e-04 -1.000 2.501e-03 -1.357 0.867 -0.584 -1.348 -1.600 -1.732 -1.784
0.001 -1.19029 10.07918 0.8224495053 2.4263298512    0.715  2.492  3.6683  1.426    7  0.000  0.517     0.00     0.00     0.00     0.00     0.00 -1 -1.45e-08      0.00 7.405e-01 2.570e-01 1.683e-04 5.271e-05 4.343e-04 -1.000 2.488e-03 -1.459 0.866 -0.651 -1.445 -1.703 -1.839 -1.894
0.001 -1.19029 10.07918 0.8224586844 2.4263329506    0.708  2.532  3.6648  1.367    7  0.000  0.514     8.55     6.59     4.63     3.60     2.91  3 -1.87e-08      0.00 7.405e-01 2.571e-01 1.675e-04 5.318e-05 4.343e-04 -1.000 2.405e-03 -1.561 0.872 -0.715 -1.540 -1.805 -1.946 -2.003
0.001 -1.19029 10.07918 0.8224669695 2.4263355732    0.699  2.573  3.6603  1.303    7  0.000  0.508     9.77     7.37     5.15     4.02     3.25  2 -2.42e-08      0.00 7.405e-01 2.571e-01 1.655e-04 5.505e-05 4.343e-04 -1.000 2.399e-03 -1.663 0.916 -0.766 -1.633 -1.906 -2.054 -2.115
0.001 -1.19029 10.07918 0.8224728703 2.4263374805    0.692  2.604  3.6531  1.239    7  0.000  0.502    11.16     8.25     5.74     4.48     3.63  2 -3.01e-08      0.00 7.405e-01 2.571e-01 1.634e-04 5.744e-05 4.343e-04 -1.000 2.384e-03 -1.740 1.030 -0.765 -1.684 -1.973 -2.131 -2.198
0.001 -1.19029 10.07918 0.8224800825 2.4263398647    0.680  2.644  3.6484  1.172    7  0.000  0.492    12.81     9.27     6.41     5.02     4.06  2 -3.92e-08      0.00 7.405e-01 2.572e-01 1.604e-04 6.109e-05 4.343e-04 -1.000 2.311e-03 -1.841 1.059 -0.812 -1.765 -2.066 -2.232 -2.303
0.001 -1.19029 10.07918 0.8224869967 2.4263422489    0.665  2.685  3.6451  1.109    7  0.000  0.484    14.57    10.33     7.10     5.58     4.51  2 -5.17e-08      0.00 7.405e-01 2.572e-01 1.576e-04 6.454e-05 4.343e-04 -1.000 2.300e-03 -1.942 1.057 -0.872 -1.851 -2.161 -2.333 -2.406
0.001 -1.19029 10.07918 0.8224936724 2.4263443947    0.646  2.725  3.6420  1.043    7  0.000  0.476    16.65    11.55     7.89     6.22     5.03  2 -6.97e-08      0.00 7.404e-01 2.573e-01 1.550e-04 6.759e-05 4.343e-04 -1.000 2.298e-03 -2.043 1.056 -0.932 -1.938 -2.256 -2.434 -2.510
0.001 -1.19029 10.07918 0.8225001693 2.4263465405    0.621  2.766  3.6392  0.974    7  0.000  0.469    19.14    12.96     8.80     6.95     5.63  1 -9.73e-08      0.00 7.404e-01 2.573e-01 1.529e-04 7.026e-05 4.343e-04 -1.000 2.277e-03 -2.146 1.051 -0.995 -2.027 -2.354 -2.537 -2.615
0.001 -1.19029 10.07918 0.8225061297 2.4263484478    0.588  2.807  3.6390  0.908    7  0.000  0.464    21.78    14.40     9.72     7.71     6.24  1 -1.41e-07      0.00 7.404e-01 2.574e-01 1.510e-04 7.257e-05 4.343e-04 -1.000 2.228e-03 -2.248 1.001 -1.080 -2.128 -2.459 -2.643 -2.721
0.001 -1.19029 10.07918 0.8225115538 2.4263501167    0.543  2.848  3.6464  0.862    7  0.000  0.458    23.62    15.32    10.30     8.19     6.63  1  -2.1e-07      0.00 7.403e-01 2.575e-01 1.492e-04 7.478e-05 4.342e-04 -1.000 2.218e-03 -2.351 0.772 -1.251 -2.267 -2.582 -2.754 -2.827
0.001 -1.19029 10.07918 0.8225140572 2.4263510704    0.509  2.869  3.6590  0.864    7  0.000  0.455    23.22    15.02    10.09     8.05     6.50  1 -2.55e-07      0.00 7.403e-01 2.575e-01 1.481e-04 7.610e-05 4.342e-04 -1.000 2.219e-03 -2.402 0.445 -1.431 -2.373 -2.661 -2.812 -2.876
0.001 -1.19029 10.07918 1.0934826136 2.4905769825    0.546 -9.999  3.5846  7.957    9  0.546  0.000     0.00     0.00     0.00     0.00     0.00 -1    -1e-30      0.00 7.277e-01 2.714e-01 1.348e-04 1.063e-04 4.391e-04 -1.000 9.460e-04 29.767 33.625 31.512 30.097 29.503 29.241 29.156
#isochrone terminated
